LCP


h
25

k
1

M_data
1,16,0,-1
1,17,0,2
1,18,0,2
1,19,0,-1
1,20,0,-2
1,21,0,2
1,24,0,-1
1,25,0,-1
2,16,0,-1
2,18,0,1
2,21,0,-1
2,22,0,2
2,23,0,2
2,24,0,1
3,16,0,2
3,17,0,-2
3,19,0,-1
3,20,0,1
3,21,0,2
3,22,0,1
3,23,0,1
3,24,0,-2
3,25,0,2
4,16,0,-1
4,17,0,-1
4,18,0,-1
4,19,0,-1
4,20,0,2
4,21,0,1
4,23,0,-1
4,24,0,1
4,25,0,1
5,16,0,-2
5,20,0,-1
5,21,0,-2
5,22,0,1
5,23,0,-1
5,25,0,2
6,16,0,-2
6,17,0,-1
6,18,0,-1
6,20,0,-2
6,21,0,1
6,23,0,1
6,24,0,2
7,16,0,-2
7,17,0,1
7,18,0,1
7,19,0,-2
7,20,0,1
7,21,0,2
7,22,0,-1
7,23,0,-1
7,24,0,1
7,25,0,-1
8,16,0,1
8,17,0,1
8,18,0,2
8,19,0,2
8,20,0,-1
8,21,0,-2
8,22,0,2
8,23,0,-2
8,24,0,1
8,25,0,-2
9,16,0,-1
9,17,0,-1
9,19,0,1
9,20,0,1
9,21,0,-2
9,22,0,2
9,23,0,1
9,24,0,2
9,25,0,-2
10,18,0,-1
10,19,0,1
10,20,0,-2
10,21,0,-1
10,23,0,1
10,25,0,-1
11,16,0,-2
11,17,0,-1
11,18,0,-1
11,20,0,-1
11,21,0,-2
11,22,0,-1
11,23,0,1
11,24,0,-2
11,25,0,2
12,16,0,1
12,17,0,-1
12,18,0,-2
12,19,0,2
12,20,0,1
12,22,0,2
12,23,0,1
12,25,0,1
13,17,0,1
13,18,0,1
13,19,0,-2
13,20,0,1
13,21,0,-1
13,22,0,1
13,23,0,-2
13,24,0,-1
13,25,0,2
14,16,0,2
14,17,0,2
14,18,0,-2
14,19,0,2
14,21,0,2
14,22,0,-2
14,23,0,-1
14,24,0,-1
14,25,0,2
15,17,0,-1
15,18,0,-2
15,19,0,2
15,21,0,-1
15,22,0,-2
15,23,0,-1
15,24,0,2
15,25,0,-2
16,1,0,1
16,2,0,1
16,3,0,-2
16,4,0,1
16,5,0,2
16,6,0,2
16,7,0,2
16,8,0,-1
16,9,0,1
16,11,0,2
16,12,0,-1
16,14,0,-2
16,16,0,8
16,16,1,6
16,17,0,6
16,17,1,2
16,18,0,-1
16,18,1,-8
16,19,0,-5
16,19,1,1
16,20,0,5
16,20,1,-2
16,21,1,-8
16,22,0,4
16,22,1,-6
16,23,1,-2
16,24,0,4
16,24,1,-13
16,25,0,1
16,25,1,1
17,1,0,-2
17,3,0,2
17,4,0,1
17,6,0,1
17,7,0,-1
17,8,0,-1
17,9,0,1
17,11,0,1
17,12,0,1
17,13,0,-1
17,14,0,-2
17,15,0,1
17,16,0,6
17,16,1,2
17,17,0,18
17,17,1,3
17,18,0,2
17,18,1,-12
17,19,1,3
17,20,0,-1
17,20,1,-1
17,21,0,-7
17,21,1,5
17,22,0,1
17,22,1,4
17,23,0,3
17,24,0,1
17,24,1,-10
17,25,0,-1
17,25,1,3
18,1,0,-2
18,2,0,-1
18,4,0,1
18,6,0,1
18,7,0,-1
18,8,0,-2
18,10,0,1
18,11,0,1
18,12,0,2
18,13,0,-1
18,14,0,2
18,15,0,2
18,16,0,-1
18,16,1,-8
18,17,0,2
18,17,1,-12
18,18,0,15
18,19,0,3
18,19,1,-7
18,20,0,-5
18,20,1,6
18,21,0,-2
18,21,1,5
18,22,0,-4
18,22,1,5
18,23,0,-2
18,23,1,1
18,24,0,-4
18,24,1,10
18,25,1,7
19,1,0,1
19,3,0,1
19,4,0,1
19,7,0,2
19,8,0,-2
19,9,0,-1
19,10,0,-1
19,12,0,-2
19,13,0,2
19,14,0,-2
19,15,0,-2
19,16,0,-5
19,16,1,1
19,17,1,3
19,18,0,3
19,18,1,-7
19,19,0,11
19,19,1,4
19,20,0,-4
19,20,1,-1
19,21,0,-5
19,21,1,6
19,22,0,-5
19,22,1,13
19,23,0,5
19,23,1,-3
19,24,0,-5
19,24,1,10
19,25,0,3
19,25,1,-10
20,1,0,2
20,3,0,-1
20,4,0,-2
20,5,0,1
20,6,0,2
20,7,0,-1
20,8,0,1
20,9,0,-1
20,10,0,2
20,11,0,1
20,12,0,-1
20,13,0,-1
20,16,0,5
20,16,1,-2
20,17,0,-1
20,17,1,-1
20,18,0,-5
20,18,1,6
20,19,0,-4
20,19,1,-1
20,20,0,11
20,20,1,16
20,21,0,3
20,21,1,-16
20,22,0,8
20,22,1,-10
20,23,0,2
20,23,1,-11
20,24,0,4
20,24,1,-1
20,25,1,4
21,1,0,-2
21,2,0,1
21,3,0,-2
21,4,0,-1
21,5,0,2
21,6,0,-1
21,7,0,-2
21,8,0,2
21,9,0,2
21,10,0,1
21,11,0,2
21,13,0,1
21,14,0,-2
21,15,0,1
21,16,1,-8
21,17,0,-7
21,17,1,5
21,18,0,-2
21,18,1,5
21,19,0,-5
21,19,1,6
21,20,0,3
21,20,1,-16
21,21,0,19
21,21,1,-2
21,22,0,-1
21,22,1,3
21,23,0,-9
21,23,1,17
21,24,1,4
21,25,0,1
21,25,1,-8
22,2,0,-2
22,3,0,-1
22,5,0,-1
22,7,0,1
22,8,0,-2
22,9,0,-2
22,11,0,1
22,12,0,-2
22,13,0,-1
22,14,0,2
22,15,0,2
22,16,0,4
22,16,1,-6
22,17,0,1
22,17,1,4
22,18,0,-4
22,18,1,5
22,19,0,-5
22,19,1,13
22,20,0,8
22,20,1,-10
22,21,0,-1
22,21,1,3
22,22,0,14
22,22,1,-2
22,23,0,-2
22,23,1,5
22,24,0,10
22,24,1,-4
22,25,0,-6
22,25,1,5
23,2,0,-2
23,3,0,-1
23,4,0,1
23,5,0,1
23,6,0,-1
23,7,0,1
23,8,0,2
23,9,0,-1
23,10,0,-1
23,11,0,-1
23,12,0,-1
23,13,0,2
23,14,0,1
23,15,0,1
23,16,1,-2
23,17,0,3
23,18,0,-2
23,18,1,1
23,19,0,5
23,19,1,-3
23,20,0,2
23,20,1,-11
23,21,0,-9
23,21,1,17
23,22,0,-2
23,22,1,5
23,23,0,14
23,23,1,-1
23,24,0,-2
23,24,1,4
23,25,0,4
23,25,1,-3
24,1,0,1
24,2,0,-1
24,3,0,2
24,4,0,-1
24,6,0,-2
24,7,0,-1
24,8,0,-1
24,9,0,-2
24,11,0,2
24,13,0,1
24,14,0,1
24,15,0,-2
24,16,0,4
24,16,1,-13
24,17,0,1
24,17,1,-10
24,18,0,-4
24,18,1,10
24,19,0,-5
24,19,1,10
24,20,0,4
24,20,1,-1
24,21,1,4
24,22,0,10
24,22,1,-4
24,23,0,-2
24,23,1,4
24,24,0,16
24,25,0,-6
24,25,1,1
25,1,0,1
25,3,0,-2
25,4,0,-1
25,5,0,-2
25,7,0,1
25,8,0,2
25,9,0,2
25,10,0,1
25,11,0,-2
25,12,0,-1
25,13,0,-2
25,14,0,-2
25,15,0,2
25,16,0,1
25,16,1,1
25,17,0,-1
25,17,1,3
25,18,1,7
25,19,0,3
25,19,1,-10
25,20,1,4
25,21,0,1
25,21,1,-8
25,22,0,-6
25,22,1,5
25,23,0,4
25,23,1,-3
25,24,0,-6
25,24,1,1
25,25,0,7
25,25,1,9

q_data
1,0,3
2,0,-1
5,0,4
6,0,3
7,0,3
8,0,-7
9,0,-1
10,0,2
11,0,12
12,0,-8
13,0,1
14,0,-12
15,0,-1
16,0,2
17,1,2
18,0,2
18,1,-2
19,0,-1
19,1,2
20,0,2
20,1,-4
22,0,1
22,1,-3
23,1,1
24,1,1
25,0,-1

Param_Space
1,1,-1
2,1,1

Param_Space_RHS
0
1

END
