LCP


h
100

k
1

M_data
1,1,0,94
1,2,0,-1
1,3,0,-2
1,4,0,14
1,5,0,1
1,6,0,-2
1,8,0,3
1,9,0,-12
1,10,0,8
1,11,0,15
1,13,0,-2
1,14,0,-8
1,15,0,-4
1,16,0,-13
1,17,0,16
1,18,0,-15
1,19,0,15
1,21,0,-7
1,22,0,3
1,24,0,-18
1,26,0,-8
1,27,0,-4
1,28,0,5
1,29,0,5
1,30,0,-12
1,31,0,7
1,32,0,-23
1,33,0,19
1,34,0,-16
1,35,0,13
1,36,0,1
1,37,0,13
1,38,0,5
1,39,0,2
1,40,0,-13
1,41,0,10
1,42,0,-20
1,43,0,10
1,44,0,5
1,45,0,4
1,46,0,-20
1,47,0,14
1,48,0,4
1,49,0,7
1,50,0,-3
1,51,0,-2
1,52,0,17
1,53,0,6
1,54,0,17
1,55,0,-7
1,56,0,32
1,57,0,7
1,58,0,4
1,59,0,-24
1,60,0,32
1,61,0,-4
1,62,0,13
1,63,0,3
1,64,0,8
1,65,0,-4
1,66,0,1
1,67,0,1
1,68,0,1
1,69,0,1
1,70,0,1
1,71,0,1
2,1,0,-1
2,2,0,83
2,3,0,-3
2,4,0,18
2,5,0,2
2,6,0,-5
2,8,0,-2
2,9,0,-3
2,10,0,-17
2,11,0,-6
2,12,0,7
2,13,0,-5
2,14,0,-7
2,15,0,-2
2,17,0,-12
2,18,0,4
2,19,0,1
2,20,0,-12
2,21,0,7
2,22,0,2
2,23,0,10
2,24,0,-3
2,25,0,-5
2,26,0,-1
2,27,0,-6
2,28,0,11
2,29,0,-5
2,30,0,16
2,31,0,-6
2,32,0,16
2,33,0,-1
2,34,0,8
2,35,0,11
2,36,0,6
2,37,0,8
2,38,0,-8
2,39,0,-10
2,40,0,-3
2,41,0,3
2,42,0,3
2,43,0,-13
2,45,0,21
2,46,0,-9
2,47,0,-12
2,48,0,15
2,49,0,-34
2,50,0,3
2,51,0,2
2,52,0,12
2,53,0,-2
2,54,0,-6
2,55,0,12
2,56,0,-8
2,57,0,-5
2,58,0,3
2,59,0,3
2,60,0,-10
2,61,0,-3
2,62,0,9
2,63,0,-10
2,64,0,-3
2,65,0,-7
2,72,0,1
3,1,0,-2
3,2,0,-3
3,3,0,88
3,4,0,-15
3,5,0,-3
3,6,0,17
3,7,0,-8
3,8,0,11
3,9,0,-7
3,10,0,20
3,11,0,18
3,12,0,10
3,13,0,-1
3,14,0,-22
3,15,0,-2
3,16,0,-10
3,17,0,-3
3,18,0,13
3,19,0,7
3,20,0,6
3,21,0,3
3,22,0,2
3,23,0,-25
3,24,0,1
3,25,0,1
3,26,0,3
3,27,0,-5
3,28,0,-1
3,29,0,12
3,30,0,5
3,31,0,17
3,32,0,-16
3,33,0,-8
3,34,0,-5
3,35,0,5
3,36,0,18
3,37,0,4
3,38,0,7
3,39,0,-8
3,40,0,14
3,41,0,-10
3,42,0,4
3,43,0,-12
3,44,0,3
3,45,0,3
3,46,0,-2
3,47,0,10
3,48,0,3
3,49,0,9
3,50,0,10
3,51,0,5
3,52,0,17
3,53,0,1
3,54,0,-5
3,55,0,-18
3,56,0,8
3,57,0,-4
3,58,0,11
3,59,0,-7
3,61,0,-13
3,62,0,13
3,63,0,-21
3,64,0,-16
3,65,0,-4
3,73,0,1
4,1,0,14
4,2,0,18
4,3,0,-15
4,4,0,96
4,5,0,17
4,6,0,9
4,7,0,-15
4,8,0,6
4,9,0,12
4,10,0,2
4,11,0,9
4,12,0,1
4,13,0,-17
4,14,0,-3
4,15,0,21
4,16,0,-1
4,17,0,4
4,18,0,-13
4,19,0,-10
4,20,0,1
4,21,0,-3
4,22,0,-3
4,23,0,-4
4,24,0,1
4,25,0,6
4,26,0,6
4,27,0,12
4,28,0,9
4,30,0,16
4,31,0,-17
4,32,0,12
4,33,0,3
4,35,0,6
4,36,0,5
4,37,0,-4
4,38,0,6
4,39,0,-12
4,40,0,6
4,41,0,-24
4,42,0,-20
4,43,0,-4
4,44,0,-3
4,45,0,13
4,46,0,-10
4,47,0,-10
4,48,0,-9
4,49,0,4
4,51,0,-11
4,52,0,2
4,53,0,-6
4,54,0,12
4,55,0,6
4,56,0,-1
4,57,0,-25
4,59,0,-12
4,60,0,25
4,61,0,19
4,62,0,-3
4,63,0,2
4,64,0,21
4,65,0,2
4,74,0,1
5,1,0,1
5,2,0,2
5,3,0,-3
5,4,0,17
5,5,0,71
5,6,0,-4
5,7,0,-9
5,8,0,-10
5,9,0,-7
5,10,0,-1
5,11,0,-4
5,12,0,14
5,13,0,-16
5,14,0,1
5,15,0,3
5,16,0,-7
5,17,0,-14
5,18,0,-1
5,19,0,-20
5,20,0,13
5,21,0,4
5,22,0,-8
5,23,0,5
5,24,0,-6
5,25,0,-12
5,26,0,-2
5,27,0,8
5,28,0,-5
5,29,0,12
5,30,0,-6
5,31,0,2
5,32,0,4
5,33,0,11
5,34,0,-5
5,36,0,-2
5,37,0,4
5,38,0,7
5,39,0,-13
5,40,0,6
5,41,0,-4
5,42,0,1
5,43,0,13
5,44,0,-7
5,45,0,-10
5,46,0,-3
5,47,0,10
5,48,0,6
5,49,0,-2
5,50,0,7
5,51,0,-12
5,52,0,-14
5,53,0,-11
5,54,0,-12
5,55,0,-3
5,56,0,5
5,57,0,-8
5,58,0,-1
5,59,0,-21
5,60,0,-2
5,61,0,4
5,62,0,-4
5,63,0,-1
5,64,0,11
5,65,0,15
5,75,0,1
6,1,0,-2
6,2,0,-5
6,3,0,17
6,4,0,9
6,5,0,-4
6,6,0,105
6,7,0,-1
6,8,0,-3
6,9,0,-3
6,10,0,-12
6,11,0,31
6,12,0,9
6,13,0,-21
6,14,0,-3
6,15,0,29
6,16,0,12
6,17,0,20
6,18,0,-18
6,19,0,-13
6,20,0,-4
6,21,0,-18
6,22,0,-11
6,23,0,2
6,24,0,9
6,25,0,-1
6,26,0,5
6,27,0,30
6,28,0,-20
6,29,0,13
6,30,0,17
6,31,0,23
6,32,0,6
6,33,0,-17
6,35,0,-18
6,36,0,-18
6,37,0,2
6,38,0,20
6,39,0,2
6,40,0,14
6,41,0,7
6,42,0,4
6,43,0,-8
6,44,0,6
6,45,0,-2
6,46,0,14
6,47,0,7
6,48,0,7
6,49,0,6
6,50,0,-17
6,51,0,-13
6,52,0,9
6,53,0,-6
6,54,0,8
6,55,0,-8
6,56,0,3
6,57,0,-2
6,58,0,-1
6,59,0,-7
6,60,0,11
6,61,0,9
6,62,0,-5
6,63,0,-8
6,64,0,-6
6,65,0,26
6,76,0,1
7,3,0,-8
7,4,0,-15
7,5,0,-9
7,6,0,-1
7,7,0,105
7,8,0,-11
7,9,0,4
7,10,0,1
7,11,0,5
7,12,0,1
7,13,0,14
7,14,0,17
7,15,0,-32
7,16,0,-2
7,17,0,-2
7,18,0,-17
7,19,0,-13
7,20,0,11
7,21,0,5
7,22,0,9
7,23,0,-5
7,25,0,-2
7,26,0,16
7,27,0,2
7,28,0,-4
7,29,0,20
7,30,0,-10
7,31,0,7
7,32,0,-18
7,33,0,-9
7,34,0,9
7,35,0,-5
7,36,0,-12
7,37,0,-25
7,38,0,6
7,39,0,-17
7,40,0,10
7,41,0,-2
7,42,0,7
7,43,0,-1
7,44,0,13
7,45,0,-14
7,46,0,17
7,47,0,8
7,48,0,8
7,49,0,11
7,50,0,7
7,51,0,6
7,52,0,-1
7,53,0,-3
7,54,0,-11
7,55,0,18
7,56,0,-27
7,57,0,-30
7,58,0,-6
7,59,0,13
7,60,0,-22
7,61,0,-12
7,62,0,17
7,63,0,45
7,64,0,-12
7,65,0,12
7,77,0,1
8,1,0,3
8,2,0,-2
8,3,0,11
8,4,0,6
8,5,0,-10
8,6,0,-3
8,7,0,-11
8,8,0,97
8,9,0,8
8,10,0,3
8,11,0,13
8,12,0,22
8,13,0,-12
8,14,0,17
8,16,0,-17
8,17,0,-10
8,18,0,1
8,19,0,10
8,20,0,6
8,21,0,-32
8,22,0,12
8,24,0,-6
8,25,0,5
8,26,0,23
8,27,0,16
8,28,0,-6
8,29,0,-16
8,30,0,-3
8,31,0,10
8,32,0,-5
8,34,0,16
8,35,0,11
8,36,0,4
8,37,0,3
8,38,0,1
8,39,0,-20
8,40,0,-4
8,41,0,-11
8,42,0,-6
8,43,0,-21
8,44,0,-5
8,45,0,5
8,46,0,-14
8,47,0,2
8,48,0,8
8,49,0,5
8,50,0,-28
8,51,0,5
8,52,0,-18
8,53,0,-9
8,54,0,1
8,55,0,18
8,57,0,6
8,58,0,13
8,59,0,-2
8,60,0,5
8,61,0,6
8,62,0,-28
8,63,0,1
8,64,0,-9
8,65,0,-25
8,78,0,1
9,1,0,-12
9,2,0,-3
9,3,0,-7
9,4,0,12
9,5,0,-7
9,6,0,-3
9,7,0,4
9,8,0,8
9,9,0,98
9,10,0,3
9,11,0,26
9,12,0,6
9,13,0,11
9,14,0,14
9,15,0,-4
9,16,0,11
9,17,0,-4
9,18,0,-12
9,19,0,2
9,20,0,19
9,21,0,11
9,22,0,-4
9,23,0,-11
9,24,0,5
9,25,0,18
9,26,0,15
9,27,0,-2
9,28,0,-12
9,29,0,5
9,30,0,-16
9,31,0,-15
9,32,0,19
9,34,0,15
9,35,0,6
9,36,0,11
9,37,0,-13
9,38,0,4
9,39,0,-16
9,40,0,-3
9,41,0,-20
9,42,0,15
9,43,0,-11
9,44,0,-15
9,45,0,4
9,46,0,19
9,47,0,-10
9,48,0,10
9,49,0,18
9,50,0,-11
9,51,0,-3
9,52,0,-16
9,53,0,-9
9,54,0,4
9,55,0,8
9,56,0,-19
9,57,0,1
9,58,0,-2
9,60,0,-2
9,61,0,6
9,62,0,-24
9,63,0,-20
9,65,0,-5
9,79,0,1
10,1,0,8
10,2,0,-17
10,3,0,20
10,4,0,2
10,5,0,-1
10,6,0,-12
10,7,0,1
10,8,0,3
10,9,0,3
10,10,0,113
10,11,0,9
10,12,0,12
10,13,0,2
10,14,0,7
10,15,0,-11
10,16,0,-17
10,17,0,17
10,18,0,-1
10,19,0,24
10,20,0,-7
10,21,0,-19
10,22,0,-22
10,23,0,-18
10,24,0,-15
10,25,0,-10
10,26,0,-10
10,27,0,10
10,28,0,-22
10,29,0,-9
10,30,0,15
10,31,0,-9
10,32,0,3
10,33,0,-7
10,34,0,-6
10,35,0,-25
10,36,0,-13
10,38,0,15
10,39,0,-14
10,40,0,9
10,41,0,-4
10,42,0,-12
10,43,0,13
10,44,0,3
10,45,0,-11
10,46,0,-2
10,47,0,-1
10,48,0,7
10,49,0,31
10,50,0,10
10,51,0,8
10,52,0,18
10,53,0,-14
10,54,0,18
10,55,0,11
10,56,0,13
10,57,0,-33
10,58,0,9
10,59,0,8
10,60,0,6
10,61,0,-4
10,62,0,-8
10,63,0,-4
10,64,0,-10
10,65,0,14
10,80,0,1
11,1,0,15
11,2,0,-6
11,3,0,18
11,4,0,9
11,5,0,-4
11,6,0,31
11,7,0,5
11,8,0,13
11,9,0,26
11,10,0,9
11,11,0,104
11,12,0,12
11,13,0,-9
11,14,0,11
11,15,0,-5
11,16,0,-7
11,17,0,6
11,18,0,-32
11,19,0,4
11,20,0,-15
11,21,0,-7
11,22,0,1
11,24,0,-5
11,25,0,-11
11,26,0,-8
11,27,0,-3
11,28,0,-8
11,29,0,29
11,30,0,-12
11,31,0,23
11,32,0,-14
11,33,0,19
11,34,0,15
11,35,0,18
11,36,0,4
11,37,0,16
11,38,0,12
11,39,0,-36
11,40,0,4
11,41,0,-4
11,42,0,6
11,43,0,-14
11,44,0,4
11,45,0,-9
11,46,0,22
11,47,0,5
11,48,0,19
11,49,0,8
11,50,0,-18
11,51,0,-24
11,52,0,-2
11,53,0,9
11,54,0,12
11,56,0,15
11,57,0,22
11,58,0,13
11,59,0,-2
11,60,0,8
11,61,0,12
11,62,0,-11
11,63,0,-10
11,64,0,8
11,65,0,12
11,81,0,1
12,2,0,7
12,3,0,10
12,4,0,1
12,5,0,14
12,6,0,9
12,7,0,1
12,8,0,22
12,9,0,6
12,10,0,12
12,11,0,12
12,12,0,96
12,13,0,12
12,14,0,10
12,15,0,11
12,16,0,-11
12,18,0,1
12,19,0,3
12,20,0,13
12,21,0,-10
12,22,0,1
12,23,0,-5
12,24,0,10
12,25,0,-6
12,26,0,17
12,27,0,18
12,28,0,-20
12,29,0,-15
12,30,0,-2
12,31,0,3
12,32,0,5
12,33,0,15
12,34,0,9
12,35,0,-5
12,36,0,11
12,37,0,11
12,38,0,7
12,39,0,-26
12,41,0,-12
12,42,0,-20
12,43,0,1
12,44,0,1
12,45,0,18
12,46,0,7
12,47,0,13
12,48,0,16
12,50,0,4
12,51,0,-7
12,52,0,7
12,53,0,-27
12,54,0,10
12,55,0,-18
12,56,0,10
12,57,0,-15
12,58,0,10
12,59,0,-18
12,60,0,14
12,61,0,-11
12,62,0,-22
12,63,0,16
12,64,0,-1
12,65,0,8
12,82,0,1
13,1,0,-2
13,2,0,-5
13,3,0,-1
13,4,0,-17
13,5,0,-16
13,6,0,-21
13,7,0,14
13,8,0,-12
13,9,0,11
13,10,0,2
13,11,0,-9
13,12,0,12
13,13,0,84
13,14,0,18
13,15,0,-5
13,16,0,24
13,17,0,10
13,18,0,-3
13,19,0,21
13,20,0,-2
13,21,0,18
13,22,0,25
13,23,0,2
13,24,0,9
13,25,0,6
13,26,0,-5
13,27,0,-18
13,28,0,-6
13,29,0,-8
13,30,0,-2
13,31,0,-25
13,32,0,-6
13,33,0,5
13,34,0,6
13,35,0,-10
13,36,0,6
13,37,0,-7
13,38,0,-3
13,39,0,6
13,40,0,6
13,41,0,-4
13,42,0,-2
13,43,0,9
13,44,0,-4
13,45,0,8
13,46,0,-12
13,47,0,-19
13,48,0,-5
13,49,0,13
13,50,0,4
13,51,0,-1
13,52,0,16
13,53,0,-3
13,54,0,-16
13,55,0,5
13,56,0,9
13,57,0,-5
13,58,0,3
13,59,0,14
13,60,0,-7
13,61,0,-16
13,63,0,17
13,64,0,-7
13,65,0,-10
13,83,0,1
14,1,0,-8
14,2,0,-7
14,3,0,-22
14,4,0,-3
14,5,0,1
14,6,0,-3
14,7,0,17
14,8,0,17
14,9,0,14
14,10,0,7
14,11,0,11
14,12,0,10
14,13,0,18
14,14,0,99
14,15,0,-24
14,16,0,-2
14,17,0,-18
14,18,0,-23
14,19,0,-10
14,20,0,-10
14,21,0,2
14,22,0,5
14,23,0,13
14,24,0,-8
14,25,0,-3
14,26,0,10
14,27,0,5
14,28,0,-35
14,29,0,7
14,30,0,-20
14,31,0,-22
14,32,0,3
14,33,0,-3
14,34,0,30
14,35,0,-10
14,36,0,-9
14,37,0,-42
14,38,0,21
14,39,0,-6
14,40,0,-6
14,41,0,11
14,42,0,10
14,43,0,19
14,44,0,3
14,45,0,-23
14,46,0,-9
14,47,0,-9
14,48,0,4
14,49,0,6
14,50,0,-17
14,52,0,-30
14,54,0,-7
14,55,0,15
14,57,0,8
14,58,0,1
14,59,0,10
14,60,0,-16
14,61,0,-9
14,62,0,-2
14,63,0,12
14,64,0,-2
14,65,0,10
14,84,0,1
15,1,0,-4
15,2,0,-2
15,3,0,-2
15,4,0,21
15,5,0,3
15,6,0,29
15,7,0,-32
15,9,0,-4
15,10,0,-11
15,11,0,-5
15,12,0,11
15,13,0,-5
15,14,0,-24
15,15,0,97
15,16,0,10
15,17,0,29
15,18,0,-2
15,20,0,-10
15,21,0,-13
15,22,0,-2
15,23,0,-2
15,24,0,10
15,25,0,10
15,26,0,-4
15,27,0,18
15,28,0,10
15,29,0,-20
15,30,0,7
15,31,0,-17
15,32,0,-1
15,33,0,-19
15,34,0,4
15,35,0,-8
15,36,0,14
15,37,0,11
15,38,0,-18
15,39,0,2
15,40,0,-3
15,41,0,-13
15,42,0,-10
15,43,0,2
15,44,0,4
15,45,0,14
15,46,0,-9
15,47,0,-8
15,48,0,4
15,49,0,19
15,50,0,-3
15,51,0,-15
15,52,0,15
15,53,0,-5
15,54,0,26
15,56,0,7
15,57,0,-3
15,58,0,9
15,59,0,-13
15,60,0,27
15,61,0,8
15,62,0,-19
15,63,0,-21
15,64,0,3
15,65,0,20
15,85,0,1
16,1,0,-13
16,3,0,-10
16,4,0,-1
16,5,0,-7
16,6,0,12
16,7,0,-2
16,8,0,-17
16,9,0,11
16,10,0,-17
16,11,0,-7
16,12,0,-11
16,13,0,24
16,14,0,-2
16,15,0,10
16,16,0,98
16,17,0,-6
16,18,0,-4
16,19,0,-7
16,20,0,-3
16,21,0,33
16,22,0,2
16,23,0,-1
16,24,0,6
16,25,0,1
16,26,0,2
16,27,0,1
16,28,0,-9
16,29,0,2
16,30,0,-6
16,31,0,-19
16,32,0,19
16,33,0,-8
16,34,0,1
16,36,0,11
16,37,0,-3
16,38,0,-21
16,39,0,2
16,40,0,7
16,41,0,10
16,42,0,-3
16,43,0,-9
16,44,0,-13
16,45,0,4
16,46,0,-6
16,47,0,-5
16,48,0,2
16,49,0,-8
16,50,0,-3
16,51,0,-16
16,52,0,-6
16,53,0,15
16,54,0,6
16,56,0,1
16,57,0,-1
16,59,0,7
16,60,0,6
16,61,0,14
16,62,0,-3
16,63,0,-17
16,64,0,-8
16,65,0,26
16,86,0,1
17,1,0,16
17,2,0,-12
17,3,0,-3
17,4,0,4
17,5,0,-14
17,6,0,20
17,7,0,-2
17,8,0,-10
17,9,0,-4
17,10,0,17
17,11,0,6
17,13,0,10
17,14,0,-18
17,15,0,29
17,16,0,-6
17,17,0,90
17,18,0,-5
17,19,0,12
17,20,0,-23
17,21,0,-7
17,22,0,-1
17,23,0,5
17,24,0,5
17,25,0,-5
17,26,0,5
17,27,0,4
17,28,0,-9
17,29,0,-17
17,30,0,29
17,31,0,-5
17,32,0,-2
17,33,0,-17
17,34,0,-7
17,35,0,-4
17,36,0,1
17,37,0,14
17,38,0,10
17,39,0,12
17,40,0,5
17,41,0,15
17,42,0,-2
17,43,0,-14
17,44,0,-14
17,45,0,-7
17,46,0,5
17,47,0,4
17,48,0,6
17,49,0,11
17,50,0,-8
17,51,0,-3
17,52,0,37
17,53,0,-5
17,54,0,4
17,55,0,-5
17,56,0,8
17,57,0,-10
17,58,0,5
17,59,0,-13
17,60,0,8
17,61,0,27
17,62,0,5
17,63,0,9
17,65,0,-1
17,87,0,1
18,1,0,-15
18,2,0,4
18,3,0,13
18,4,0,-13
18,5,0,-1
18,6,0,-18
18,7,0,-17
18,8,0,1
18,9,0,-12
18,10,0,-1
18,11,0,-32
18,12,0,1
18,13,0,-3
18,14,0,-23
18,15,0,-2
18,16,0,-4
18,17,0,-5
18,18,0,97
18,19,0,8
18,20,0,-10
18,21,0,-6
18,22,0,-1
18,23,0,-16
18,24,0,-5
18,25,0,15
18,27,0,-6
18,28,0,7
18,29,0,-16
18,30,0,35
18,31,0,-1
18,32,0,-1
18,33,0,-4
18,34,0,-11
18,35,0,1
18,36,0,10
18,37,0,17
18,38,0,-1
18,39,0,-1
18,40,0,-7
18,41,0,-9
18,42,0,13
18,43,0,-7
18,44,0,-25
18,45,0,20
18,46,0,11
18,47,0,5
18,48,0,-6
18,49,0,-4
18,50,0,28
18,51,0,1
18,52,0,20
18,53,0,1
18,54,0,-6
18,55,0,-13
18,57,0,-9
18,58,0,1
18,59,0,14
18,60,0,-4
18,61,0,3
18,62,0,-3
18,63,0,-24
18,64,0,-2
18,65,0,-6
18,88,0,1
19,1,0,15
19,2,0,1
19,3,0,7
19,4,0,-10
19,5,0,-20
19,6,0,-13
19,7,0,-13
19,8,0,10
19,9,0,2
19,10,0,24
19,11,0,4
19,12,0,3
19,13,0,21
19,14,0,-10
19,16,0,-7
19,17,0,12
19,18,0,8
19,19,0,113
19,20,0,-17
19,21,0,-1
19,22,0,28
19,23,0,6
19,24,0,-4
19,25,0,-1
19,26,0,-23
19,27,0,-11
19,28,0,20
19,29,0,-29
19,30,0,9
19,31,0,-14
19,32,0,-9
19,33,0,-3
19,34,0,-4
19,35,0,2
19,36,0,-2
19,37,0,-2
19,38,0,11
19,39,0,15
19,40,0,-15
19,41,0,-5
19,42,0,-15
19,44,0,-27
19,45,0,31
19,46,0,10
19,47,0,-22
19,48,0,-8
19,49,0,24
19,50,0,14
19,51,0,4
19,52,0,39
19,53,0,-13
19,54,0,24
19,55,0,-10
19,56,0,33
19,57,0,14
19,58,0,8
19,59,0,11
19,60,0,2
19,61,0,-12
19,62,0,-10
19,64,0,12
19,65,0,-14
19,89,0,1
20,2,0,-12
20,3,0,6
20,4,0,1
20,5,0,13
20,6,0,-4
20,7,0,11
20,8,0,6
20,9,0,19
20,10,0,-7
20,11,0,-15
20,12,0,13
20,13,0,-2
20,14,0,-10
20,15,0,-10
20,16,0,-3
20,17,0,-23
20,18,0,-10
20,19,0,-17
20,20,0,91
20,21,0,-1
20,22,0,2
20,23,0,-2
20,24,0,-5
20,25,0,1
20,26,0,14
20,27,0,9
20,28,0,3
20,29,0,3
20,30,0,-18
20,31,0,-16
20,32,0,-9
20,33,0,-12
20,34,0,-1
20,35,0,-18
20,36,0,10
20,37,0,-15
20,38,0,-7
20,39,0,-12
20,40,0,6
20,41,0,-18
20,42,0,3
20,43,0,16
20,44,0,15
20,45,0,4
20,46,0,-4
20,47,0,20
20,48,0,5
20,49,0,-7
20,50,0,12
20,51,0,11
20,52,0,-36
20,53,0,-5
20,54,0,-20
20,55,0,-8
20,56,0,-9
20,57,0,-28
20,58,0,-15
20,59,0,-4
20,60,0,1
20,61,0,-22
20,62,0,-5
20,63,0,12
20,64,0,-2
20,65,0,-1
20,90,0,1
21,1,0,-7
21,2,0,7
21,3,0,3
21,4,0,-3
21,5,0,4
21,6,0,-18
21,7,0,5
21,8,0,-32
21,9,0,11
21,10,0,-19
21,11,0,-7
21,12,0,-10
21,13,0,18
21,14,0,2
21,15,0,-13
21,16,0,33
21,17,0,-7
21,18,0,-6
21,19,0,-1
21,20,0,-1
21,21,0,80
21,22,0,-1
21,23,0,9
21,24,0,6
21,25,0,-4
21,26,0,-6
21,27,0,-24
21,28,0,4
21,29,0,-5
21,30,0,2
21,31,0,-7
21,32,0,5
21,33,0,-1
21,34,0,4
21,35,0,18
21,36,0,31
21,37,0,-5
21,38,0,-13
21,39,0,1
21,40,0,9
21,41,0,3
21,42,0,-5
21,43,0,-1
21,44,0,-6
21,45,0,-12
21,46,0,-9
21,47,0,-8
21,48,0,5
21,49,0,-10
21,51,0,-9
21,52,0,7
21,53,0,6
21,54,0,-10
21,56,0,6
21,57,0,-3
21,58,0,-10
21,59,0,12
21,60,0,-14
21,62,0,19
21,63,0,1
21,64,0,19
21,65,0,7
21,91,0,1
22,1,0,3
22,2,0,2
22,3,0,2
22,4,0,-3
22,5,0,-8
22,6,0,-11
22,7,0,9
22,8,0,12
22,9,0,-4
22,10,0,-22
22,11,0,1
22,12,0,1
22,13,0,25
22,14,0,5
22,15,0,-2
22,16,0,2
22,17,0,-1
22,18,0,-1
22,19,0,28
22,20,0,2
22,21,0,-1
22,22,0,93
22,23,0,-8
22,24,0,21
22,25,0,8
22,26,0,6
22,28,0,10
22,29,0,-17
22,30,0,-3
22,31,0,-21
22,32,0,-12
22,33,0,-1
22,34,0,1
22,35,0,4
22,36,0,7
22,37,0,1
22,38,0,13
22,39,0,-17
22,40,0,2
22,41,0,6
22,42,0,13
22,43,0,-14
22,44,0,8
22,45,0,32
22,46,0,6
22,47,0,2
22,48,0,12
22,49,0,6
22,50,0,6
22,51,0,-13
22,53,0,-10
22,54,0,-22
22,55,0,23
22,56,0,7
22,57,0,13
22,58,0,21
22,59,0,6
22,60,0,-6
22,61,0,6
22,62,0,-1
22,63,0,27
22,64,0,-19
22,65,0,-22
22,92,0,1
23,2,0,10
23,3,0,-25
23,4,0,-4
23,5,0,5
23,6,0,2
23,7,0,-5
23,9,0,-11
23,10,0,-18
23,12,0,-5
23,13,0,2
23,14,0,13
23,15,0,-2
23,16,0,-1
23,17,0,5
23,18,0,-16
23,19,0,6
23,20,0,-2
23,21,0,9
23,22,0,-8
23,23,0,103
23,24,0,-17
23,25,0,-12
23,26,0,-6
23,27,0,-8
23,28,0,-1
23,29,0,-4
23,30,0,9
23,31,0,15
23,32,0,3
23,33,0,9
23,34,0,26
23,35,0,-15
23,36,0,-5
23,37,0,12
23,38,0,5
23,39,0,28
23,41,0,6
23,42,0,-3
23,43,0,5
23,44,0,13
23,45,0,-21
23,46,0,-18
23,47,0,-19
23,48,0,-8
23,49,0,-35
23,50,0,-34
23,51,0,-2
23,52,0,3
23,53,0,6
23,54,0,2
23,55,0,-7
23,56,0,7
23,57,0,10
23,58,0,-3
23,60,0,-1
23,61,0,21
23,62,0,-13
23,63,0,1
23,64,0,13
23,65,0,1
23,93,0,1
24,1,0,-18
24,2,0,-3
24,3,0,1
24,4,0,1
24,5,0,-6
24,6,0,9
24,8,0,-6
24,9,0,5
24,10,0,-15
24,11,0,-5
24,12,0,10
24,13,0,9
24,14,0,-8
24,15,0,10
24,16,0,6
24,17,0,5
24,18,0,-5
24,19,0,-4
24,20,0,-5
24,21,0,6
24,22,0,21
24,23,0,-17
24,24,0,103
24,25,0,6
24,26,0,19
24,27,0,1
24,28,0,19
24,29,0,-1
24,30,0,-2
24,31,0,-12
24,32,0,-4
24,33,0,9
24,34,0,-11
24,35,0,1
24,36,0,12
24,37,0,6
24,38,0,4
24,39,0,-7
24,40,0,13
24,41,0,3
24,42,0,-4
24,43,0,-13
24,44,0,15
24,45,0,3
24,46,0,7
24,47,0,23
24,48,0,21
24,49,0,26
24,50,0,18
24,51,0,6
24,52,0,10
24,53,0,-30
24,55,0,-26
24,56,0,-17
24,57,0,-14
24,58,0,6
24,59,0,-8
24,60,0,-6
24,61,0,25
24,62,0,-8
24,63,0,26
24,64,0,-25
24,65,0,18
24,94,0,1
25,2,0,-5
25,3,0,1
25,4,0,6
25,5,0,-12
25,6,0,-1
25,7,0,-2
25,8,0,5
25,9,0,18
25,10,0,-10
25,11,0,-11
25,12,0,-6
25,13,0,6
25,14,0,-3
25,15,0,10
25,16,0,1
25,17,0,-5
25,18,0,15
25,19,0,-1
25,20,0,1
25,21,0,-4
25,22,0,8
25,23,0,-12
25,24,0,6
25,25,0,98
25,26,0,21
25,27,0,12
25,28,0,-10
25,29,0,11
25,30,0,-8
25,31,0,-8
25,32,0,-13
25,33,0,-6
25,34,0,-13
25,35,0,15
25,36,0,18
25,37,0,-12
25,38,0,-1
25,39,0,2
25,40,0,9
25,41,0,-15
25,42,0,-10
25,43,0,-11
25,44,0,-3
25,45,0,-4
25,46,0,2
25,47,0,3
25,48,0,-26
25,49,0,14
25,51,0,4
25,52,0,9
25,54,0,12
25,55,0,14
25,56,0,1
25,57,0,5
25,58,0,-29
25,59,0,8
25,60,0,11
25,61,0,9
25,62,0,3
25,63,0,8
25,64,0,-7
25,65,0,-20
25,95,0,1
26,1,0,-8
26,2,0,-1
26,3,0,3
26,4,0,6
26,5,0,-2
26,6,0,5
26,7,0,16
26,8,0,23
26,9,0,15
26,10,0,-10
26,11,0,-8
26,12,0,17
26,13,0,-5
26,14,0,10
26,15,0,-4
26,16,0,2
26,17,0,5
26,19,0,-23
26,20,0,14
26,21,0,-6
26,22,0,6
26,23,0,-6
26,24,0,19
26,25,0,21
26,26,0,91
26,27,0,22
26,28,0,-17
26,29,0,18
26,30,0,15
26,31,0,7
26,32,0,3
26,33,0,-10
26,34,0,12
26,35,0,10
26,36,0,10
26,37,0,-20
26,38,0,11
26,39,0,-13
26,40,0,5
26,41,0,-19
26,42,0,2
26,43,0,6
26,44,0,10
26,45,0,-6
26,46,0,-23
26,47,0,3
26,48,0,-13
26,49,0,3
26,50,0,-3
26,51,0,-3
26,52,0,-1
26,54,0,-10
26,55,0,-7
26,56,0,-20
26,57,0,-2
26,58,0,-1
26,59,0,-6
26,60,0,1
26,61,0,10
26,62,0,-6
26,63,0,23
26,64,0,-26
26,65,0,-7
26,96,0,1
27,1,0,-4
27,2,0,-6
27,3,0,-5
27,4,0,12
27,5,0,8
27,6,0,30
27,7,0,2
27,8,0,16
27,9,0,-2
27,10,0,10
27,11,0,-3
27,12,0,18
27,13,0,-18
27,14,0,5
27,15,0,18
27,16,0,1
27,17,0,4
27,18,0,-6
27,19,0,-11
27,20,0,9
27,21,0,-24
27,23,0,-8
27,24,0,1
27,25,0,12
27,26,0,22
27,27,0,104
27,29,0,-13
27,30,0,15
27,31,0,15
27,32,0,10
27,33,0,-4
27,34,0,10
27,35,0,-7
27,36,0,-7
27,37,0,3
27,38,0,18
27,39,0,-18
27,40,0,15
27,41,0,-4
27,42,0,15
27,43,0,6
27,44,0,-8
27,45,0,6
27,46,0,-2
27,47,0,23
27,48,0,4
27,49,0,-9
27,50,0,-16
27,51,0,-10
27,52,0,6
27,53,0,-24
27,54,0,18
27,55,0,9
27,56,0,-22
27,57,0,-10
27,58,0,-8
27,59,0,-5
27,60,0,-4
27,61,0,9
27,62,0,-13
27,64,0,-3
27,65,0,8
27,97,0,1
28,1,0,5
28,2,0,11
28,3,0,-1
28,4,0,9
28,5,0,-5
28,6,0,-20
28,7,0,-4
28,8,0,-6
28,9,0,-12
28,10,0,-22
28,11,0,-8
28,12,0,-20
28,13,0,-6
28,14,0,-35
28,15,0,10
28,16,0,-9
28,17,0,-9
28,18,0,7
28,19,0,20
28,20,0,3
28,21,0,4
28,22,0,10
28,23,0,-1
28,24,0,19
28,25,0,-10
28,26,0,-17
28,28,0,105
28,29,0,-23
28,30,0,2
28,31,0,-1
28,32,0,-1
28,33,0,10
28,34,0,-20
28,35,0,12
28,36,0,-8
28,37,0,15
28,38,0,-18
28,39,0,5
28,40,0,-11
28,41,0,-8
28,42,0,-10
28,43,0,-5
28,44,0,10
28,45,0,10
28,46,0,-5
28,47,0,18
28,48,0,2
28,49,0,-8
28,50,0,11
28,51,0,-9
28,52,0,5
28,53,0,1
28,54,0,17
28,56,0,-16
28,57,0,-26
28,58,0,14
28,59,0,-19
28,60,0,1
28,61,0,1
28,62,0,18
28,63,0,10
28,64,0,18
28,65,0,-4
28,98,0,1
29,1,0,5
29,2,0,-5
29,3,0,12
29,5,0,12
29,6,0,13
29,7,0,20
29,8,0,-16
29,9,0,5
29,10,0,-9
29,11,0,29
29,12,0,-15
29,13,0,-8
29,14,0,7
29,15,0,-20
29,16,0,2
29,17,0,-17
29,18,0,-16
29,19,0,-29
29,20,0,3
29,21,0,-5
29,22,0,-17
29,23,0,-4
29,24,0,-1
29,25,0,11
29,26,0,18
29,27,0,-13
29,28,0,-23
29,29,0,110
29,30,0,-19
29,31,0,27
29,32,0,-21
29,33,0,5
29,34,0,-10
29,35,0,-7
29,36,0,-2
29,37,0,-25
29,38,0,-3
29,39,0,-6
29,40,0,8
29,41,0,-5
29,42,0,11
29,43,0,10
29,44,0,9
29,45,0,-26
29,46,0,2
29,47,0,2
29,48,0,-5
29,49,0,-9
29,50,0,-12
29,51,0,2
29,52,0,-9
29,53,0,26
29,54,0,-1
29,55,0,-9
29,56,0,-8
29,57,0,22
29,58,0,-24
29,60,0,-16
29,61,0,7
29,62,0,12
29,63,0,7
29,64,0,-13
29,65,0,19
29,99,0,1
30,1,0,-12
30,2,0,16
30,3,0,5
30,4,0,16
30,5,0,-6
30,6,0,17
30,7,0,-10
30,8,0,-3
30,9,0,-16
30,10,0,15
30,11,0,-12
30,12,0,-2
30,13,0,-2
30,14,0,-20
30,15,0,7
30,16,0,-6
30,17,0,29
30,18,0,35
30,19,0,9
30,20,0,-18
30,21,0,2
30,22,0,-3
30,23,0,9
30,24,0,-2
30,25,0,-8
30,26,0,15
30,27,0,15
30,28,0,2
30,29,0,-19
30,30,0,109
30,31,0,-1
30,32,0,15
30,33,0,-19
30,34,0,3
30,35,0,-18
30,36,0,17
30,37,0,15
30,38,0,22
30,39,0,-4
30,40,0,8
30,41,0,-2
30,42,0,14
30,43,0,-1
30,44,0,-22
30,45,0,5
30,46,0,2
30,47,0,9
30,48,0,-8
30,49,0,-1
30,50,0,-2
30,51,0,-10
30,52,0,36
30,53,0,-8
30,54,0,-20
30,55,0,3
30,56,0,-12
30,57,0,-28
30,58,0,23
30,59,0,12
30,60,0,-9
30,61,0,14
30,62,0,11
30,63,0,-12
30,64,0,-13
30,65,0,9
30,100,0,1
31,1,0,7
31,2,0,-6
31,3,0,17
31,4,0,-17
31,5,0,2
31,6,0,23
31,7,0,7
31,8,0,10
31,9,0,-15
31,10,0,-9
31,11,0,23
31,12,0,3
31,13,0,-25
31,14,0,-22
31,15,0,-17
31,16,0,-19
31,17,0,-5
31,18,0,-1
31,19,0,-14
31,20,0,-16
31,21,0,-7
31,22,0,-21
31,23,0,15
31,24,0,-12
31,25,0,-8
31,26,0,7
31,27,0,15
31,28,0,-1
31,29,0,27
31,30,0,-1
31,31,0,102
31,32,0,-6
31,33,0,24
31,34,0,5
31,35,0,18
31,36,0,-22
31,37,0,13
31,38,0,-1
31,39,0,-3
31,40,0,-3
31,41,0,-3
31,43,0,-23
31,44,0,11
31,45,0,-28
31,46,0,7
31,47,0,8
31,48,0,-11
31,49,0,-21
31,50,0,-23
31,51,0,2
31,52,0,9
31,53,0,9
31,54,0,5
31,55,0,-13
31,56,0,3
31,57,0,23
31,58,0,-2
31,59,0,-6
31,60,0,-15
31,61,0,15
31,62,0,-4
31,63,0,-2
31,64,0,15
31,65,0,-22
32,1,0,-23
32,2,0,16
32,3,0,-16
32,4,0,12
32,5,0,4
32,6,0,6
32,7,0,-18
32,8,0,-5
32,9,0,19
32,10,0,3
32,11,0,-14
32,12,0,5
32,13,0,-6
32,14,0,3
32,15,0,-1
32,16,0,19
32,17,0,-2
32,18,0,-1
32,19,0,-9
32,20,0,-9
32,21,0,5
32,22,0,-12
32,23,0,3
32,24,0,-4
32,25,0,-13
32,26,0,3
32,27,0,10
32,28,0,-1
32,29,0,-21
32,30,0,15
32,31,0,-6
32,32,0,88
32,33,0,-2
32,34,0,7
32,36,0,-6
32,37,0,-2
32,38,0,-5
32,40,0,-16
32,41,0,26
32,42,0,6
32,43,0,-17
32,44,0,-20
32,45,0,8
32,46,0,-3
32,47,0,-2
32,48,0,-6
32,49,0,-26
32,51,0,7
32,52,0,-15
32,53,0,-34
32,54,0,-10
32,55,0,2
32,56,0,-20
32,57,0,-7
32,58,0,-2
32,59,0,-6
32,60,0,17
32,61,0,25
32,62,0,-12
32,63,0,-14
32,64,0,7
32,65,0,13
33,1,0,19
33,2,0,-1
33,3,0,-8
33,4,0,3
33,5,0,11
33,6,0,-17
33,7,0,-9
33,10,0,-7
33,11,0,19
33,12,0,15
33,13,0,5
33,14,0,-3
33,15,0,-19
33,16,0,-8
33,17,0,-17
33,18,0,-4
33,19,0,-3
33,20,0,-12
33,21,0,-1
33,22,0,-1
33,23,0,9
33,24,0,9
33,25,0,-6
33,26,0,-10
33,27,0,-4
33,28,0,10
33,29,0,5
33,30,0,-19
33,31,0,24
33,32,0,-2
33,33,0,91
33,34,0,-25
33,35,0,13
33,36,0,4
33,37,0,10
33,38,0,-7
33,39,0,-8
33,40,0,-26
33,41,0,22
33,42,0,-19
33,43,0,-7
33,44,0,3
33,45,0,-10
33,46,0,12
33,49,0,-23
33,50,0,-1
33,51,0,1
33,52,0,-8
33,53,0,-2
33,55,0,-16
33,56,0,8
33,57,0,16
33,58,0,-7
33,59,0,-15
33,60,0,6
33,61,0,-2
33,62,0,-23
33,63,0,5
33,64,0,3
33,65,0,-6
34,1,0,-16
34,2,0,8
34,3,0,-5
34,5,0,-5
34,7,0,9
34,8,0,16
34,9,0,15
34,10,0,-6
34,11,0,15
34,12,0,9
34,13,0,6
34,14,0,30
34,15,0,4
34,16,0,1
34,17,0,-7
34,18,0,-11
34,19,0,-4
34,20,0,-1
34,21,0,4
34,22,0,1
34,23,0,26
34,24,0,-11
34,25,0,-13
34,26,0,12
34,27,0,10
34,28,0,-20
34,29,0,-10
34,30,0,3
34,31,0,5
34,32,0,7
34,33,0,-25
34,34,0,87
34,35,0,8
34,36,0,-9
34,37,0,-2
34,38,0,-11
34,39,0,-17
34,40,0,2
34,41,0,-16
34,42,0,15
34,43,0,10
34,46,0,-16
34,47,0,-2
34,48,0,2
34,49,0,3
34,50,0,-5
34,51,0,1
34,52,0,1
34,53,0,-4
34,55,0,-4
34,56,0,4
34,57,0,15
34,58,0,-2
34,59,0,11
34,60,0,-20
34,61,0,1
34,62,0,-5
34,63,0,-8
34,64,0,5
35,1,0,13
35,2,0,11
35,3,0,5
35,4,0,6
35,6,0,-18
35,7,0,-5
35,8,0,11
35,9,0,6
35,10,0,-25
35,11,0,18
35,12,0,-5
35,13,0,-10
35,14,0,-10
35,15,0,-8
35,17,0,-4
35,18,0,1
35,19,0,2
35,20,0,-18
35,21,0,18
35,22,0,4
35,23,0,-15
35,24,0,1
35,25,0,15
35,26,0,10
35,27,0,-7
35,28,0,12
35,29,0,-7
35,30,0,-18
35,31,0,18
35,33,0,13
35,34,0,8
35,35,0,94
35,36,0,11
35,37,0,12
35,38,0,-9
35,39,0,-4
35,40,0,9
35,41,0,-4
35,42,0,-7
35,43,0,-4
35,44,0,2
35,45,0,-14
35,46,0,-1
35,47,0,3
35,48,0,3
35,49,0,-4
35,50,0,-3
35,51,0,-14
35,52,0,-13
35,53,0,6
35,54,0,6
35,55,0,-5
35,56,0,11
35,57,0,20
35,58,0,-2
35,59,0,-1
35,60,0,10
35,61,0,14
35,62,0,3
35,63,0,4
35,64,0,1
35,65,0,-23
36,1,0,1
36,2,0,6
36,3,0,18
36,4,0,5
36,5,0,-2
36,6,0,-18
36,7,0,-12
36,8,0,4
36,9,0,11
36,10,0,-13
36,11,0,4
36,12,0,11
36,13,0,6
36,14,0,-9
36,15,0,14
36,16,0,11
36,17,0,1
36,18,0,10
36,19,0,-2
36,20,0,10
36,21,0,31
36,22,0,7
36,23,0,-5
36,24,0,12
36,25,0,18
36,26,0,10
36,27,0,-7
36,28,0,-8
36,29,0,-2
36,30,0,17
36,31,0,-22
36,32,0,-6
36,33,0,4
36,34,0,-9
36,35,0,11
36,36,0,95
36,37,0,5
36,39,0,-12
36,40,0,5
36,41,0,10
36,42,0,-6
36,43,0,6
36,44,0,-8
36,45,0,-4
36,46,0,-7
36,47,0,14
36,48,0,8
36,49,0,12
36,50,0,13
36,51,0,-9
36,52,0,-2
36,53,0,-2
36,54,0,-11
36,55,0,-7
36,56,0,-19
36,57,0,-3
36,58,0,-3
36,59,0,-10
36,60,0,9
36,61,0,-10
36,62,0,-1
36,63,0,-13
36,64,0,-6
36,65,0,3
37,1,0,13
37,2,0,8
37,3,0,4
37,4,0,-4
37,5,0,4
37,6,0,2
37,7,0,-25
37,8,0,3
37,9,0,-13
37,11,0,16
37,12,0,11
37,13,0,-7
37,14,0,-42
37,15,0,11
37,16,0,-3
37,17,0,14
37,18,0,17
37,19,0,-2
37,20,0,-15
37,21,0,-5
37,22,0,1
37,23,0,12
37,24,0,6
37,25,0,-12
37,26,0,-20
37,27,0,3
37,28,0,15
37,29,0,-25
37,30,0,15
37,31,0,13
37,32,0,-2
37,33,0,10
37,34,0,-2
37,35,0,12
37,36,0,5
37,37,0,98
37,38,0,-4
37,39,0,-3
37,40,0,-5
37,41,0,-11
37,43,0,-5
37,44,0,-1
37,45,0,21
37,46,0,-3
37,47,0,14
37,48,0,9
37,49,0,-3
37,50,0,-16
37,51,0,-14
37,52,0,22
37,53,0,-1
37,54,0,11
37,55,0,-7
37,56,0,10
37,57,0,8
37,58,0,21
37,59,0,-8
37,60,0,18
37,61,0,19
37,62,0,-7
37,63,0,-8
37,64,0,4
37,65,0,-6
38,1,0,5
38,2,0,-8
38,3,0,7
38,4,0,6
38,5,0,7
38,6,0,20
38,7,0,6
38,8,0,1
38,9,0,4
38,10,0,15
38,11,0,12
38,12,0,7
38,13,0,-3
38,14,0,21
38,15,0,-18
38,16,0,-21
38,17,0,10
38,18,0,-1
38,19,0,11
38,20,0,-7
38,21,0,-13
38,22,0,13
38,23,0,5
38,24,0,4
38,25,0,-1
38,26,0,11
38,27,0,18
38,28,0,-18
38,29,0,-3
38,30,0,22
38,31,0,-1
38,32,0,-5
38,33,0,-7
38,34,0,-11
38,35,0,-9
38,37,0,-4
38,38,0,85
38,39,0,-4
38,40,0,22
38,41,0,-8
38,42,0,3
38,43,0,12
38,44,0,9
38,45,0,9
38,46,0,5
38,47,0,-5
38,48,0,2
38,49,0,7
38,50,0,-2
38,51,0,-22
38,52,0,1
38,53,0,2
38,54,0,-4
38,55,0,-10
38,56,0,-5
38,57,0,-18
38,58,0,13
38,59,0,5
38,60,0,5
38,61,0,5
38,63,0,4
38,64,0,-2
38,65,0,-1
39,1,0,2
39,2,0,-10
39,3,0,-8
39,4,0,-12
39,5,0,-13
39,6,0,2
39,7,0,-17
39,8,0,-20
39,9,0,-16
39,10,0,-14
39,11,0,-36
39,12,0,-26
39,13,0,6
39,14,0,-6
39,15,0,2
39,16,0,2
39,17,0,12
39,18,0,-1
39,19,0,15
39,20,0,-12
39,21,0,1
39,22,0,-17
39,23,0,28
39,24,0,-7
39,25,0,2
39,26,0,-13
39,27,0,-18
39,28,0,5
39,29,0,-6
39,30,0,-4
39,31,0,-3
39,33,0,-8
39,34,0,-17
39,35,0,-4
39,36,0,-12
39,37,0,-3
39,38,0,-4
39,39,0,98
39,40,0,-6
39,41,0,17
39,42,0,-8
39,43,0,18
39,44,0,-9
39,45,0,-11
39,46,0,-9
39,47,0,-28
39,48,0,-14
39,49,0,1
39,50,0,-4
39,51,0,11
39,52,0,8
39,53,0,14
39,54,0,11
39,55,0,-14
39,56,0,14
39,57,0,10
39,58,0,1
39,59,0,-9
39,60,0,-5
39,61,0,-9
39,62,0,4
39,64,0,10
39,65,0,-11
40,1,0,-13
40,2,0,-3
40,3,0,14
40,4,0,6
40,5,0,6
40,6,0,14
40,7,0,10
40,8,0,-4
40,9,0,-3
40,10,0,9
40,11,0,4
40,13,0,6
40,14,0,-6
40,15,0,-3
40,16,0,7
40,17,0,5
40,18,0,-7
40,19,0,-15
40,20,0,6
40,21,0,9
40,22,0,2
40,24,0,13
40,25,0,9
40,26,0,5
40,27,0,15
40,28,0,-11
40,29,0,8
40,30,0,8
40,31,0,-3
40,32,0,-16
40,33,0,-26
40,34,0,2
40,35,0,9
40,36,0,5
40,37,0,-5
40,38,0,22
40,39,0,-6
40,40,0,74
40,41,0,-10
40,42,0,10
40,43,0,1
40,44,0,11
40,45,0,-9
40,46,0,-13
40,47,0,-4
40,48,0,15
40,49,0,14
40,50,0,-12
40,51,0,-21
40,52,0,6
40,53,0,-5
40,55,0,19
40,56,0,1
40,57,0,-19
40,58,0,-7
40,59,0,-3
40,60,0,-6
40,61,0,6
40,62,0,-1
40,63,0,12
40,64,0,-18
40,65,0,5
41,1,0,10
41,2,0,3
41,3,0,-10
41,4,0,-24
41,5,0,-4
41,6,0,7
41,7,0,-2
41,8,0,-11
41,9,0,-20
41,10,0,-4
41,11,0,-4
41,12,0,-12
41,13,0,-4
41,14,0,11
41,15,0,-13
41,16,0,10
41,17,0,15
41,18,0,-9
41,19,0,-5
41,20,0,-18
41,21,0,3
41,22,0,6
41,23,0,6
41,24,0,3
41,25,0,-15
41,26,0,-19
41,27,0,-4
41,28,0,-8
41,29,0,-5
41,30,0,-2
41,31,0,-3
41,32,0,26
41,33,0,22
41,34,0,-16
41,35,0,-4
41,36,0,10
41,37,0,-11
41,38,0,-8
41,39,0,17
41,40,0,-10
41,41,0,88
41,42,0,2
41,43,0,-17
41,44,0,-3
41,45,0,-21
41,46,0,8
41,47,0,11
41,48,0,9
41,49,0,-25
41,50,0,1
41,51,0,16
41,52,0,-10
41,53,0,-15
41,54,0,-23
41,55,0,-4
41,57,0,7
41,58,0,-2
41,59,0,-20
41,60,0,5
41,61,0,2
41,62,0,5
41,63,0,-7
41,64,0,-27
41,65,0,7
42,1,0,-20
42,2,0,3
42,3,0,4
42,4,0,-20
42,5,0,1
42,6,0,4
42,7,0,7
42,8,0,-6
42,9,0,15
42,10,0,-12
42,11,0,6
42,12,0,-20
42,13,0,-2
42,14,0,10
42,15,0,-10
42,16,0,-3
42,17,0,-2
42,18,0,13
42,19,0,-15
42,20,0,3
42,21,0,-5
42,22,0,13
42,23,0,-3
42,24,0,-4
42,25,0,-10
42,26,0,2
42,27,0,15
42,28,0,-10
42,29,0,11
42,30,0,14
42,32,0,6
42,33,0,-19
42,34,0,15
42,35,0,-7
42,36,0,-6
42,38,0,3
42,39,0,-8
42,40,0,10
42,41,0,2
42,42,0,77
42,43,0,-4
42,44,0,-11
42,45,0,-5
42,46,0,9
42,47,0,15
42,48,0,12
42,49,0,-2
42,50,0,-17
42,51,0,3
42,52,0,-18
42,53,0,2
42,54,0,-26
42,55,0,23
42,56,0,-14
42,57,0,26
42,58,0,4
42,59,0,12
42,60,0,-15
42,61,0,10
42,62,0,1
42,63,0,-16
42,64,0,-4
42,65,0,16
43,1,0,10
43,2,0,-13
43,3,0,-12
43,4,0,-4
43,5,0,13
43,6,0,-8
43,7,0,-1
43,8,0,-21
43,9,0,-11
43,10,0,13
43,11,0,-14
43,12,0,1
43,13,0,9
43,14,0,19
43,15,0,2
43,16,0,-9
43,17,0,-14
43,18,0,-7
43,20,0,16
43,21,0,-1
43,22,0,-14
43,23,0,5
43,24,0,-13
43,25,0,-11
43,26,0,6
43,27,0,6
43,28,0,-5
43,29,0,10
43,30,0,-1
43,31,0,-23
43,32,0,-17
43,33,0,-7
43,34,0,10
43,35,0,-4
43,36,0,6
43,37,0,-5
43,38,0,12
43,39,0,18
43,40,0,1
43,41,0,-17
43,42,0,-4
43,43,0,101
43,44,0,21
43,45,0,2
43,46,0,-20
43,47,0,-18
43,48,0,-2
43,49,0,-8
43,50,0,8
43,51,0,-28
43,52,0,-13
43,53,0,24
43,54,0,3
43,55,0,-2
43,56,0,5
43,57,0,-14
43,58,0,-16
43,59,0,1
43,61,0,-30
43,62,0,-6
43,63,0,9
43,64,0,-4
43,65,0,16
44,1,0,5
44,3,0,3
44,4,0,-3
44,5,0,-7
44,6,0,6
44,7,0,13
44,8,0,-5
44,9,0,-15
44,10,0,3
44,11,0,4
44,12,0,1
44,13,0,-4
44,14,0,3
44,15,0,4
44,16,0,-13
44,17,0,-14
44,18,0,-25
44,19,0,-27
44,20,0,15
44,21,0,-6
44,22,0,8
44,23,0,13
44,24,0,15
44,25,0,-3
44,26,0,10
44,27,0,-8
44,28,0,10
44,29,0,9
44,30,0,-22
44,31,0,11
44,32,0,-20
44,33,0,3
44,35,0,2
44,36,0,-8
44,37,0,-1
44,38,0,9
44,39,0,-9
44,40,0,11
44,41,0,-3
44,42,0,-11
44,43,0,21
44,44,0,91
44,45,0,-8
44,46,0,-12
44,47,0,-4
44,48,0,11
44,49,0,-9
44,50,0,-3
44,51,0,-10
44,52,0,-15
44,53,0,9
44,54,0,4
44,55,0,4
44,56,0,-8
44,57,0,-9
44,58,0,11
44,60,0,16
44,61,0,-9
44,62,0,10
44,63,0,14
44,64,0,-19
44,65,0,-1
45,1,0,4
45,2,0,21
45,3,0,3
45,4,0,13
45,5,0,-10
45,6,0,-2
45,7,0,-14
45,8,0,5
45,9,0,4
45,10,0,-11
45,11,0,-9
45,12,0,18
45,13,0,8
45,14,0,-23
45,15,0,14
45,16,0,4
45,17,0,-7
45,18,0,20
45,19,0,31
45,20,0,4
45,21,0,-12
45,22,0,32
45,23,0,-21
45,24,0,3
45,25,0,-4
45,26,0,-6
45,27,0,6
45,28,0,10
45,29,0,-26
45,30,0,5
45,31,0,-28
45,32,0,8
45,33,0,-10
45,35,0,-14
45,36,0,-4
45,37,0,21
45,38,0,9
45,39,0,-11
45,40,0,-9
45,41,0,-21
45,42,0,-5
45,43,0,2
45,44,0,-8
45,45,0,93
45,46,0,3
45,47,0,-17
45,48,0,7
45,49,0,4
45,50,0,25
45,51,0,-10
45,52,0,19
45,53,0,-15
45,54,0,26
45,55,0,-2
45,56,0,-3
45,57,0,4
45,58,0,13
45,59,0,3
45,60,0,25
45,61,0,-6
45,62,0,-21
45,63,0,-19
45,64,0,4
45,65,0,-3
46,1,0,-20
46,2,0,-9
46,3,0,-2
46,4,0,-10
46,5,0,-3
46,6,0,14
46,7,0,17
46,8,0,-14
46,9,0,19
46,10,0,-2
46,11,0,22
46,12,0,7
46,13,0,-12
46,14,0,-9
46,15,0,-9
46,16,0,-6
46,17,0,5
46,18,0,11
46,19,0,10
46,20,0,-4
46,21,0,-9
46,22,0,6
46,23,0,-18
46,24,0,7
46,25,0,2
46,26,0,-23
46,27,0,-2
46,28,0,-5
46,29,0,2
46,30,0,2
46,31,0,7
46,32,0,-3
46,33,0,12
46,34,0,-16
46,35,0,-1
46,36,0,-7
46,37,0,-3
46,38,0,5
46,39,0,-9
46,40,0,-13
46,41,0,8
46,42,0,9
46,43,0,-20
46,44,0,-12
46,45,0,3
46,46,0,88
46,47,0,15
46,48,0,6
46,49,0,8
46,50,0,-4
46,51,0,3
46,52,0,-7
46,53,0,-12
46,54,0,-11
46,55,0,-16
46,56,0,-5
46,57,0,-3
46,58,0,13
46,59,0,33
46,60,0,-10
46,61,0,4
46,62,0,-12
46,63,0,2
46,64,0,-9
46,65,0,-2
47,1,0,14
47,2,0,-12
47,3,0,10
47,4,0,-10
47,5,0,10
47,6,0,7
47,7,0,8
47,8,0,2
47,9,0,-10
47,10,0,-1
47,11,0,5
47,12,0,13
47,13,0,-19
47,14,0,-9
47,15,0,-8
47,16,0,-5
47,17,0,4
47,18,0,5
47,19,0,-22
47,20,0,20
47,21,0,-8
47,22,0,2
47,23,0,-19
47,24,0,23
47,25,0,3
47,26,0,3
47,27,0,23
47,28,0,18
47,29,0,2
47,30,0,9
47,31,0,8
47,32,0,-2
47,34,0,-2
47,35,0,3
47,36,0,14
47,37,0,14
47,38,0,-5
47,39,0,-28
47,40,0,-4
47,41,0,11
47,42,0,15
47,43,0,-18
47,44,0,-4
47,45,0,-17
47,46,0,15
47,47,0,93
47,48,0,24
47,49,0,9
47,50,0,12
47,51,0,13
47,52,0,-19
47,53,0,-17
47,54,0,-5
47,55,0,-17
47,56,0,-11
47,57,0,-13
47,58,0,-3
47,59,0,-10
47,60,0,2
47,61,0,5
47,62,0,20
47,63,0,3
47,64,0,-8
47,65,0,25
48,1,0,4
48,2,0,15
48,3,0,3
48,4,0,-9
48,5,0,6
48,6,0,7
48,7,0,8
48,8,0,8
48,9,0,10
48,10,0,7
48,11,0,19
48,12,0,16
48,13,0,-5
48,14,0,4
48,15,0,4
48,16,0,2
48,17,0,6
48,18,0,-6
48,19,0,-8
48,20,0,5
48,21,0,5
48,22,0,12
48,23,0,-8
48,24,0,21
48,25,0,-26
48,26,0,-13
48,27,0,4
48,28,0,2
48,29,0,-5
48,30,0,-8
48,31,0,-11
48,32,0,-6
48,34,0,2
48,35,0,3
48,36,0,8
48,37,0,9
48,38,0,2
48,39,0,-14
48,40,0,15
48,41,0,9
48,42,0,12
48,43,0,-2
48,44,0,11
48,45,0,7
48,46,0,6
48,47,0,24
48,48,0,91
48,49,0,1
48,50,0,11
48,51,0,-25
48,52,0,-13
48,53,0,-3
48,54,0,4
48,55,0,16
48,56,0,-8
48,57,0,-20
48,58,0,3
48,59,0,-12
48,60,0,-16
48,61,0,-10
48,62,0,-15
48,63,0,4
48,64,0,3
48,65,0,26
49,1,0,7
49,2,0,-34
49,3,0,9
49,4,0,4
49,5,0,-2
49,6,0,6
49,7,0,11
49,8,0,5
49,9,0,18
49,10,0,31
49,11,0,8
49,13,0,13
49,14,0,6
49,15,0,19
49,16,0,-8
49,17,0,11
49,18,0,-4
49,19,0,24
49,20,0,-7
49,21,0,-10
49,22,0,6
49,23,0,-35
49,24,0,26
49,25,0,14
49,26,0,3
49,27,0,-9
49,28,0,-8
49,29,0,-9
49,30,0,-1
49,31,0,-21
49,32,0,-26
49,33,0,-23
49,34,0,3
49,35,0,-4
49,36,0,12
49,37,0,-3
49,38,0,7
49,39,0,1
49,40,0,14
49,41,0,-25
49,42,0,-2
49,43,0,-8
49,44,0,-9
49,45,0,4
49,46,0,8
49,47,0,9
49,48,0,1
49,49,0,119
49,50,0,18
49,51,0,3
49,52,0,16
49,53,0,-25
49,54,0,18
49,55,0,1
49,56,0,11
49,57,0,7
49,58,0,25
49,59,0,1
49,60,0,6
49,61,0,-7
49,62,0,-5
49,63,0,4
49,64,0,1
49,65,0,13
50,1,0,-3
50,2,0,3
50,3,0,10
50,5,0,7
50,6,0,-17
50,7,0,7
50,8,0,-28
50,9,0,-11
50,10,0,10
50,11,0,-18
50,12,0,4
50,13,0,4
50,14,0,-17
50,15,0,-3
50,16,0,-3
50,17,0,-8
50,18,0,28
50,19,0,14
50,20,0,12
50,22,0,6
50,23,0,-34
50,24,0,18
50,26,0,-3
50,27,0,-16
50,28,0,11
50,29,0,-12
50,30,0,-2
50,31,0,-23
50,33,0,-1
50,34,0,-5
50,35,0,-3
50,36,0,13
50,37,0,-16
50,38,0,-2
50,39,0,-4
50,40,0,-12
50,41,0,1
50,42,0,-17
50,43,0,8
50,44,0,-3
50,45,0,25
50,46,0,-4
50,47,0,12
50,48,0,11
50,49,0,18
50,50,0,92
50,51,0,12
50,52,0,6
50,53,0,-9
50,54,0,-3
50,55,0,-21
50,56,0,-6
50,57,0,-13
50,58,0,-22
50,59,0,-23
50,60,0,-5
50,61,0,-29
50,62,0,20
50,63,0,-5
50,64,0,14
50,65,0,11
51,1,0,-2
51,2,0,2
51,3,0,5
51,4,0,-11
51,5,0,-12
51,6,0,-13
51,7,0,6
51,8,0,5
51,9,0,-3
51,10,0,8
51,11,0,-24
51,12,0,-7
51,13,0,-1
51,15,0,-15
51,16,0,-16
51,17,0,-3
51,18,0,1
51,19,0,4
51,20,0,11
51,21,0,-9
51,22,0,-13
51,23,0,-2
51,24,0,6
51,25,0,4
51,26,0,-3
51,27,0,-10
51,28,0,-9
51,29,0,2
51,30,0,-10
51,31,0,2
51,32,0,7
51,33,0,1
51,34,0,1
51,35,0,-14
51,36,0,-9
51,37,0,-14
51,38,0,-22
51,39,0,11
51,40,0,-21
51,41,0,16
51,42,0,3
51,43,0,-28
51,44,0,-10
51,45,0,-10
51,46,0,3
51,47,0,13
51,48,0,-25
51,49,0,3
51,50,0,12
51,51,0,75
51,53,0,-7
51,54,0,-8
51,55,0,-10
51,56,0,-6
51,57,0,13
51,58,0,-15
51,59,0,10
51,60,0,2
51,61,0,-7
51,62,0,12
51,63,0,-3
51,64,0,-12
51,65,0,-9
52,1,0,17
52,2,0,12
52,3,0,17
52,4,0,2
52,5,0,-14
52,6,0,9
52,7,0,-1
52,8,0,-18
52,9,0,-16
52,10,0,18
52,11,0,-2
52,12,0,7
52,13,0,16
52,14,0,-30
52,15,0,15
52,16,0,-6
52,17,0,37
52,18,0,20
52,19,0,39
52,20,0,-36
52,21,0,7
52,23,0,3
52,24,0,10
52,25,0,9
52,26,0,-1
52,27,0,6
52,28,0,5
52,29,0,-9
52,30,0,36
52,31,0,9
52,32,0,-15
52,33,0,-8
52,34,0,1
52,35,0,-13
52,36,0,-2
52,37,0,22
52,38,0,1
52,39,0,8
52,40,0,6
52,41,0,-10
52,42,0,-18
52,43,0,-13
52,44,0,-15
52,45,0,19
52,46,0,-7
52,47,0,-19
52,48,0,-13
52,49,0,16
52,50,0,6
52,52,0,100
52,53,0,-7
52,54,0,23
52,55,0,-8
52,56,0,22
52,57,0,1
52,58,0,10
52,59,0,-2
52,60,0,-5
52,61,0,3
52,62,0,19
52,63,0,-9
52,64,0,4
52,65,0,-16
53,1,0,6
53,2,0,-2
53,3,0,1
53,4,0,-6
53,5,0,-11
53,6,0,-6
53,7,0,-3
53,8,0,-9
53,9,0,-9
53,10,0,-14
53,11,0,9
53,12,0,-27
53,13,0,-3
53,15,0,-5
53,16,0,15
53,17,0,-5
53,18,0,1
53,19,0,-13
53,20,0,-5
53,21,0,6
53,22,0,-10
53,23,0,6
53,24,0,-30
53,27,0,-24
53,28,0,1
53,29,0,26
53,30,0,-8
53,31,0,9
53,32,0,-34
53,33,0,-2
53,34,0,-4
53,35,0,6
53,36,0,-2
53,37,0,-1
53,38,0,2
53,39,0,14
53,40,0,-5
53,41,0,-15
53,42,0,2
53,43,0,24
53,44,0,9
53,45,0,-15
53,46,0,-12
53,47,0,-17
53,48,0,-3
53,49,0,-25
53,50,0,-9
53,51,0,-7
53,52,0,-7
53,53,0,92
53,54,0,6
53,55,0,14
53,56,0,2
53,57,0,4
53,58,0,-10
53,59,0,11
53,60,0,-5
53,61,0,-13
53,62,0,20
53,63,0,-16
53,64,0,10
53,65,0,-6
54,1,0,17
54,2,0,-6
54,3,0,-5
54,4,0,12
54,5,0,-12
54,6,0,8
54,7,0,-11
54,8,0,1
54,9,0,4
54,10,0,18
54,11,0,12
54,12,0,10
54,13,0,-16
54,14,0,-7
54,15,0,26
54,16,0,6
54,17,0,4
54,18,0,-6
54,19,0,24
54,20,0,-20
54,21,0,-10
54,22,0,-22
54,23,0,2
54,25,0,12
54,26,0,-10
54,27,0,18
54,28,0,17
54,29,0,-1
54,30,0,-20
54,31,0,5
54,32,0,-10
54,35,0,6
54,36,0,-11
54,37,0,11
54,38,0,-4
54,39,0,11
54,41,0,-23
54,42,0,-26
54,43,0,3
54,44,0,4
54,45,0,26
54,46,0,-11
54,47,0,-5
54,48,0,4
54,49,0,18
54,50,0,-3
54,51,0,-8
54,52,0,23
54,53,0,6
54,54,0,98
54,55,0,-1
54,56,0,-4
54,57,0,6
54,58,0,9
54,59,0,-13
54,60,0,34
54,61,0,11
54,62,0,-10
54,63,0,-15
54,64,0,24
54,65,0,14
55,1,0,-7
55,2,0,12
55,3,0,-18
55,4,0,6
55,5,0,-3
55,6,0,-8
55,7,0,18
55,8,0,18
55,9,0,8
55,10,0,11
55,12,0,-18
55,13,0,5
55,14,0,15
55,17,0,-5
55,18,0,-13
55,19,0,-10
55,20,0,-8
55,22,0,23
55,23,0,-7
55,24,0,-26
55,25,0,14
55,26,0,-7
55,27,0,9
55,29,0,-9
55,30,0,3
55,31,0,-13
55,32,0,2
55,33,0,-16
55,34,0,-4
55,35,0,-5
55,36,0,-7
55,37,0,-7
55,38,0,-10
55,39,0,-14
55,40,0,19
55,41,0,-4
55,42,0,23
55,43,0,-2
55,44,0,4
55,45,0,-2
55,46,0,-16
55,47,0,-17
55,48,0,16
55,49,0,1
55,50,0,-21
55,51,0,-10
55,52,0,-8
55,53,0,14
55,54,0,-1
55,55,0,104
55,56,0,-12
55,57,0,4
55,58,0,-8
55,60,0,-4
55,61,0,2
55,63,0,5
55,64,0,-1
55,65,0,-7
56,1,0,32
56,2,0,-8
56,3,0,8
56,4,0,-1
56,5,0,5
56,6,0,3
56,7,0,-27
56,9,0,-19
56,10,0,13
56,11,0,15
56,12,0,10
56,13,0,9
56,15,0,7
56,16,0,1
56,17,0,8
56,19,0,33
56,20,0,-9
56,21,0,6
56,22,0,7
56,23,0,7
56,24,0,-17
56,25,0,1
56,26,0,-20
56,27,0,-22
56,28,0,-16
56,29,0,-8
56,30,0,-12
56,31,0,3
56,32,0,-20
56,33,0,8
56,34,0,4
56,35,0,11
56,36,0,-19
56,37,0,10
56,38,0,-5
56,39,0,14
56,40,0,1
56,42,0,-14
56,43,0,5
56,44,0,-8
56,45,0,-3
56,46,0,-5
56,47,0,-11
56,48,0,-8
56,49,0,11
56,50,0,-6
56,51,0,-6
56,52,0,22
56,53,0,2
56,54,0,-4
56,55,0,-12
56,56,0,96
56,57,0,25
56,59,0,9
56,60,0,9
56,62,0,-3
56,64,0,8
56,65,0,-9
57,1,0,7
57,2,0,-5
57,3,0,-4
57,4,0,-25
57,5,0,-8
57,6,0,-2
57,7,0,-30
57,8,0,6
57,9,0,1
57,10,0,-33
57,11,0,22
57,12,0,-15
57,13,0,-5
57,14,0,8
57,15,0,-3
57,16,0,-1
57,17,0,-10
57,18,0,-9
57,19,0,14
57,20,0,-28
57,21,0,-3
57,22,0,13
57,23,0,10
57,24,0,-14
57,25,0,5
57,26,0,-2
57,27,0,-10
57,28,0,-26
57,29,0,22
57,30,0,-28
57,31,0,23
57,32,0,-7
57,33,0,16
57,34,0,15
57,35,0,20
57,36,0,-3
57,37,0,8
57,38,0,-18
57,39,0,10
57,40,0,-19
57,41,0,7
57,42,0,26
57,43,0,-14
57,44,0,-9
57,45,0,4
57,46,0,-3
57,47,0,-13
57,48,0,-20
57,49,0,7
57,50,0,-13
57,51,0,13
57,52,0,1
57,53,0,4
57,54,0,6
57,55,0,4
57,56,0,25
57,57,0,111
57,58,0,-2
57,59,0,2
57,60,0,2
57,61,0,4
57,62,0,-7
57,63,0,-26
57,64,0,5
57,65,0,-22
58,1,0,4
58,2,0,3
58,3,0,11
58,5,0,-1
58,6,0,-1
58,7,0,-6
58,8,0,13
58,9,0,-2
58,10,0,9
58,11,0,13
58,12,0,10
58,13,0,3
58,14,0,1
58,15,0,9
58,17,0,5
58,18,0,1
58,19,0,8
58,20,0,-15
58,21,0,-10
58,22,0,21
58,23,0,-3
58,24,0,6
58,25,0,-29
58,26,0,-1
58,27,0,-8
58,28,0,14
58,29,0,-24
58,30,0,23
58,31,0,-2
58,32,0,-2
58,33,0,-7
58,34,0,-2
58,35,0,-2
58,36,0,-3
58,37,0,21
58,38,0,13
58,39,0,1
58,40,0,-7
58,41,0,-2
58,42,0,4
58,43,0,-16
58,44,0,11
58,45,0,13
58,46,0,13
58,47,0,-3
58,48,0,3
58,49,0,25
58,50,0,-22
58,51,0,-15
58,52,0,10
58,53,0,-10
58,54,0,9
58,55,0,-8
58,57,0,-2
58,58,0,99
58,59,0,16
58,60,0,13
58,61,0,10
58,62,0,7
58,63,0,-7
58,64,0,-13
58,65,0,-9
59,1,0,-24
59,2,0,3
59,3,0,-7
59,4,0,-12
59,5,0,-21
59,6,0,-7
59,7,0,13
59,8,0,-2
59,10,0,8
59,11,0,-2
59,12,0,-18
59,13,0,14
59,14,0,10
59,15,0,-13
59,16,0,7
59,17,0,-13
59,18,0,14
59,19,0,11
59,20,0,-4
59,21,0,12
59,22,0,6
59,24,0,-8
59,25,0,8
59,26,0,-6
59,27,0,-5
59,28,0,-19
59,30,0,12
59,31,0,-6
59,32,0,-6
59,33,0,-15
59,34,0,11
59,35,0,-1
59,36,0,-10
59,37,0,-8
59,38,0,5
59,39,0,-9
59,40,0,-3
59,41,0,-20
59,42,0,12
59,43,0,1
59,45,0,3
59,46,0,33
59,47,0,-10
59,48,0,-12
59,49,0,1
59,50,0,-23
59,51,0,10
59,52,0,-2
59,53,0,11
59,54,0,-13
59,56,0,9
59,57,0,2
59,58,0,16
59,59,0,98
59,60,0,-16
59,61,0,6
59,62,0,3
59,63,0,4
59,64,0,-14
59,65,0,-7
60,1,0,32
60,2,0,-10
60,4,0,25
60,5,0,-2
60,6,0,11
60,7,0,-22
60,8,0,5
60,9,0,-2
60,10,0,6
60,11,0,8
60,12,0,14
60,13,0,-7
60,14,0,-16
60,15,0,27
60,16,0,6
60,17,0,8
60,18,0,-4
60,19,0,2
60,20,0,1
60,21,0,-14
60,22,0,-6
60,23,0,-1
60,24,0,-6
60,25,0,11
60,26,0,1
60,27,0,-4
60,28,0,1
60,29,0,-16
60,30,0,-9
60,31,0,-15
60,32,0,17
60,33,0,6
60,34,0,-20
60,35,0,10
60,36,0,9
60,37,0,18
60,38,0,5
60,39,0,-5
60,40,0,-6
60,41,0,5
60,42,0,-15
60,44,0,16
60,45,0,25
60,46,0,-10
60,47,0,2
60,48,0,-16
60,49,0,6
60,50,0,-5
60,51,0,2
60,52,0,-5
60,53,0,-5
60,54,0,34
60,55,0,-4
60,56,0,9
60,57,0,2
60,58,0,13
60,59,0,-16
60,60,0,93
60,61,0,14
60,62,0,-14
60,63,0,-15
60,64,0,-3
60,65,0,6
61,1,0,-4
61,2,0,-3
61,3,0,-13
61,4,0,19
61,5,0,4
61,6,0,9
61,7,0,-12
61,8,0,6
61,9,0,6
61,10,0,-4
61,11,0,12
61,12,0,-11
61,13,0,-16
61,14,0,-9
61,15,0,8
61,16,0,14
61,17,0,27
61,18,0,3
61,19,0,-12
61,20,0,-22
61,22,0,6
61,23,0,21
61,24,0,25
61,25,0,9
61,26,0,10
61,27,0,9
61,28,0,1
61,29,0,7
61,30,0,14
61,31,0,15
61,32,0,25
61,33,0,-2
61,34,0,1
61,35,0,14
61,36,0,-10
61,37,0,19
61,38,0,5
61,39,0,-9
61,40,0,6
61,41,0,2
61,42,0,10
61,43,0,-30
61,44,0,-9
61,45,0,-6
61,46,0,4
61,47,0,5
61,48,0,-10
61,49,0,-7
61,50,0,-29
61,51,0,-7
61,52,0,3
61,53,0,-13
61,54,0,11
61,55,0,2
61,57,0,4
61,58,0,10
61,59,0,6
61,60,0,14
61,61,0,85
61,62,0,-17
61,63,0,6
61,64,0,-5
61,65,0,9
62,1,0,13
62,2,0,9
62,3,0,13
62,4,0,-3
62,5,0,-4
62,6,0,-5
62,7,0,17
62,8,0,-28
62,9,0,-24
62,10,0,-8
62,11,0,-11
62,12,0,-22
62,14,0,-2
62,15,0,-19
62,16,0,-3
62,17,0,5
62,18,0,-3
62,19,0,-10
62,20,0,-5
62,21,0,19
62,22,0,-1
62,23,0,-13
62,24,0,-8
62,25,0,3
62,26,0,-6
62,27,0,-13
62,28,0,18
62,29,0,12
62,30,0,11
62,31,0,-4
62,32,0,-12
62,33,0,-23
62,34,0,-5
62,35,0,3
62,36,0,-1
62,37,0,-7
62,39,0,4
62,40,0,-1
62,41,0,5
62,42,0,1
62,43,0,-6
62,44,0,10
62,45,0,-21
62,46,0,-12
62,47,0,20
62,48,0,-15
62,49,0,-5
62,50,0,20
62,51,0,12
62,52,0,19
62,53,0,20
62,54,0,-10
62,56,0,-3
62,57,0,-7
62,58,0,7
62,59,0,3
62,60,0,-14
62,61,0,-17
62,62,0,103
62,63,0,4
62,64,0,12
62,65,0,-4
63,1,0,3
63,2,0,-10
63,3,0,-21
63,4,0,2
63,5,0,-1
63,6,0,-8
63,7,0,45
63,8,0,1
63,9,0,-20
63,10,0,-4
63,11,0,-10
63,12,0,16
63,13,0,17
63,14,0,12
63,15,0,-21
63,16,0,-17
63,17,0,9
63,18,0,-24
63,20,0,12
63,21,0,1
63,22,0,27
63,23,0,1
63,24,0,26
63,25,0,8
63,26,0,23
63,28,0,10
63,29,0,7
63,30,0,-12
63,31,0,-2
63,32,0,-14
63,33,0,5
63,34,0,-8
63,35,0,4
63,36,0,-13
63,37,0,-8
63,38,0,4
63,40,0,12
63,41,0,-7
63,42,0,-16
63,43,0,9
63,44,0,14
63,45,0,-19
63,46,0,2
63,47,0,3
63,48,0,4
63,49,0,4
63,50,0,-5
63,51,0,-3
63,52,0,-9
63,53,0,-16
63,54,0,-15
63,55,0,5
63,57,0,-26
63,58,0,-7
63,59,0,4
63,60,0,-15
63,61,0,6
63,62,0,4
63,63,0,110
63,64,0,-3
63,65,0,-12
64,1,0,8
64,2,0,-3
64,3,0,-16
64,4,0,21
64,5,0,11
64,6,0,-6
64,7,0,-12
64,8,0,-9
64,10,0,-10
64,11,0,8
64,12,0,-1
64,13,0,-7
64,14,0,-2
64,15,0,3
64,16,0,-8
64,18,0,-2
64,19,0,12
64,20,0,-2
64,21,0,19
64,22,0,-19
64,23,0,13
64,24,0,-25
64,25,0,-7
64,26,0,-26
64,27,0,-3
64,28,0,18
64,29,0,-13
64,30,0,-13
64,31,0,15
64,32,0,7
64,33,0,3
64,34,0,5
64,35,0,1
64,36,0,-6
64,37,0,4
64,38,0,-2
64,39,0,10
64,40,0,-18
64,41,0,-27
64,42,0,-4
64,43,0,-4
64,44,0,-19
64,45,0,4
64,46,0,-9
64,47,0,-8
64,48,0,3
64,49,0,1
64,50,0,14
64,51,0,-12
64,52,0,4
64,53,0,10
64,54,0,24
64,55,0,-1
64,56,0,8
64,57,0,5
64,58,0,-13
64,59,0,-14
64,60,0,-3
64,61,0,-5
64,62,0,12
64,63,0,-3
64,64,0,99
64,65,0,5
65,1,0,-4
65,2,0,-7
65,3,0,-4
65,4,0,2
65,5,0,15
65,6,0,26
65,7,0,12
65,8,0,-25
65,9,0,-5
65,10,0,14
65,11,0,12
65,12,0,8
65,13,0,-10
65,14,0,10
65,15,0,20
65,16,0,26
65,17,0,-1
65,18,0,-6
65,19,0,-14
65,20,0,-1
65,21,0,7
65,22,0,-22
65,23,0,1
65,24,0,18
65,25,0,-20
65,26,0,-7
65,27,0,8
65,28,0,-4
65,29,0,19
65,30,0,9
65,31,0,-22
65,32,0,13
65,33,0,-6
65,35,0,-23
65,36,0,3
65,37,0,-6
65,38,0,-1
65,39,0,-11
65,40,0,5
65,41,0,7
65,42,0,16
65,43,0,16
65,44,0,-1
65,45,0,-3
65,46,0,-2
65,47,0,25
65,48,0,26
65,49,0,13
65,50,0,11
65,51,0,-9
65,52,0,-16
65,53,0,-6
65,54,0,14
65,55,0,-7
65,56,0,-9
65,57,0,-22
65,58,0,-9
65,59,0,-7
65,60,0,6
65,61,0,9
65,62,0,-4
65,63,0,-12
65,64,0,5
65,65,0,89
66,1,0,-1
67,1,0,-1
68,1,0,-1
69,1,0,-1
70,1,0,-1
71,1,0,-1
71,71,0,1
72,2,0,-1
72,72,0,1
72,72,1,-1
73,3,0,-1
73,73,0,2
74,4,0,-1
74,74,0,3
75,5,0,-1
75,75,0,2
75,75,1,-2
76,6,0,-1
76,76,0,3
76,76,1,2
77,7,0,-1
77,77,0,2
78,8,0,-1
78,78,0,1
79,9,0,-1
79,79,0,5
80,10,0,-1
80,80,0,1
81,11,0,-1
81,81,0,3
82,12,0,-1
82,82,0,4
83,13,0,-1
83,83,0,2
83,83,1,1
84,14,0,-1
84,84,0,2
84,84,1,-1
85,15,0,-1
85,85,0,3
85,85,1,2
86,16,0,-1
86,86,0,3
86,86,1,2
87,17,0,-1
87,87,0,4
87,87,1,-1
88,18,0,-1
88,88,0,4
89,19,0,-1
89,89,0,3
90,20,0,-1
90,90,0,2
90,90,1,1
91,21,0,-1
91,91,0,3
92,22,0,-1
92,92,0,2
93,23,0,-1
93,93,0,3
93,93,1,-1
94,24,0,-1
94,94,0,4
94,94,1,-2
95,25,0,-1
95,95,0,2
95,95,1,1
96,26,0,-1
96,96,0,2
96,96,1,1
97,27,0,-1
97,97,0,2
97,97,1,-2
98,28,0,-1
98,98,0,1
99,29,0,-1
99,99,0,3
99,99,1,2
100,30,0,-1
100,100,0,2
100,100,1,-2

q_data
1,0,-640
2,0,-277
3,0,-292
3,1,-206
4,0,-210
5,0,263
6,0,-395
7,0,33
8,0,-265
9,0,-216
10,0,-452
10,1,-376
11,0,-698
11,1,-466
12,0,-443
12,1,177
13,0,-102
14,0,346
15,0,-380
16,0,-244
16,1,60
17,0,-736
18,0,-103
19,0,-859
20,0,597
21,0,-26
22,0,-598
23,0,100
24,0,-381
25,0,-193
25,1,-53
26,0,-183
27,0,-583
27,1,191
28,0,-230
29,0,389
30,0,-706
30,1,103
31,0,10
31,1,-5
32,0,-62
33,0,274
33,1,-192
34,0,-213
34,1,204
35,0,-573
36,0,-316
37,0,-774
38,0,-378
39,0,493
40,0,-209
41,0,173
42,0,-145
43,0,237
44,0,84
45,0,-573
46,0,-50
47,0,-514
48,0,-504
49,0,-540
50,0,137
50,1,-76
51,0,394
52,0,-755
53,0,297
54,0,-823
55,0,-248
56,0,-238
57,0,-43
58,0,-592
58,1,-556
59,0,-102
60,0,-634
61,0,-798
62,0,-36
63,0,112
63,1,-110
64,0,166
64,1,-153
65,0,-285
66,0,5
67,0,5
68,0,7
69,0,5
70,0,5
71,0,2
73,0,-5
74,0,-3
75,0,-7
76,0,-8
77,0,-3
77,1,-3
78,0,-1
78,1,-1
79,0,-7
81,0,-2
81,1,1
82,0,-16
83,0,-1
84,0,-1
85,0,-12
85,1,5
86,0,-1
87,0,-4
88,0,-11
89,0,-5
90,0,-8
91,0,6
92,0,-2
93,0,-6
94,0,4
95,0,-7
96,0,-4
97,0,-2
98,0,1
99,0,-10
99,1,-8
100,0,-2

Param_Space
1,1,-1
2,1,1

Param_Space_RHS
0
1

END
