LCP


h
75

k
1

M_data
1,14,0,-1
1,15,0,2
1,16,0,2
1,17,0,1
1,18,0,-2
1,19,0,-2
1,20,0,2
1,21,0,-2
1,22,0,2
1,23,0,-2
1,24,0,1
1,26,0,-2
1,27,0,-2
1,28,0,-1
1,30,0,2
1,31,0,-1
1,32,0,2
1,33,0,2
1,37,0,-2
1,38,0,-2
1,39,0,2
1,40,0,-2
1,41,0,-1
1,42,0,-2
1,43,0,1
1,44,0,2
1,46,0,-1
1,47,0,2
1,48,0,1
1,49,0,-2
1,50,0,1
1,51,0,-2
1,52,0,-2
1,53,0,1
1,55,0,2
1,56,0,1
1,59,0,1
1,60,0,-1
1,61,0,-2
1,62,0,2
1,63,0,-1
1,65,0,-1
1,66,0,-1
1,67,0,-2
1,68,0,-2
1,69,0,-1
1,71,0,-1
1,73,0,-2
1,74,0,-2
1,75,0,-2
2,16,0,2
2,17,0,-2
2,18,0,2
2,22,0,-1
2,23,0,-1
2,24,0,1
2,25,0,2
2,26,0,-2
2,27,0,1
2,28,0,1
2,29,0,-1
2,30,0,1
2,31,0,1
2,32,0,2
2,33,0,1
2,34,0,1
2,36,0,-2
2,37,0,1
2,38,0,-1
2,41,0,1
2,42,0,1
2,44,0,-1
2,45,0,-1
2,46,0,-2
2,47,0,-1
2,49,0,-1
2,52,0,1
2,53,0,-1
2,55,0,2
2,56,0,2
2,57,0,-1
2,58,0,2
2,59,0,2
2,60,0,2
2,62,0,1
2,63,0,-2
2,64,0,2
2,65,0,1
2,66,0,2
2,67,0,1
2,68,0,1
2,69,0,1
2,70,0,-1
2,71,0,1
2,72,0,2
3,14,0,-1
3,15,0,-2
3,16,0,2
3,18,0,-2
3,19,0,1
3,20,0,-2
3,21,0,2
3,22,0,1
3,23,0,-1
3,25,0,-1
3,26,0,2
3,27,0,1
3,28,0,-2
3,31,0,2
3,32,0,-2
3,33,0,2
3,35,0,2
3,36,0,-1
3,37,0,2
3,38,0,1
3,39,0,1
3,40,0,-1
3,41,0,1
3,42,0,2
3,43,0,-2
3,45,0,-2
3,46,0,-2
3,47,0,-1
3,49,0,-1
3,50,0,1
3,52,0,-2
3,54,0,-2
3,55,0,2
3,56,0,-2
3,57,0,2
3,59,0,1
3,60,0,-1
3,61,0,-1
3,63,0,-2
3,65,0,1
3,68,0,-2
3,70,0,-1
3,71,0,1
3,72,0,-2
3,73,0,-2
3,74,0,-1
3,75,0,-1
4,15,0,2
4,16,0,2
4,17,0,-1
4,20,0,2
4,21,0,2
4,22,0,2
4,26,0,2
4,28,0,-1
4,30,0,1
4,32,0,-2
4,33,0,-2
4,34,0,-1
4,35,0,2
4,37,0,2
4,40,0,2
4,42,0,-1
4,43,0,-1
4,45,0,2
4,48,0,1
4,49,0,-2
4,50,0,1
4,53,0,1
4,54,0,2
4,55,0,2
4,56,0,2
4,57,0,2
4,58,0,1
4,59,0,-2
4,60,0,-1
4,61,0,-2
4,63,0,-2
4,64,0,-2
4,66,0,1
4,68,0,1
4,69,0,-2
4,70,0,-2
4,72,0,-2
4,73,0,1
4,74,0,2
4,75,0,-2
5,14,0,-2
5,15,0,1
5,16,0,-2
5,17,0,2
5,18,0,2
5,19,0,-1
5,20,0,2
5,21,0,-2
5,22,0,-1
5,24,0,1
5,25,0,2
5,26,0,1
5,27,0,2
5,28,0,2
5,29,0,-2
5,30,0,1
5,31,0,1
5,32,0,-1
5,33,0,1
5,34,0,1
5,35,0,-1
5,36,0,2
5,37,0,2
5,38,0,-1
5,39,0,2
5,40,0,1
5,41,0,2
5,42,0,1
5,43,0,-2
5,45,0,-2
5,46,0,2
5,49,0,1
5,51,0,-2
5,52,0,2
5,53,0,1
5,54,0,-1
5,56,0,-1
5,57,0,-2
5,58,0,-1
5,59,0,2
5,60,0,-2
5,62,0,1
5,63,0,-2
5,64,0,-1
5,65,0,2
5,66,0,-1
5,70,0,-2
5,71,0,1
5,72,0,1
5,73,0,-2
5,74,0,2
5,75,0,-2
6,14,0,-1
6,15,0,-1
6,16,0,1
6,17,0,1
6,19,0,2
6,22,0,1
6,24,0,1
6,25,0,-1
6,26,0,2
6,27,0,-2
6,28,0,2
6,29,0,-2
6,30,0,-2
6,31,0,-2
6,32,0,1
6,33,0,-1
6,34,0,2
6,35,0,2
6,36,0,2
6,37,0,1
6,39,0,-1
6,40,0,-1
6,41,0,1
6,42,0,-2
6,44,0,-1
6,45,0,2
6,46,0,-1
6,47,0,-1
6,48,0,2
6,49,0,1
6,50,0,1
6,51,0,-2
6,52,0,2
6,53,0,-2
6,54,0,2
6,55,0,-1
6,56,0,2
6,57,0,2
6,58,0,-1
6,59,0,-1
6,60,0,-1
6,61,0,1
6,62,0,-1
6,63,0,-1
6,64,0,2
6,65,0,2
6,67,0,1
6,68,0,-2
6,69,0,-2
6,70,0,-2
6,72,0,1
6,74,0,-1
6,75,0,-2
7,14,0,2
7,15,0,2
7,16,0,-2
7,17,0,-1
7,18,0,2
7,19,0,-2
7,20,0,1
7,22,0,1
7,23,0,-1
7,24,0,1
7,25,0,-2
7,26,0,-2
7,27,0,2
7,31,0,-2
7,33,0,-2
7,34,0,1
7,35,0,-1
7,36,0,2
7,37,0,-1
7,38,0,2
7,39,0,-2
7,40,0,2
7,41,0,1
7,42,0,-1
7,43,0,-1
7,44,0,2
7,45,0,1
7,46,0,1
7,47,0,-2
7,48,0,2
7,49,0,1
7,51,0,-2
7,52,0,-1
7,53,0,-1
7,54,0,2
7,55,0,1
7,56,0,-2
7,57,0,-2
7,58,0,1
7,59,0,2
7,60,0,2
7,62,0,1
7,63,0,2
7,64,0,1
7,65,0,-1
7,66,0,-1
7,67,0,-1
7,68,0,-1
7,70,0,1
7,71,0,-2
7,72,0,2
7,73,0,-1
7,74,0,-2
7,75,0,2
8,14,0,2
8,15,0,-2
8,17,0,-1
8,18,0,1
8,19,0,-2
8,25,0,2
8,26,0,-2
8,27,0,-1
8,29,0,-1
8,31,0,2
8,32,0,-2
8,33,0,-2
8,34,0,-2
8,37,0,-1
8,38,0,1
8,39,0,2
8,40,0,2
8,41,0,1
8,42,0,-1
8,44,0,2
8,45,0,1
8,46,0,-2
8,47,0,-1
8,50,0,-1
8,51,0,-2
8,52,0,2
8,53,0,1
8,54,0,-1
8,56,0,-2
8,57,0,2
8,58,0,2
8,59,0,-2
8,61,0,1
8,62,0,2
8,63,0,1
8,64,0,-1
8,65,0,-2
8,66,0,2
8,68,0,2
8,69,0,-1
8,70,0,1
8,72,0,-1
8,73,0,1
8,74,0,-1
8,75,0,-1
9,14,0,1
9,15,0,2
9,17,0,1
9,18,0,1
9,19,0,-1
9,20,0,-2
9,21,0,1
9,22,0,1
9,23,0,-1
9,24,0,1
9,26,0,1
9,27,0,1
9,28,0,1
9,29,0,-2
9,30,0,1
9,31,0,-2
9,34,0,2
9,37,0,-1
9,39,0,2
9,40,0,1
9,41,0,2
9,42,0,2
9,44,0,2
9,45,0,1
9,46,0,2
9,47,0,-1
9,49,0,1
9,50,0,-1
9,51,0,-1
9,52,0,-1
9,53,0,1
9,54,0,-2
9,55,0,1
9,56,0,1
9,57,0,2
9,58,0,1
9,59,0,-2
9,60,0,2
9,61,0,-2
9,62,0,-2
9,63,0,-2
9,64,0,2
9,65,0,-1
9,66,0,-2
9,68,0,-1
9,69,0,2
9,70,0,-1
9,71,0,-1
9,72,0,1
9,73,0,2
9,74,0,-2
9,75,0,-2
10,14,0,-2
10,16,0,2
10,17,0,2
10,18,0,1
10,19,0,1
10,20,0,-2
10,21,0,2
10,22,0,-2
10,23,0,-1
10,24,0,1
10,25,0,2
10,26,0,1
10,27,0,-2
10,28,0,-1
10,29,0,-1
10,30,0,2
10,31,0,-2
10,32,0,-2
10,33,0,-1
10,34,0,-2
10,36,0,2
10,37,0,2
10,38,0,-1
10,39,0,-2
10,40,0,1
10,41,0,-1
10,42,0,1
10,43,0,-1
10,44,0,2
10,45,0,1
10,46,0,-2
10,48,0,2
10,50,0,-2
10,51,0,-1
10,52,0,-1
10,53,0,2
10,55,0,2
10,56,0,-2
10,57,0,1
10,58,0,-2
10,59,0,1
10,60,0,2
10,61,0,-2
10,62,0,-2
10,63,0,-1
10,64,0,1
10,65,0,2
10,66,0,-2
10,67,0,-2
10,68,0,1
10,69,0,-2
10,70,0,-2
10,71,0,-1
10,72,0,1
10,73,0,-2
10,74,0,2
10,75,0,2
11,14,0,2
11,15,0,1
11,16,0,1
11,18,0,2
11,19,0,2
11,20,0,-2
11,21,0,-1
11,23,0,-1
11,24,0,-1
11,26,0,1
11,28,0,1
11,29,0,-2
11,30,0,-2
11,31,0,-2
11,32,0,2
11,33,0,2
11,34,0,-2
11,36,0,2
11,37,0,-1
11,42,0,2
11,44,0,-2
11,47,0,-1
11,49,0,-1
11,50,0,-2
11,51,0,-2
11,52,0,-2
11,53,0,-1
11,54,0,2
11,55,0,-2
11,56,0,2
11,57,0,1
11,58,0,-1
11,59,0,2
11,60,0,-1
11,61,0,-2
11,63,0,-2
11,64,0,-2
11,65,0,-1
11,66,0,2
11,67,0,-2
11,68,0,-1
11,69,0,2
11,71,0,1
11,72,0,-2
11,73,0,2
11,74,0,-1
11,75,0,-1
12,14,0,-2
12,16,0,2
12,17,0,-2
12,18,0,-2
12,21,0,1
12,22,0,-1
12,23,0,2
12,25,0,-2
12,26,0,2
12,28,0,2
12,29,0,2
12,30,0,-1
12,31,0,2
12,32,0,-2
12,34,0,-2
12,35,0,2
12,36,0,-1
12,37,0,-1
12,38,0,-1
12,40,0,-1
12,41,0,-1
12,42,0,2
12,43,0,2
12,44,0,1
12,45,0,-2
12,46,0,2
12,47,0,2
12,48,0,1
12,50,0,2
12,51,0,-2
12,53,0,-2
12,54,0,2
12,55,0,-2
12,56,0,-1
12,57,0,1
12,58,0,1
12,59,0,-1
12,60,0,-1
12,61,0,1
12,62,0,-2
12,64,0,-2
12,66,0,-1
12,67,0,-1
12,68,0,-1
12,70,0,1
12,71,0,1
12,72,0,-2
12,73,0,2
12,74,0,2
12,75,0,1
13,14,0,-1
13,15,0,1
13,16,0,-2
13,18,0,1
13,20,0,-1
13,21,0,2
13,22,0,1
13,23,0,-1
13,24,0,-1
13,25,0,2
13,28,0,2
13,31,0,2
13,32,0,-2
13,33,0,-2
13,34,0,-2
13,35,0,1
13,36,0,-2
13,37,0,1
13,38,0,1
13,39,0,2
13,40,0,1
13,41,0,2
13,42,0,2
13,43,0,2
13,44,0,2
13,46,0,1
13,47,0,1
13,48,0,-1
13,51,0,-1
13,52,0,2
13,53,0,1
13,55,0,2
13,56,0,1
13,57,0,1
13,58,0,1
13,59,0,2
13,60,0,2
13,61,0,1
13,64,0,-2
13,65,0,-2
13,66,0,2
13,67,0,2
13,68,0,-2
13,69,0,1
13,70,0,2
13,72,0,2
13,73,0,-2
14,1,0,1
14,3,0,1
14,5,0,2
14,6,0,1
14,7,0,-2
14,8,0,-2
14,9,0,-1
14,10,0,2
14,11,0,-2
14,12,0,2
14,13,0,1
14,14,0,112
14,14,1,-5
14,15,0,1
14,15,1,2
14,16,1,15
14,17,0,2
14,17,1,-16
14,18,0,-9
14,18,1,35
14,19,0,5
14,19,1,1
14,20,0,-23
14,20,1,30
14,21,0,-14
14,21,1,17
14,22,0,-1
14,22,1,10
14,23,0,14
14,23,1,-1
14,24,0,4
14,24,1,19
14,25,0,-3
14,25,1,-2
14,26,0,-10
14,26,1,-2
14,27,0,4
14,27,1,-8
14,28,0,-4
14,28,1,-12
14,29,0,3
14,29,1,-18
14,30,0,16
14,30,1,-15
14,31,0,7
14,31,1,-14
14,32,0,-7
14,32,1,14
14,33,0,11
14,33,1,-7
14,34,0,-25
14,34,1,10
14,35,0,4
14,35,1,-7
14,36,0,-14
14,36,1,21
14,37,0,-13
14,37,1,24
14,38,0,21
14,38,1,18
14,39,0,-39
14,39,1,27
14,40,0,2
14,40,1,-2
14,41,1,8
14,42,0,11
14,43,0,39
14,43,1,-32
14,44,0,14
14,44,1,-4
14,45,0,-17
14,45,1,30
14,46,0,7
14,46,1,-24
14,47,0,4
14,47,1,3
14,48,0,-1
14,48,1,10
14,49,0,6
14,49,1,-10
14,50,0,-20
14,50,1,1
14,51,0,10
14,51,1,-14
14,52,0,23
14,52,1,-29
14,53,0,-13
14,53,1,13
14,54,0,4
14,55,0,-7
14,55,1,-4
14,56,0,9
14,56,1,-29
14,57,0,22
14,57,1,-1
14,58,0,17
14,58,1,-23
14,59,0,-22
14,59,1,24
14,60,0,6
14,61,0,-4
14,61,1,4
14,62,0,-3
14,62,1,14
14,63,0,-9
14,63,1,29
14,64,0,-5
14,64,1,9
14,65,0,-16
14,65,1,4
14,66,0,4
14,66,1,2
14,67,0,13
14,67,1,-34
14,68,0,4
14,68,1,-27
14,69,0,-22
14,69,1,35
14,70,0,-8
14,70,1,40
14,71,0,-18
14,71,1,14
14,72,0,-10
14,72,1,13
14,73,0,1
14,73,1,-13
14,74,0,9
14,74,1,-3
14,75,0,8
14,75,1,7
15,1,0,-2
15,3,0,2
15,4,0,-2
15,5,0,-1
15,6,0,1
15,7,0,-2
15,8,0,2
15,9,0,-2
15,11,0,-1
15,13,0,-1
15,14,0,1
15,14,1,2
15,15,0,82
15,15,1,-8
15,16,0,-2
15,16,1,1
15,17,0,-11
15,17,1,9
15,18,0,7
15,18,1,-13
15,19,0,12
15,19,1,-17
15,20,0,8
15,20,1,-15
15,21,0,-2
15,21,1,11
15,22,0,5
15,22,1,4
15,23,0,-10
15,23,1,5
15,24,0,-11
15,24,1,5
15,25,1,17
15,26,0,4
15,26,1,1
15,27,0,-5
15,27,1,5
15,28,0,-3
15,28,1,13
15,29,0,5
15,29,1,2
15,30,0,-1
15,30,1,-1
15,31,0,18
15,31,1,-25
15,32,0,-16
15,32,1,18
15,33,0,25
15,33,1,-14
15,34,0,-1
15,34,1,7
15,35,0,9
15,35,1,7
15,36,0,9
15,36,1,7
15,37,0,-10
15,37,1,15
15,38,0,-2
15,38,1,-15
15,39,0,5
15,39,1,-3
15,40,0,-25
15,40,1,40
15,41,0,4
15,41,1,14
15,42,0,13
15,42,1,-5
15,43,0,-4
15,43,1,1
15,44,0,-9
15,44,1,-1
15,45,0,-11
15,45,1,10
15,46,0,-14
15,46,1,29
15,47,0,7
15,47,1,1
15,48,0,25
15,48,1,-25
15,49,0,16
15,49,1,3
15,50,0,7
15,50,1,-15
15,51,0,3
15,52,0,-7
15,52,1,21
15,53,0,-17
15,53,1,4
15,54,1,7
15,55,0,-3
15,55,1,-4
15,56,0,9
15,56,1,-8
15,57,0,14
15,57,1,1
15,58,0,-6
15,58,1,8
15,59,0,19
15,59,1,-46
15,60,0,17
15,60,1,-3
15,61,0,-12
15,61,1,14
15,62,0,-12
15,62,1,5
15,63,0,-5
15,63,1,12
15,64,0,22
15,64,1,8
15,65,0,-2
15,65,1,8
15,66,0,5
15,66,1,2
15,67,0,-1
15,67,1,6
15,68,0,-5
15,68,1,8
15,69,0,4
15,69,1,-16
15,70,0,23
15,70,1,-19
15,71,0,6
15,71,1,-16
15,72,0,8
15,72,1,-2
15,73,0,-17
15,73,1,16
15,74,0,-6
15,74,1,4
15,75,0,-18
15,75,1,28
16,1,0,-2
16,2,0,-2
16,3,0,-2
16,4,0,-2
16,5,0,2
16,6,0,-1
16,7,0,2
16,10,0,-2
16,11,0,-1
16,12,0,-2
16,13,0,2
16,14,1,15
16,15,0,-2
16,15,1,1
16,16,0,84
16,16,1,17
16,17,0,14
16,17,1,3
16,18,0,16
16,18,1,-31
16,19,0,14
16,19,1,-39
16,20,0,23
16,20,1,-28
16,21,0,-11
16,21,1,11
16,22,0,5
16,22,1,-19
16,23,0,-7
16,23,1,20
16,24,0,19
16,24,1,-29
16,25,0,-5
16,25,1,9
16,26,0,4
16,26,1,-2
16,27,0,-15
16,27,1,-4
16,28,0,-1
16,28,1,-16
16,29,0,-7
16,29,1,24
16,30,0,3
16,30,1,-3
16,31,0,8
16,31,1,-9
16,32,0,-3
16,32,1,-8
16,33,0,-7
16,33,1,10
16,34,0,-7
16,34,1,9
16,35,0,-10
16,35,1,20
16,36,0,-4
16,36,1,-6
16,37,0,-14
16,37,1,17
16,38,0,5
16,38,1,6
16,39,0,9
16,39,1,-29
16,40,0,-4
16,40,1,10
16,41,0,14
16,41,1,5
16,42,0,-10
16,42,1,28
16,43,0,-3
16,44,0,5
16,44,1,7
16,45,0,-13
16,45,1,31
16,46,0,-10
16,46,1,1
16,47,0,-2
16,47,1,-16
16,48,0,15
16,48,1,-31
16,49,0,-11
16,49,1,15
16,50,0,-7
16,50,1,-5
16,51,0,4
16,51,1,-7
16,52,0,-7
16,52,1,28
16,53,0,-9
16,53,1,-2
16,54,0,2
16,54,1,-12
16,55,0,5
16,55,1,1
16,56,0,-4
16,56,1,5
16,57,0,-13
16,57,1,9
16,58,1,2
16,59,0,-2
16,59,1,11
16,60,0,4
16,60,1,9
16,61,0,-10
16,61,1,13
16,62,0,-9
16,62,1,-7
16,63,0,4
16,63,1,-10
16,64,0,6
16,64,1,-2
16,65,0,-8
16,65,1,-6
16,66,0,-4
16,66,1,-13
16,67,0,18
16,67,1,-14
16,68,0,-11
16,68,1,29
16,69,0,2
16,69,1,7
16,70,0,-1
16,70,1,-7
16,71,1,24
16,72,0,-15
16,72,1,14
16,73,0,-7
16,73,1,23
16,74,0,12
16,74,1,-10
16,75,0,-2
16,75,1,16
17,1,0,-1
17,2,0,2
17,4,0,1
17,5,0,-2
17,6,0,-1
17,7,0,1
17,8,0,1
17,9,0,-1
17,10,0,-2
17,12,0,2
17,14,0,2
17,14,1,-16
17,15,0,-11
17,15,1,9
17,16,0,14
17,16,1,3
17,17,0,97
17,18,0,-11
17,18,1,-6
17,19,0,-3
17,19,1,10
17,20,0,-14
17,20,1,19
17,21,0,-4
17,21,1,-8
17,22,0,10
17,22,1,-7
17,23,0,2
17,23,1,-5
17,24,0,17
17,24,1,-27
17,25,0,6
17,25,1,8
17,26,0,25
17,27,0,5
17,27,1,8
17,28,0,10
17,28,1,-16
17,29,0,-1
17,29,1,31
17,30,1,-3
17,31,0,16
17,31,1,-38
17,32,0,-3
17,32,1,-2
17,33,0,15
17,33,1,-11
17,34,0,-18
17,34,1,31
17,35,0,9
17,35,1,-15
17,36,0,-24
17,36,1,33
17,37,0,-1
17,37,1,12
17,38,0,-6
17,38,1,-11
17,39,1,3
17,40,0,-1
17,40,1,-10
17,41,0,-9
17,41,1,19
17,42,0,6
17,42,1,-5
17,43,0,2
17,43,1,8
17,44,0,14
17,44,1,-12
17,45,0,11
17,45,1,-16
17,46,0,-5
17,46,1,-7
17,47,0,2
17,47,1,-4
17,48,0,15
17,48,1,-21
17,49,0,7
17,49,1,4
17,50,0,-4
17,50,1,23
17,51,0,3
17,51,1,-26
17,52,0,11
17,52,1,17
17,53,0,5
17,54,0,-6
17,54,1,3
17,55,1,-1
17,56,0,8
17,56,1,-17
17,57,0,3
17,57,1,3
17,58,0,3
17,58,1,-6
17,59,0,-6
17,59,1,5
17,60,0,-13
17,60,1,15
17,61,0,11
17,61,1,-1
17,62,0,-9
17,62,1,10
17,63,0,18
17,63,1,-43
17,64,0,-15
17,64,1,7
17,65,0,4
17,65,1,-24
17,66,0,6
17,66,1,-13
17,67,0,-10
17,67,1,25
17,68,0,12
17,68,1,-26
17,69,0,-2
17,69,1,-2
17,70,0,12
17,70,1,-42
17,71,0,-7
17,71,1,-11
17,72,0,-7
17,72,1,33
17,73,0,7
17,73,1,18
17,74,0,-2
17,75,0,5
17,75,1,-19
18,1,0,2
18,2,0,-2
18,3,0,2
18,5,0,-2
18,7,0,-2
18,8,0,-1
18,9,0,-1
18,10,0,-1
18,11,0,-2
18,12,0,2
18,13,0,-1
18,14,0,-9
18,14,1,35
18,15,0,7
18,15,1,-13
18,16,0,16
18,16,1,-31
18,17,0,-11
18,17,1,-6
18,18,0,86
18,18,1,10
18,19,0,-5
18,19,1,11
18,20,0,17
18,20,1,-6
18,21,0,-9
18,21,1,5
18,22,0,16
18,22,1,-16
18,23,0,-12
18,23,1,14
18,24,0,-6
18,24,1,35
18,25,0,-17
18,25,1,-2
18,26,0,-12
18,26,1,14
18,27,0,-16
18,27,1,13
18,28,0,-8
18,28,1,2
18,29,0,-9
18,29,1,-2
18,30,0,-8
18,30,1,4
18,31,0,2
18,31,1,-3
18,32,0,2
18,32,1,-16
18,33,0,-21
18,33,1,10
18,34,0,17
18,34,1,-4
18,35,0,-12
18,35,1,-3
18,36,0,22
18,36,1,-25
18,37,0,-20
18,37,1,13
18,38,0,21
18,38,1,-13
18,39,0,4
18,39,1,-1
18,40,0,1
18,40,1,-8
18,41,0,-10
18,41,1,2
18,42,0,2
18,42,1,-14
18,43,0,-5
18,43,1,28
18,44,0,-10
18,44,1,4
18,45,0,-2
18,45,1,1
18,46,0,-15
18,46,1,-3
18,47,0,1
18,47,1,-14
18,48,0,11
18,48,1,-4
18,49,0,-14
18,49,1,6
18,50,0,-6
18,50,1,-10
18,51,0,7
18,51,1,-14
18,52,0,-16
18,52,1,-5
18,53,0,8
18,53,1,-22
18,54,0,6
18,54,1,15
18,55,0,13
18,55,1,-15
18,56,0,30
18,56,1,-36
18,57,0,1
18,57,1,5
18,58,0,-31
18,58,1,26
18,59,0,5
18,59,1,14
18,60,0,-4
18,60,1,-6
18,61,0,2
18,61,1,9
18,62,0,2
18,62,1,10
18,63,0,-1
18,63,1,-1
18,64,0,26
18,64,1,-26
18,65,1,19
18,66,0,-18
18,66,1,25
18,67,0,8
18,67,1,-39
18,68,0,-15
18,68,1,16
18,69,0,4
18,69,1,4
18,70,0,17
18,70,1,6
18,71,0,20
18,71,1,-22
18,72,0,11
18,72,1,-10
18,73,0,-24
18,73,1,43
18,74,0,2
18,74,1,8
18,75,0,-3
18,75,1,12
19,1,0,2
19,3,0,-1
19,5,0,1
19,6,0,-2
19,7,0,2
19,8,0,2
19,9,0,1
19,10,0,-1
19,11,0,-2
19,14,0,5
19,14,1,1
19,15,0,12
19,15,1,-17
19,16,0,14
19,16,1,-39
19,17,0,-3
19,17,1,10
19,18,0,-5
19,18,1,11
19,19,0,88
19,19,1,11
19,20,1,12
19,21,1,3
19,22,0,3
19,22,1,6
19,23,0,-5
19,23,1,4
19,24,0,-3
19,24,1,-2
19,25,0,9
19,25,1,-12
19,26,0,-3
19,26,1,5
19,27,0,-4
19,27,1,16
19,28,0,-9
19,28,1,-1
19,29,0,7
19,29,1,-6
19,30,0,-1
19,30,1,19
19,31,0,9
19,31,1,-26
19,32,0,8
19,32,1,-8
19,33,0,-7
19,33,1,21
19,34,0,2
19,34,1,-2
19,35,1,-18
19,36,0,-8
19,36,1,13
19,37,0,-3
19,37,1,34
19,38,0,2
19,39,0,15
19,39,1,2
19,40,0,-5
19,40,1,2
19,41,0,5
19,41,1,8
19,42,0,-22
19,42,1,25
19,43,0,-2
19,43,1,25
19,44,0,-10
19,44,1,-11
19,45,0,1
19,45,1,-8
19,46,1,-11
19,47,0,21
19,47,1,-2
19,48,0,7
19,48,1,-5
19,49,0,5
19,49,1,-15
19,50,0,14
19,50,1,-16
19,51,0,29
19,51,1,-29
19,52,0,1
19,52,1,-10
19,53,0,-2
19,53,1,-2
19,54,0,15
19,54,1,-18
19,55,0,-2
19,55,1,-8
19,56,0,8
19,56,1,-24
19,57,0,-6
19,57,1,10
19,58,0,6
19,58,1,-4
19,59,0,-6
19,60,0,-5
19,60,1,19
19,61,0,-12
19,61,1,15
19,62,0,-2
19,62,1,10
19,63,0,-17
19,63,1,28
19,64,0,18
19,64,1,-55
19,65,0,-3
19,65,1,6
19,66,0,4
19,66,1,-25
19,67,0,-15
19,67,1,23
19,68,1,-9
19,69,0,-11
19,69,1,2
19,70,0,4
19,70,1,9
19,71,0,3
19,71,1,-13
19,72,1,3
19,73,0,-24
19,73,1,30
19,74,1,10
19,75,0,2
19,75,1,17
20,1,0,-2
20,3,0,2
20,4,0,-2
20,5,0,-2
20,7,0,-1
20,9,0,2
20,10,0,2
20,11,0,2
20,13,0,1
20,14,0,-23
20,14,1,30
20,15,0,8
20,15,1,-15
20,16,0,23
20,16,1,-28
20,17,0,-14
20,17,1,19
20,18,0,17
20,18,1,-6
20,19,1,12
20,20,0,100
20,20,1,-14
20,21,0,-7
20,21,1,12
20,22,0,-3
20,22,1,6
20,23,0,-21
20,23,1,12
20,24,0,13
20,24,1,-21
20,25,0,-5
20,25,1,16
20,26,0,-23
20,26,1,26
20,27,0,-12
20,27,1,11
20,28,0,4
20,28,1,-9
20,29,0,-27
20,29,1,28
20,30,0,-20
20,30,1,30
20,31,0,4
20,31,1,-18
20,32,0,7
20,32,1,8
20,33,0,-16
20,33,1,16
20,34,0,14
20,34,1,-8
20,35,0,1
20,35,1,-2
20,36,0,-2
20,36,1,-1
20,37,0,23
20,37,1,-21
20,38,0,-12
20,38,1,16
20,39,0,-9
20,39,1,18
20,40,0,14
20,40,1,-11
20,41,0,4
20,41,1,-20
20,42,0,-7
20,42,1,-4
20,43,0,-16
20,43,1,35
20,44,0,-5
20,45,0,-4
20,45,1,3
20,46,0,-6
20,46,1,-4
20,47,0,8
20,47,1,3
20,48,0,-5
20,48,1,24
20,49,0,-10
20,49,1,-6
20,50,0,1
20,50,1,-12
20,51,0,15
20,51,1,-20
20,52,0,-2
20,52,1,-5
20,53,0,-19
20,53,1,20
20,54,0,8
20,54,1,-13
20,55,0,4
20,55,1,-18
20,56,0,-11
20,56,1,9
20,57,0,-3
20,57,1,18
20,58,0,-3
20,58,1,-16
20,59,0,-4
20,59,1,-9
20,60,0,6
20,60,1,3
20,61,0,-11
20,61,1,14
20,62,0,2
20,62,1,-12
20,63,0,-11
20,63,1,10
20,64,0,21
20,64,1,-21
20,65,0,26
20,65,1,-35
20,66,0,-8
20,66,1,12
20,67,0,-14
20,67,1,-2
20,68,0,1
20,68,1,-18
20,69,1,4
20,70,0,7
20,70,1,3
20,71,1,-19
20,72,0,-13
20,72,1,3
20,73,0,-12
20,73,1,26
20,74,0,-3
20,74,1,24
20,75,0,6
20,75,1,-9
21,1,0,2
21,3,0,-2
21,4,0,-2
21,5,0,2
21,9,0,-1
21,10,0,-2
21,11,0,1
21,12,0,-1
21,13,0,-2
21,14,0,-14
21,14,1,17
21,15,0,-2
21,15,1,11
21,16,0,-11
21,16,1,11
21,17,0,-4
21,17,1,-8
21,18,0,-9
21,18,1,5
21,19,1,3
21,20,0,-7
21,20,1,12
21,21,0,99
21,21,1,-27
21,22,0,7
21,22,1,11
21,23,0,9
21,23,1,-8
21,24,0,-14
21,24,1,15
21,25,0,10
21,25,1,-6
21,26,0,12
21,26,1,-6
21,27,0,-1
21,27,1,-6
21,28,0,4
21,28,1,2
21,29,0,4
21,29,1,-21
21,30,0,-9
21,30,1,-10
21,31,0,-2
21,31,1,-1
21,32,0,20
21,32,1,-21
21,33,0,-10
21,33,1,14
21,34,0,-1
21,34,1,-12
21,35,0,-11
21,35,1,15
21,36,0,3
21,36,1,8
21,37,0,3
21,37,1,-9
21,38,0,-11
21,38,1,12
21,39,0,6
21,39,1,2
21,40,0,-14
21,40,1,16
21,41,0,11
21,41,1,-25
21,42,0,4
21,42,1,-10
21,43,0,-1
21,43,1,3
21,44,0,-9
21,44,1,8
21,45,0,7
21,45,1,-42
21,46,1,6
21,47,0,-11
21,47,1,12
21,48,0,-10
21,48,1,12
21,49,0,-2
21,49,1,12
21,50,0,18
21,50,1,-31
21,51,0,-21
21,51,1,12
21,52,0,2
21,52,1,5
21,53,0,-8
21,53,1,6
21,54,0,-3
21,55,0,2
21,55,1,-1
21,56,0,7
21,56,1,-17
21,57,0,5
21,57,1,-4
21,58,0,6
21,58,1,18
21,59,0,6
21,59,1,-5
21,60,0,-28
21,60,1,39
21,61,0,-7
21,61,1,-6
21,62,1,-6
21,63,0,-9
21,63,1,2
21,64,0,4
21,64,1,-7
21,65,0,-3
21,65,1,23
21,66,0,-10
21,66,1,16
21,67,0,4
21,67,1,4
21,68,0,23
21,68,1,-17
21,69,0,23
21,69,1,-39
21,70,0,20
21,70,1,-15
21,71,0,10
21,71,1,-2
21,72,0,-14
21,72,1,6
21,73,0,5
21,73,1,-20
21,74,0,-10
21,74,1,-2
21,75,0,18
21,75,1,-22
22,1,0,-2
22,2,0,1
22,3,0,-1
22,4,0,-2
22,5,0,1
22,6,0,-1
22,7,0,-1
22,9,0,-1
22,10,0,2
22,12,0,1
22,13,0,-1
22,14,0,-1
22,14,1,10
22,15,0,5
22,15,1,4
22,16,0,5
22,16,1,-19
22,17,0,10
22,17,1,-7
22,18,0,16
22,18,1,-16
22,19,0,3
22,19,1,6
22,20,0,-3
22,20,1,6
22,21,0,7
22,21,1,11
22,22,0,79
22,22,1,4
22,23,0,-5
22,23,1,8
22,24,0,-7
22,24,1,15
22,25,0,-4
22,26,0,-5
22,26,1,12
22,27,0,5
22,27,1,6
22,28,0,2
22,28,1,11
22,29,0,-2
22,29,1,14
22,30,0,-2
22,30,1,10
22,31,0,-20
22,31,1,-3
22,32,0,9
22,32,1,8
22,33,0,14
22,33,1,-4
22,34,0,-5
22,34,1,-10
22,35,0,7
22,35,1,1
22,36,0,23
22,37,0,-4
22,37,1,8
22,38,0,-6
22,38,1,2
22,39,0,-1
22,39,1,4
22,40,0,2
22,40,1,-24
22,41,0,6
22,41,1,-10
22,42,0,4
22,42,1,1
22,43,0,4
22,43,1,6
22,44,0,-8
22,44,1,10
22,45,0,-3
22,45,1,-6
22,46,0,-5
22,46,1,7
22,47,0,-11
22,47,1,18
22,48,0,30
22,48,1,-9
22,49,0,-20
22,49,1,31
22,50,0,-14
22,50,1,-3
22,51,0,-5
22,51,1,5
22,52,0,-15
22,52,1,36
22,53,0,16
22,53,1,-10
22,54,0,5
22,54,1,-16
22,55,0,7
22,55,1,-13
22,56,0,-19
22,56,1,8
22,57,0,15
22,57,1,2
22,58,0,-7
22,58,1,2
22,59,0,1
22,59,1,-14
22,60,0,-7
22,60,1,12
22,61,0,-6
22,61,1,5
22,62,0,-18
22,62,1,23
22,63,0,4
22,63,1,-15
22,64,0,6
22,64,1,3
22,65,0,-1
22,65,1,-10
22,66,0,-8
22,66,1,23
22,67,0,-10
22,67,1,7
22,68,1,7
22,69,0,10
22,69,1,-7
22,70,0,23
22,70,1,-24
22,71,0,10
22,71,1,-25
22,72,0,-6
22,72,1,7
22,73,0,2
22,74,0,3
22,75,0,22
22,75,1,-19
23,1,0,2
23,2,0,1
23,3,0,1
23,7,0,1
23,9,0,1
23,10,0,1
23,11,0,1
23,12,0,-2
23,13,0,1
23,14,0,14
23,14,1,-1
23,15,0,-10
23,15,1,5
23,16,0,-7
23,16,1,20
23,17,0,2
23,17,1,-5
23,18,0,-12
23,18,1,14
23,19,0,-5
23,19,1,4
23,20,0,-21
23,20,1,12
23,21,0,9
23,21,1,-8
23,22,0,-5
23,22,1,8
23,23,0,109
23,23,1,-30
23,24,0,-1
23,24,1,8
23,25,0,17
23,25,1,-14
23,26,0,16
23,26,1,-15
23,27,0,-4
23,27,1,7
23,28,0,11
23,28,1,-17
23,29,0,20
23,29,1,-19
23,30,0,3
23,30,1,-19
23,31,0,-5
23,31,1,16
23,32,0,-3
23,32,1,7
23,33,0,9
23,33,1,-8
23,34,0,3
23,34,1,-23
23,35,0,10
23,35,1,8
23,36,0,16
23,36,1,-17
23,37,0,-1
23,37,1,6
23,38,0,-2
23,38,1,12
23,39,0,1
23,39,1,-21
23,40,0,-6
23,40,1,-7
23,41,0,12
23,41,1,-15
23,42,0,17
23,42,1,-13
23,43,0,12
23,43,1,-11
23,44,0,-4
23,44,1,-4
23,45,0,-4
23,45,1,-6
23,46,0,13
23,46,1,-28
23,47,0,12
23,47,1,-16
23,48,0,-18
23,48,1,33
23,49,0,10
23,49,1,-8
23,50,0,1
23,50,1,-10
23,51,0,8
23,51,1,-1
23,52,0,32
23,52,1,-50
23,53,0,1
23,53,1,12
23,54,0,-15
23,54,1,1
23,55,0,14
23,55,1,6
23,56,0,16
23,56,1,-41
23,57,0,-4
23,57,1,4
23,58,0,-21
23,58,1,18
23,59,0,-9
23,59,1,-4
23,60,0,-3
23,61,0,10
23,61,1,-33
23,62,0,-14
23,62,1,18
23,63,0,12
23,63,1,-23
23,64,0,-5
23,64,1,15
23,65,0,18
23,65,1,-21
23,66,0,-17
23,66,1,12
23,67,0,-8
23,67,1,12
23,68,0,16
23,68,1,-10
23,69,1,-22
23,70,0,-31
23,70,1,31
23,71,0,-13
23,71,1,9
23,72,0,2
23,72,1,5
23,73,0,-16
23,73,1,11
23,74,0,15
23,74,1,-11
23,75,0,2
23,75,1,3
24,1,0,-1
24,2,0,-1
24,5,0,-1
24,6,0,-1
24,7,0,-1
24,9,0,-1
24,10,0,-1
24,11,0,1
24,13,0,1
24,14,0,4
24,14,1,19
24,15,0,-11
24,15,1,5
24,16,0,19
24,16,1,-29
24,17,0,17
24,17,1,-27
24,18,0,-6
24,18,1,35
24,19,0,-3
24,19,1,-2
24,20,0,13
24,20,1,-21
24,21,0,-14
24,21,1,15
24,22,0,-7
24,22,1,15
24,23,0,-1
24,23,1,8
24,24,0,102
24,24,1,12
24,25,0,-3
24,25,1,18
24,26,0,-4
24,26,1,-4
24,27,0,-4
24,27,1,-4
24,28,0,-4
24,28,1,-3
24,29,0,-18
24,29,1,3
24,30,0,4
24,30,1,6
24,31,0,-8
24,31,1,25
24,32,0,-16
24,32,1,21
24,33,0,11
24,33,1,-7
24,34,0,6
24,34,1,3
24,35,0,-35
24,35,1,23
24,36,0,9
24,36,1,-12
24,37,0,-22
24,37,1,9
24,38,0,-5
24,38,1,30
24,39,0,6
24,39,1,-1
24,40,0,-5
24,40,1,-10
24,41,0,1
24,41,1,-19
24,42,0,2
24,42,1,-23
24,43,0,5
24,43,1,-13
24,44,0,-2
24,44,1,1
24,45,0,9
24,45,1,-15
24,46,0,-6
24,46,1,-21
24,47,0,-6
24,47,1,13
24,48,0,-2
24,48,1,18
24,49,0,2
24,49,1,26
24,50,0,8
24,50,1,-21
24,51,1,16
24,52,0,20
24,52,1,-24
24,53,0,-2
24,54,0,3
24,55,0,-14
24,55,1,22
24,56,0,2
24,56,1,-3
24,57,0,1
24,57,1,-1
24,58,0,2
24,58,1,5
24,59,0,-18
24,59,1,8
24,60,0,-4
24,60,1,-15
24,61,0,-2
24,61,1,-4
24,62,0,-8
24,62,1,17
24,63,0,12
24,63,1,-16
24,64,0,-16
24,64,1,22
24,65,0,-7
24,65,1,3
24,66,0,8
24,66,1,-7
24,67,0,-12
24,67,1,1
24,68,0,-11
24,68,1,23
24,69,0,-11
24,69,1,25
24,70,0,6
24,70,1,-20
24,71,0,-1
24,71,1,-15
24,72,0,-6
24,72,1,-1
24,73,0,-18
24,73,1,14
24,74,0,-7
24,74,1,1
24,75,0,14
24,75,1,-32
25,2,0,-2
25,3,0,1
25,5,0,-2
25,6,0,1
25,7,0,2
25,8,0,-2
25,10,0,-2
25,12,0,2
25,13,0,-2
25,14,0,-3
25,14,1,-2
25,15,1,17
25,16,0,-5
25,16,1,9
25,17,0,6
25,17,1,8
25,18,0,-17
25,18,1,-2
25,19,0,9
25,19,1,-12
25,20,0,-5
25,20,1,16
25,21,0,10
25,21,1,-6
25,22,0,-4
25,23,0,17
25,23,1,-14
25,24,0,-3
25,24,1,18
25,25,0,98
25,25,1,2
25,26,0,12
25,26,1,-15
25,27,0,-16
25,27,1,-15
25,28,0,14
25,28,1,-20
25,29,0,13
25,29,1,-22
25,30,0,-4
25,30,1,9
25,31,0,-11
25,31,1,2
25,32,0,13
25,32,1,-14
25,33,0,-21
25,33,1,36
25,34,0,-1
25,34,1,16
25,35,0,25
25,35,1,-16
25,36,0,-12
25,36,1,6
25,37,0,19
25,37,1,-3
25,38,0,-17
25,38,1,10
25,39,0,-3
25,39,1,6
25,40,0,-22
25,40,1,19
25,41,1,-4
25,42,0,2
25,42,1,-23
25,43,0,18
25,43,1,-29
25,44,0,18
25,44,1,-38
25,45,0,22
25,45,1,-37
25,46,0,15
25,46,1,-18
25,47,0,-3
25,47,1,-5
25,48,1,5
25,49,0,-2
25,49,1,6
25,50,0,11
25,50,1,-13
25,51,0,-10
25,51,1,20
25,52,0,15
25,52,1,5
25,53,0,-1
25,53,1,12
25,54,0,11
25,54,1,-11
25,55,0,-14
25,56,0,2
25,56,1,-21
25,57,0,-7
25,57,1,1
25,58,1,9
25,59,0,-12
25,59,1,-30
25,60,0,-11
25,60,1,8
25,61,1,2
25,62,0,-13
25,62,1,22
25,63,0,-7
25,63,1,1
25,64,0,5
25,64,1,5
25,65,0,6
25,65,1,-1
25,66,0,-16
25,66,1,5
25,67,0,3
25,67,1,14
25,68,0,9
25,68,1,-24
25,69,0,32
25,69,1,-25
25,70,0,-7
25,70,1,4
25,71,0,-3
25,71,1,-14
25,72,0,-4
25,72,1,7
25,73,0,16
25,73,1,-25
25,74,0,6
25,74,1,-2
25,75,0,5
25,75,1,-2
26,1,0,2
26,2,0,2
26,3,0,-2
26,4,0,-2
26,5,0,-1
26,6,0,-2
26,7,0,2
26,8,0,2
26,9,0,-1
26,10,0,-1
26,11,0,-1
26,12,0,-2
26,14,0,-10
26,14,1,-2
26,15,0,4
26,15,1,1
26,16,0,4
26,16,1,-2
26,17,0,25
26,18,0,-12
26,18,1,14
26,19,0,-3
26,19,1,5
26,20,0,-23
26,20,1,26
26,21,0,12
26,21,1,-6
26,22,0,-5
26,22,1,12
26,23,0,16
26,23,1,-15
26,24,0,-4
26,24,1,-4
26,25,0,12
26,25,1,-15
26,26,0,109
26,26,1,-54
26,27,1,19
26,28,0,14
26,28,1,-22
26,29,0,-5
26,29,1,23
26,30,0,4
26,30,1,5
26,31,0,2
26,31,1,-16
26,32,0,8
26,32,1,-10
26,33,0,-2
26,33,1,10
26,34,0,-19
26,34,1,18
26,35,0,-14
26,35,1,1
26,36,0,-8
26,36,1,11
26,37,0,6
26,37,1,-16
26,38,0,-19
26,38,1,-7
26,39,0,21
26,39,1,-23
26,40,0,-12
26,40,1,1
26,41,0,-15
26,41,1,15
26,42,0,27
26,42,1,-24
26,43,0,-10
26,43,1,9
26,44,0,-9
26,44,1,12
26,45,0,18
26,45,1,-29
26,46,0,5
26,46,1,-18
26,47,0,4
26,47,1,5
26,48,0,3
26,48,1,-10
26,49,0,-3
26,49,1,7
26,50,0,-7
26,50,1,8
26,51,0,-9
26,51,1,2
26,52,0,15
26,52,1,-8
26,53,0,-12
26,53,1,19
26,54,0,-13
26,54,1,18
26,55,0,7
26,55,1,-6
26,56,0,17
26,56,1,-32
26,57,0,-10
26,57,1,8
26,58,0,-19
26,58,1,20
26,59,0,42
26,59,1,-41
26,60,0,-9
26,60,1,18
26,61,0,-11
26,61,1,22
26,62,0,-23
26,62,1,28
26,63,0,19
26,63,1,-32
26,64,0,-12
26,64,1,10
26,65,0,-8
26,65,1,8
26,66,0,-3
26,66,1,19
26,67,0,21
26,67,1,-14
26,68,0,-8
26,68,1,21
26,69,0,-3
26,69,1,-15
26,70,0,4
26,70,1,-19
26,71,0,9
26,71,1,-11
26,72,0,1
26,72,1,4
26,73,0,-6
26,73,1,31
26,74,0,-5
26,74,1,12
26,75,0,-1
26,75,1,3
27,1,0,2
27,2,0,-1
27,3,0,-1
27,5,0,-2
27,6,0,2
27,7,0,-2
27,8,0,1
27,9,0,-1
27,10,0,2
27,14,0,4
27,14,1,-8
27,15,0,-5
27,15,1,5
27,16,0,-15
27,16,1,-4
27,17,0,5
27,17,1,8
27,18,0,-16
27,18,1,13
27,19,0,-4
27,19,1,16
27,20,0,-12
27,20,1,11
27,21,0,-1
27,21,1,-6
27,22,0,5
27,22,1,6
27,23,0,-4
27,23,1,7
27,24,0,-4
27,24,1,-4
27,25,0,-16
27,25,1,-15
27,26,1,19
27,27,0,97
27,27,1,-11
27,28,0,6
27,28,1,-10
27,29,0,-3
27,29,1,21
27,30,0,5
27,30,1,-6
27,31,0,6
27,31,1,1
27,32,0,-3
27,32,1,13
27,33,0,14
27,33,1,-6
27,34,0,-15
27,34,1,5
27,35,0,-2
27,35,1,22
27,36,0,-16
27,36,1,28
27,37,0,16
27,37,1,-29
27,38,0,-7
27,38,1,-13
27,39,0,-10
27,39,1,-6
27,40,0,4
27,40,1,-14
27,41,0,16
27,41,1,-15
27,42,0,10
27,42,1,-3
27,43,0,1
27,43,1,-11
27,44,0,5
27,44,1,5
27,45,0,8
27,45,1,9
27,46,0,-3
27,47,1,10
27,48,0,13
27,48,1,5
27,49,0,-3
27,49,1,16
27,50,0,3
27,50,1,-5
27,51,0,17
27,51,1,-7
27,52,0,12
27,52,1,-20
27,53,0,5
27,53,1,-12
27,54,0,-28
27,54,1,9
27,55,0,4
27,55,1,-9
27,56,0,-9
27,56,1,-2
27,57,0,-5
27,57,1,6
27,58,0,8
27,58,1,1
27,59,0,4
27,59,1,4
27,60,0,9
27,60,1,3
27,61,0,-2
27,61,1,-7
27,62,0,10
27,62,1,-16
27,63,1,1
27,64,0,-16
27,64,1,11
27,65,0,10
27,65,1,-2
27,66,0,-3
27,66,1,7
27,67,0,-3
27,67,1,-9
27,68,0,27
27,68,1,-5
27,69,0,-7
27,69,1,6
27,70,0,-3
27,70,1,-20
27,71,0,1
27,71,1,-2
27,72,0,9
27,72,1,-6
27,73,0,10
27,73,1,17
27,74,0,-15
27,74,1,23
27,75,0,-3
27,75,1,-1
28,1,0,1
28,2,0,-1
28,3,0,2
28,4,0,1
28,5,0,-2
28,6,0,-2
28,9,0,-1
28,10,0,1
28,11,0,-1
28,12,0,-2
28,13,0,-2
28,14,0,-4
28,14,1,-12
28,15,0,-3
28,15,1,13
28,16,0,-1
28,16,1,-16
28,17,0,10
28,17,1,-16
28,18,0,-8
28,18,1,2
28,19,0,-9
28,19,1,-1
28,20,0,4
28,20,1,-9
28,21,0,4
28,21,1,2
28,22,0,2
28,22,1,11
28,23,0,11
28,23,1,-17
28,24,0,-4
28,24,1,-3
28,25,0,14
28,25,1,-20
28,26,0,14
28,26,1,-22
28,27,0,6
28,27,1,-10
28,28,0,83
28,28,1,4
28,29,0,-4
28,29,1,2
28,30,0,-4
28,31,0,-8
28,31,1,-4
28,32,0,19
28,32,1,-28
28,33,0,4
28,33,1,10
28,34,0,-12
28,34,1,24
28,35,0,6
28,35,1,-1
28,36,0,-19
28,36,1,21
28,37,0,15
28,37,1,-23
28,38,0,-2
28,38,1,-8
28,39,0,-8
28,39,1,16
28,40,0,-13
28,40,1,3
28,41,0,-5
28,41,1,8
28,42,0,24
28,42,1,-38
28,43,0,26
28,43,1,-21
28,44,0,-8
28,44,1,10
28,45,0,-6
28,45,1,-4
28,46,0,-2
28,46,1,-4
28,47,0,-9
28,47,1,3
28,48,0,-22
28,48,1,22
28,49,0,8
28,49,1,-8
28,50,0,2
28,50,1,5
28,51,0,10
28,51,1,-13
28,52,0,12
28,52,1,1
28,53,0,3
28,53,1,-15
28,54,0,-7
28,54,1,9
28,55,1,1
28,56,0,4
28,56,1,-4
28,57,0,-21
28,57,1,26
28,58,0,7
28,58,1,-5
28,59,0,8
28,59,1,-25
28,60,0,5
28,60,1,-21
28,61,0,5
28,61,1,-8
28,62,0,-12
28,62,1,17
28,63,0,-5
28,63,1,6
28,64,0,-10
28,64,1,20
28,65,0,3
28,66,0,-13
28,66,1,42
28,67,0,12
28,67,1,-20
28,68,0,-13
28,68,1,8
28,69,0,7
28,69,1,-22
28,70,0,-9
28,70,1,8
28,71,0,-12
28,71,1,14
28,72,0,-10
28,72,1,11
28,73,0,7
28,73,1,-17
28,74,0,11
28,74,1,-15
28,75,0,-2
28,75,1,18
29,2,0,1
29,5,0,2
29,6,0,2
29,8,0,1
29,9,0,2
29,10,0,1
29,11,0,2
29,12,0,-2
29,14,0,3
29,14,1,-18
29,15,0,5
29,15,1,2
29,16,0,-7
29,16,1,24
29,17,0,-1
29,17,1,31
29,18,0,-9
29,18,1,-2
29,19,0,7
29,19,1,-6
29,20,0,-27
29,20,1,28
29,21,0,4
29,21,1,-21
29,22,0,-2
29,22,1,14
29,23,0,20
29,23,1,-19
29,24,0,-18
29,24,1,3
29,25,0,13
29,25,1,-22
29,26,0,-5
29,26,1,23
29,27,0,-3
29,27,1,21
29,28,0,-4
29,28,1,2
29,29,0,84
29,29,1,1
29,30,0,27
29,30,1,-20
29,31,0,3
29,31,1,-15
29,32,0,3
29,32,1,-7
29,33,0,3
29,34,0,-3
29,35,0,6
29,35,1,-2
29,36,0,-2
29,36,1,25
29,37,0,-4
29,37,1,3
29,38,0,11
29,38,1,-30
29,39,0,-3
29,39,1,4
29,40,0,-10
29,40,1,8
29,41,0,1
29,41,1,-1
29,42,1,-14
29,43,0,14
29,43,1,-12
29,44,1,-29
29,45,0,3
29,45,1,-3
29,46,0,2
29,46,1,-4
29,47,1,6
29,48,0,-5
29,48,1,20
29,49,0,-2
29,49,1,18
29,50,0,33
29,50,1,-43
29,51,0,-6
29,51,1,-1
29,52,0,4
29,52,1,20
29,53,0,7
29,53,1,-5
29,54,0,-25
29,54,1,23
29,55,1,7
29,56,0,6
29,56,1,4
29,57,0,-9
29,57,1,2
29,58,0,-2
29,58,1,-4
29,59,0,19
29,59,1,-25
29,60,0,4
29,60,1,6
29,61,0,11
29,61,1,1
29,62,0,-5
29,62,1,-4
29,63,0,12
29,63,1,-4
29,64,0,-1
29,64,1,17
29,65,0,-12
29,65,1,-19
29,66,0,13
29,66,1,-21
29,67,0,-1
29,67,1,-11
29,68,0,7
29,69,0,-2
29,69,1,-3
29,70,0,-23
29,70,1,11
29,71,0,6
29,71,1,-17
29,72,1,-4
29,73,0,-5
29,73,1,14
29,74,0,10
29,74,1,7
29,75,0,-9
29,75,1,-6
30,1,0,-2
30,2,0,-1
30,4,0,-1
30,5,0,-1
30,6,0,2
30,9,0,-1
30,10,0,-2
30,11,0,2
30,12,0,1
30,14,0,16
30,14,1,-15
30,15,0,-1
30,15,1,-1
30,16,0,3
30,16,1,-3
30,17,1,-3
30,18,0,-8
30,18,1,4
30,19,0,-1
30,19,1,19
30,20,0,-20
30,20,1,30
30,21,0,-9
30,21,1,-10
30,22,0,-2
30,22,1,10
30,23,0,3
30,23,1,-19
30,24,0,4
30,24,1,6
30,25,0,-4
30,25,1,9
30,26,0,4
30,26,1,5
30,27,0,5
30,27,1,-6
30,28,0,-4
30,29,0,27
30,29,1,-20
30,30,0,97
30,30,1,-10
30,31,0,1
30,31,1,4
30,32,0,20
30,32,1,-21
30,33,0,11
30,33,1,11
30,34,0,-23
30,34,1,38
30,35,0,-13
30,35,1,16
30,36,0,-4
30,37,0,-12
30,37,1,16
30,38,0,8
30,38,1,-13
30,39,0,-9
30,39,1,26
30,40,0,-18
30,40,1,1
30,41,0,6
30,41,1,-6
30,42,0,-4
30,43,0,6
30,43,1,4
30,44,0,-5
30,44,1,3
30,45,0,6
30,45,1,11
30,46,0,-13
30,46,1,11
30,47,0,-2
30,47,1,-3
30,48,0,-19
30,48,1,18
30,49,0,25
30,49,1,-50
30,50,0,26
30,50,1,-22
30,51,0,11
30,51,1,-7
30,52,0,-23
30,52,1,17
30,53,0,18
30,53,1,-21
30,54,0,-24
30,54,1,29
30,55,0,-4
30,55,1,16
30,56,0,-8
30,57,0,-12
30,57,1,6
30,58,0,-1
30,58,1,-10
30,59,0,10
30,59,1,-24
30,60,0,-8
30,60,1,10
30,61,0,12
30,61,1,9
30,62,0,1
30,62,1,16
30,63,0,-2
30,63,1,18
30,64,0,-17
30,64,1,2
30,65,0,-14
30,65,1,7
30,66,0,-3
30,66,1,5
30,67,0,-5
30,67,1,20
30,68,0,-7
30,68,1,-10
30,69,0,-3
30,70,0,-5
30,70,1,-16
30,71,0,16
30,71,1,-12
30,72,0,-5
30,72,1,-15
30,73,0,3
30,73,1,16
30,74,0,12
30,74,1,-2
30,75,0,-4
30,75,1,33
31,1,0,1
31,2,0,-1
31,3,0,-2
31,5,0,-1
31,6,0,2
31,7,0,2
31,8,0,-2
31,9,0,2
31,10,0,2
31,11,0,2
31,12,0,-2
31,13,0,-2
31,14,0,7
31,14,1,-14
31,15,0,18
31,15,1,-25
31,16,0,8
31,16,1,-9
31,17,0,16
31,17,1,-38
31,18,0,2
31,18,1,-3
31,19,0,9
31,19,1,-26
31,20,0,4
31,20,1,-18
31,21,0,-2
31,21,1,-1
31,22,0,-20
31,22,1,-3
31,23,0,-5
31,23,1,16
31,24,0,-8
31,24,1,25
31,25,0,-11
31,25,1,2
31,26,0,2
31,26,1,-16
31,27,0,6
31,27,1,1
31,28,0,-8
31,28,1,-4
31,29,0,3
31,29,1,-15
31,30,0,1
31,30,1,4
31,31,0,77
31,31,1,12
31,32,0,-20
31,32,1,12
31,33,0,-9
31,33,1,4
31,34,1,-6
31,35,0,-1
31,35,1,21
31,36,0,-5
31,36,1,-9
31,37,1,-6
31,38,0,-2
31,38,1,8
31,39,0,-18
31,39,1,36
31,40,0,-6
31,40,1,6
31,41,0,14
31,41,1,-21
31,42,1,-12
31,43,0,-12
31,43,1,-10
31,44,0,19
31,44,1,-20
31,45,0,-16
31,45,1,19
31,46,0,-1
31,46,1,9
31,47,0,10
31,47,1,-13
31,48,0,12
31,48,1,-10
31,49,0,20
31,49,1,-6
31,50,0,-5
31,50,1,16
31,51,0,24
31,51,1,-15
31,52,0,-19
31,52,1,8
31,53,0,2
31,53,1,-12
31,54,0,-6
31,54,1,-2
31,55,0,-18
31,55,1,29
31,56,0,10
31,56,1,-15
31,57,0,8
31,57,1,-11
31,58,0,-11
31,58,1,18
31,59,0,-8
31,59,1,27
31,60,0,11
31,60,1,-17
31,61,0,-9
31,61,1,-15
31,62,0,-9
31,62,1,10
31,63,0,5
31,63,1,-7
31,64,0,-12
31,64,1,8
31,65,0,10
31,65,1,-7
31,66,0,8
31,66,1,-9
31,67,0,8
31,67,1,-1
31,68,0,4
31,68,1,-7
31,69,0,-4
31,69,1,11
31,70,0,9
31,70,1,-11
31,71,0,11
31,71,1,7
31,72,0,11
31,72,1,-8
31,73,0,2
31,73,1,-10
31,74,1,6
31,75,0,-14
31,75,1,10
32,1,0,-2
32,2,0,-2
32,3,0,2
32,4,0,2
32,5,0,1
32,6,0,-1
32,8,0,2
32,10,0,2
32,11,0,-2
32,12,0,2
32,13,0,2
32,14,0,-7
32,14,1,14
32,15,0,-16
32,15,1,18
32,16,0,-3
32,16,1,-8
32,17,0,-3
32,17,1,-2
32,18,0,2
32,18,1,-16
32,19,0,8
32,19,1,-8
32,20,0,7
32,20,1,8
32,21,0,20
32,21,1,-21
32,22,0,9
32,22,1,8
32,23,0,-3
32,23,1,7
32,24,0,-16
32,24,1,21
32,25,0,13
32,25,1,-14
32,26,0,8
32,26,1,-10
32,27,0,-3
32,27,1,13
32,28,0,19
32,28,1,-28
32,29,0,3
32,29,1,-7
32,30,0,20
32,30,1,-21
32,31,0,-20
32,31,1,12
32,32,0,103
32,32,1,-13
32,33,0,-21
32,33,1,4
32,34,0,-17
32,34,1,12
32,35,0,8
32,35,1,17
32,36,0,-10
32,36,1,30
32,37,0,14
32,38,0,-2
32,38,1,3
32,39,1,-6
32,40,0,-5
32,40,1,-5
32,41,0,-26
32,41,1,25
32,42,0,-8
32,42,1,7
32,43,0,-4
32,43,1,1
32,44,0,-11
32,44,1,27
32,45,0,-8
32,45,1,16
32,46,0,-4
32,46,1,14
32,47,0,-3
32,47,1,17
32,48,0,-8
32,48,1,10
32,49,0,-19
32,49,1,21
32,50,0,2
32,50,1,1
32,51,0,15
32,51,1,-28
32,52,0,-7
32,52,1,-6
32,53,0,18
32,53,1,-21
32,54,0,12
32,54,1,-29
32,55,0,-6
32,55,1,10
32,56,0,10
32,56,1,-2
32,57,0,-9
32,57,1,28
32,58,0,-3
32,58,1,-24
32,59,0,3
32,59,1,-11
32,60,0,-32
32,60,1,28
32,61,0,16
32,61,1,-17
32,62,0,11
32,62,1,-35
32,63,0,-12
32,63,1,8
32,64,0,9
32,64,1,-9
32,65,0,-15
32,65,1,18
32,66,0,-13
32,66,1,22
32,67,0,-7
32,67,1,-7
32,68,0,1
32,68,1,-16
32,69,0,16
32,69,1,-6
32,70,0,-13
32,70,1,8
32,71,0,-20
32,71,1,5
32,72,1,-11
32,73,0,8
32,74,0,24
32,74,1,-32
32,75,0,6
32,75,1,-18
33,1,0,-2
33,2,0,-1
33,3,0,-2
33,4,0,2
33,5,0,-1
33,6,0,1
33,7,0,2
33,8,0,2
33,10,0,1
33,11,0,-2
33,13,0,2
33,14,0,11
33,14,1,-7
33,15,0,25
33,15,1,-14
33,16,0,-7
33,16,1,10
33,17,0,15
33,17,1,-11
33,18,0,-21
33,18,1,10
33,19,0,-7
33,19,1,21
33,20,0,-16
33,20,1,16
33,21,0,-10
33,21,1,14
33,22,0,14
33,22,1,-4
33,23,0,9
33,23,1,-8
33,24,0,11
33,24,1,-7
33,25,0,-21
33,25,1,36
33,26,0,-2
33,26,1,10
33,27,0,14
33,27,1,-6
33,28,0,4
33,28,1,10
33,29,0,3
33,30,0,11
33,30,1,11
33,31,0,-9
33,31,1,4
33,32,0,-21
33,32,1,4
33,33,0,88
33,33,1,12
33,34,0,-1
33,34,1,12
33,35,0,-3
33,35,1,4
33,36,0,-11
33,36,1,4
33,37,0,-15
33,37,1,23
33,38,0,7
33,38,1,13
33,39,0,5
33,39,1,-10
33,40,0,-16
33,40,1,-2
33,41,0,14
33,41,1,-18
33,42,0,8
33,42,1,-4
33,43,0,7
33,43,1,-8
33,44,0,-12
33,44,1,14
33,45,0,-6
33,45,1,-3
33,46,0,-16
33,46,1,6
33,47,0,-1
33,47,1,-3
33,48,0,22
33,48,1,1
33,49,0,5
33,49,1,-7
33,50,0,6
33,50,1,-3
33,51,0,-9
33,51,1,32
33,52,0,8
33,52,1,-9
33,53,0,-2
33,53,1,6
33,54,0,-24
33,54,1,2
33,55,0,-13
33,55,1,27
33,56,0,-5
33,56,1,-15
33,57,0,-2
33,57,1,25
33,58,0,20
33,58,1,-15
33,59,0,6
33,59,1,-20
33,60,0,11
33,60,1,22
33,61,0,-3
33,61,1,13
33,62,0,-20
33,62,1,31
33,63,0,16
33,63,1,-9
33,64,0,-16
33,64,1,-5
33,65,0,-1
33,65,1,-5
33,66,0,20
33,66,1,-17
33,67,0,-22
33,67,1,32
33,68,0,8
33,68,1,-9
33,69,0,-17
33,70,0,6
33,70,1,-21
33,71,0,-9
33,71,1,-13
33,72,0,-13
33,72,1,-5
33,73,0,-18
33,73,1,24
33,74,0,-2
33,74,1,5
33,75,0,-9
33,75,1,37
34,2,0,-1
34,4,0,1
34,5,0,-1
34,6,0,-2
34,7,0,-1
34,8,0,2
34,9,0,-2
34,10,0,2
34,11,0,2
34,12,0,2
34,13,0,2
34,14,0,-25
34,14,1,10
34,15,0,-1
34,15,1,7
34,16,0,-7
34,16,1,9
34,17,0,-18
34,17,1,31
34,18,0,17
34,18,1,-4
34,19,0,2
34,19,1,-2
34,20,0,14
34,20,1,-8
34,21,0,-1
34,21,1,-12
34,22,0,-5
34,22,1,-10
34,23,0,3
34,23,1,-23
34,24,0,6
34,24,1,3
34,25,0,-1
34,25,1,16
34,26,0,-19
34,26,1,18
34,27,0,-15
34,27,1,5
34,28,0,-12
34,28,1,24
34,29,0,-3
34,30,0,-23
34,30,1,38
34,31,1,-6
34,32,0,-17
34,32,1,12
34,33,0,-1
34,33,1,12
34,34,0,90
34,34,1,-6
34,35,0,1
34,35,1,1
34,36,0,15
34,36,1,-19
34,37,0,1
34,37,1,8
34,38,0,5
34,38,1,-14
34,39,0,11
34,39,1,-4
34,40,0,-5
34,40,1,-15
34,41,0,12
34,41,1,-17
34,42,0,11
34,42,1,-8
34,43,0,-10
34,43,1,21
34,44,0,-18
34,44,1,21
34,45,0,9
34,45,1,-11
34,46,0,8
34,46,1,-13
34,47,0,-5
34,47,1,-12
34,48,0,-10
34,48,1,10
34,49,0,8
34,49,1,-22
34,50,0,-2
34,50,1,12
34,51,0,-6
34,51,1,2
34,52,0,3
34,52,1,8
34,53,0,10
34,53,1,-4
34,54,0,-8
34,54,1,26
34,55,0,-6
34,55,1,18
34,56,0,3
34,56,1,-9
34,57,0,-5
34,57,1,14
34,58,0,1
34,58,1,7
34,59,0,-23
34,59,1,17
34,60,0,-7
34,60,1,-4
34,61,0,-10
34,61,1,27
34,62,0,-3
34,62,1,-5
34,63,0,9
34,63,1,8
34,64,0,27
34,64,1,-42
34,65,0,19
34,65,1,-14
34,66,0,-10
34,66,1,10
34,67,0,-17
34,67,1,13
34,68,0,4
34,69,1,5
34,70,0,12
34,70,1,-22
34,71,0,-2
34,71,1,-8
34,72,0,3
34,72,1,-17
34,73,0,-21
34,73,1,29
34,74,0,-14
34,74,1,7
34,75,0,5
34,75,1,15
35,3,0,-2
35,4,0,-2
35,5,0,1
35,6,0,-2
35,7,0,1
35,12,0,-2
35,13,0,-1
35,14,0,4
35,14,1,-7
35,15,0,9
35,15,1,7
35,16,0,-10
35,16,1,20
35,17,0,9
35,17,1,-15
35,18,0,-12
35,18,1,-3
35,19,1,-18
35,20,0,1
35,20,1,-2
35,21,0,-11
35,21,1,15
35,22,0,7
35,22,1,1
35,23,0,10
35,23,1,8
35,24,0,-35
35,24,1,23
35,25,0,25
35,25,1,-16
35,26,0,-14
35,26,1,1
35,27,0,-2
35,27,1,22
35,28,0,6
35,28,1,-1
35,29,0,6
35,29,1,-2
35,30,0,-13
35,30,1,16
35,31,0,-1
35,31,1,21
35,32,0,8
35,32,1,17
35,33,0,-3
35,33,1,4
35,34,0,1
35,34,1,1
35,35,0,113
35,35,1,-12
35,36,0,-2
35,36,1,20
35,37,0,2
35,37,1,-9
35,38,0,-16
35,38,1,-9
35,39,0,11
35,39,1,-21
35,40,0,10
35,40,1,-9
35,41,0,7
35,41,1,-26
35,42,0,16
35,42,1,-18
35,43,0,23
35,43,1,-43
35,44,0,3
35,44,1,-17
35,45,0,4
35,45,1,1
35,46,0,9
35,46,1,-2
35,47,0,-1
35,47,1,-9
35,48,0,11
35,48,1,-2
35,49,0,-19
35,49,1,40
35,50,0,3
35,50,1,-3
35,51,0,18
35,51,1,-19
35,52,0,11
35,52,1,-24
35,53,0,2
35,53,1,-17
35,54,0,8
35,54,1,-24
35,55,0,-11
35,55,1,24
35,56,0,-6
35,56,1,3
35,57,0,10
35,57,1,2
35,58,0,-1
35,58,1,-5
35,59,0,-9
35,59,1,-7
35,60,0,-4
35,60,1,12
35,61,0,15
35,61,1,-31
35,62,0,-5
35,62,1,-16
35,63,0,7
35,63,1,-16
35,64,0,16
35,64,1,-8
35,65,0,11
35,65,1,-19
35,66,1,-1
35,67,0,-15
35,67,1,5
35,68,0,-1
35,68,1,3
35,69,0,6
35,69,1,-3
35,70,0,-30
35,70,1,14
35,71,0,-16
35,71,1,23
35,72,0,24
35,72,1,-23
35,73,0,20
35,73,1,-22
35,74,0,13
35,74,1,-5
35,75,0,-14
35,75,1,27
36,2,0,2
36,3,0,1
36,5,0,-2
36,6,0,-2
36,7,0,-2
36,10,0,-2
36,11,0,-2
36,12,0,1
36,13,0,2
36,14,0,-14
36,14,1,21
36,15,0,9
36,15,1,7
36,16,0,-4
36,16,1,-6
36,17,0,-24
36,17,1,33
36,18,0,22
36,18,1,-25
36,19,0,-8
36,19,1,13
36,20,0,-2
36,20,1,-1
36,21,0,3
36,21,1,8
36,22,0,23
36,23,0,16
36,23,1,-17
36,24,0,9
36,24,1,-12
36,25,0,-12
36,25,1,6
36,26,0,-8
36,26,1,11
36,27,0,-16
36,27,1,28
36,28,0,-19
36,28,1,21
36,29,0,-2
36,29,1,25
36,30,0,-4
36,31,0,-5
36,31,1,-9
36,32,0,-10
36,32,1,30
36,33,0,-11
36,33,1,4
36,34,0,15
36,34,1,-19
36,35,0,-2
36,35,1,20
36,36,0,119
36,36,1,-28
36,37,0,-12
36,37,1,18
36,38,0,-22
36,38,1,-11
36,39,0,11
36,39,1,-17
36,40,0,7
36,40,1,-6
36,41,0,5
36,41,1,17
36,42,0,-10
36,42,1,4
36,43,0,-4
36,43,1,1
36,44,0,-23
36,44,1,29
36,45,0,5
36,45,1,-10
36,46,1,20
36,47,0,-1
36,47,1,16
36,48,0,15
36,48,1,-1
36,49,0,17
36,49,1,-14
36,50,0,-7
36,50,1,-13
36,51,0,-3
36,51,1,-5
36,52,0,2
36,52,1,5
36,53,0,9
36,53,1,-15
36,54,0,3
36,54,1,-10
36,55,0,-10
36,55,1,25
36,56,0,19
36,56,1,-8
36,57,0,30
36,57,1,-23
36,58,0,-20
36,58,1,6
36,59,0,9
36,59,1,-25
36,60,0,-9
36,60,1,16
36,61,0,12
36,61,1,-15
36,62,0,-1
36,62,1,-25
36,63,0,11
36,63,1,-12
36,64,0,11
36,64,1,26
36,65,0,11
36,65,1,-16
36,66,0,20
36,66,1,-11
36,67,0,-15
36,67,1,10
36,68,0,-16
36,68,1,25
36,69,0,32
36,69,1,-33
36,70,0,4
36,70,1,-4
36,71,0,28
36,71,1,-29
36,72,0,14
36,72,1,-13
36,73,0,-7
36,73,1,-1
36,74,0,10
36,74,1,-5
36,75,0,6
36,75,1,-21
37,1,0,2
37,2,0,-1
37,3,0,-2
37,4,0,-2
37,5,0,-2
37,6,0,-1
37,7,0,1
37,8,0,1
37,9,0,1
37,10,0,-2
37,11,0,1
37,12,0,1
37,13,0,-1
37,14,0,-13
37,14,1,24
37,15,0,-10
37,15,1,15
37,16,0,-14
37,16,1,17
37,17,0,-1
37,17,1,12
37,18,0,-20
37,18,1,13
37,19,0,-3
37,19,1,34
37,20,0,23
37,20,1,-21
37,21,0,3
37,21,1,-9
37,22,0,-4
37,22,1,8
37,23,0,-1
37,23,1,6
37,24,0,-22
37,24,1,9
37,25,0,19
37,25,1,-3
37,26,0,6
37,26,1,-16
37,27,0,16
37,27,1,-29
37,28,0,15
37,28,1,-23
37,29,0,-4
37,29,1,3
37,30,0,-12
37,30,1,16
37,31,1,-6
37,32,0,14
37,33,0,-15
37,33,1,23
37,34,0,1
37,34,1,8
37,35,0,2
37,35,1,-9
37,36,0,-12
37,36,1,18
37,37,0,98
37,37,1,-4
37,38,0,-16
37,38,1,31
37,39,0,-26
37,39,1,46
37,40,0,15
37,40,1,-35
37,41,0,-14
37,41,1,36
37,42,0,-3
37,42,1,14
37,43,0,-15
37,43,1,34
37,44,0,-8
37,44,1,21
37,45,0,10
37,45,1,-7
37,46,0,14
37,46,1,-11
37,47,0,-15
37,47,1,16
37,48,0,-17
37,48,1,24
37,49,0,-4
37,49,1,-12
37,50,0,-18
37,50,1,34
37,51,0,-6
37,51,1,6
37,52,0,17
37,52,1,-6
37,53,0,4
37,53,1,17
37,54,0,-4
37,54,1,6
37,55,0,-5
37,55,1,-19
37,56,0,-8
37,56,1,11
37,57,0,-17
37,57,1,27
37,58,0,1
37,58,1,-23
37,59,1,-1
37,60,0,-2
37,60,1,13
37,61,0,-9
37,61,1,14
37,62,0,15
37,62,1,-30
37,63,0,-10
37,63,1,7
37,64,0,-10
37,64,1,11
37,65,0,9
37,65,1,-9
37,66,0,-7
37,66,1,-17
37,67,0,-3
37,67,1,31
37,68,0,18
37,68,1,-39
37,69,0,3
37,69,1,-10
37,70,0,-2
37,70,1,2
37,71,0,-13
37,71,1,-8
37,72,0,-19
37,72,1,15
37,73,0,11
37,73,1,-19
37,74,0,11
37,74,1,-17
37,75,0,13
37,75,1,-22
38,1,0,2
38,2,0,1
38,3,0,-1
38,5,0,1
38,7,0,-2
38,8,0,-1
38,10,0,1
38,12,0,1
38,13,0,-1
38,14,0,21
38,14,1,18
38,15,0,-2
38,15,1,-15
38,16,0,5
38,16,1,6
38,17,0,-6
38,17,1,-11
38,18,0,21
38,18,1,-13
38,19,0,2
38,20,0,-12
38,20,1,16
38,21,0,-11
38,21,1,12
38,22,0,-6
38,22,1,2
38,23,0,-2
38,23,1,12
38,24,0,-5
38,24,1,30
38,25,0,-17
38,25,1,10
38,26,0,-19
38,26,1,-7
38,27,0,-7
38,27,1,-13
38,28,0,-2
38,28,1,-8
38,29,0,11
38,29,1,-30
38,30,0,8
38,30,1,-13
38,31,0,-2
38,31,1,8
38,32,0,-2
38,32,1,3
38,33,0,7
38,33,1,13
38,34,0,5
38,34,1,-14
38,35,0,-16
38,35,1,-9
38,36,0,-22
38,36,1,-11
38,37,0,-16
38,37,1,31
38,38,0,87
38,38,1,19
38,39,0,4
38,39,1,10
38,40,0,16
38,40,1,-36
38,41,0,9
38,41,1,-21
38,42,0,5
38,42,1,4
38,43,0,20
38,43,1,-3
38,44,0,19
38,44,1,-7
38,45,0,-16
38,45,1,19
38,46,0,-1
38,46,1,-5
38,47,0,1
38,47,1,-15
38,48,0,7
38,48,1,1
38,49,0,-3
38,49,1,-1
38,50,0,-2
38,50,1,17
38,51,0,31
38,51,1,-35
38,52,0,9
38,52,1,-39
38,53,0,8
38,53,1,-10
38,54,0,-5
38,54,1,-10
38,55,0,-1
38,55,1,-4
38,56,0,13
38,56,1,-14
38,57,0,-12
38,57,1,23
38,58,0,-6
38,58,1,1
38,59,0,5
38,59,1,2
38,60,0,25
38,60,1,-21
38,61,0,-15
38,61,1,24
38,62,0,-8
38,62,1,29
38,63,1,25
38,64,0,-8
38,64,1,-16
38,65,0,-8
38,65,1,-2
38,66,0,-16
38,67,0,2
38,67,1,1
38,68,0,-12
38,68,1,8
38,69,0,-29
38,69,1,42
38,70,0,3
38,70,1,13
38,71,0,-27
38,71,1,34
38,72,0,-13
38,72,1,-4
38,73,0,-9
38,73,1,1
38,74,0,14
38,74,1,-25
38,75,0,-9
38,75,1,14
39,1,0,-2
39,3,0,-1
39,5,0,-2
39,6,0,1
39,7,0,2
39,8,0,-2
39,9,0,-2
39,10,0,2
39,13,0,-2
39,14,0,-39
39,14,1,27
39,15,0,5
39,15,1,-3
39,16,0,9
39,16,1,-29
39,17,1,3
39,18,0,4
39,18,1,-1
39,19,0,15
39,19,1,2
39,20,0,-9
39,20,1,18
39,21,0,6
39,21,1,2
39,22,0,-1
39,22,1,4
39,23,0,1
39,23,1,-21
39,24,0,6
39,24,1,-1
39,25,0,-3
39,25,1,6
39,26,0,21
39,26,1,-23
39,27,0,-10
39,27,1,-6
39,28,0,-8
39,28,1,16
39,29,0,-3
39,29,1,4
39,30,0,-9
39,30,1,26
39,31,0,-18
39,31,1,36
39,32,1,-6
39,33,0,5
39,33,1,-10
39,34,0,11
39,34,1,-4
39,35,0,11
39,35,1,-21
39,36,0,11
39,36,1,-17
39,37,0,-26
39,37,1,46
39,38,0,4
39,38,1,10
39,39,0,105
39,39,1,-1
39,40,0,2
39,40,1,-8
39,41,0,8
39,41,1,-27
39,42,0,12
39,42,1,-29
39,43,0,-8
39,43,1,15
39,44,0,-13
39,44,1,2
39,45,0,13
39,45,1,-36
39,46,0,2
39,46,1,-4
39,47,0,9
39,47,1,-14
39,48,0,25
39,48,1,-29
39,49,0,5
39,49,1,-7
39,50,0,26
39,51,0,3
39,51,1,-10
39,52,0,7
39,52,1,-13
39,53,0,1
39,53,1,-12
39,54,0,10
39,54,1,-6
39,55,0,21
39,55,1,-22
39,56,0,11
39,56,1,-26
39,57,0,-4
39,57,1,4
39,58,0,-10
39,58,1,4
39,59,0,21
39,59,1,-25
39,60,0,5
39,60,1,-4
39,61,0,1
39,61,1,2
39,62,0,-18
39,62,1,18
39,63,0,16
39,63,1,-18
39,64,0,22
39,64,1,-39
39,65,0,-2
39,65,1,-4
39,66,0,6
39,66,1,7
39,67,0,-4
39,67,1,20
39,68,0,-16
39,68,1,-6
39,69,0,-1
39,69,1,-9
39,70,0,4
39,70,1,-10
39,71,0,-4
39,71,1,9
39,72,0,5
39,72,1,-9
39,73,0,-18
39,73,1,12
39,74,0,-2
39,74,1,6
39,75,0,-17
39,75,1,1
40,1,0,2
40,3,0,1
40,4,0,-2
40,5,0,-1
40,6,0,1
40,7,0,-2
40,8,0,-2
40,9,0,-1
40,10,0,-1
40,12,0,1
40,13,0,-1
40,14,0,2
40,14,1,-2
40,15,0,-25
40,15,1,40
40,16,0,-4
40,16,1,10
40,17,0,-1
40,17,1,-10
40,18,0,1
40,18,1,-8
40,19,0,-5
40,19,1,2
40,20,0,14
40,20,1,-11
40,21,0,-14
40,21,1,16
40,22,0,2
40,22,1,-24
40,23,0,-6
40,23,1,-7
40,24,0,-5
40,24,1,-10
40,25,0,-22
40,25,1,19
40,26,0,-12
40,26,1,1
40,27,0,4
40,27,1,-14
40,28,0,-13
40,28,1,3
40,29,0,-10
40,29,1,8
40,30,0,-18
40,30,1,1
40,31,0,-6
40,31,1,6
40,32,0,-5
40,32,1,-5
40,33,0,-16
40,33,1,-2
40,34,0,-5
40,34,1,-15
40,35,0,10
40,35,1,-9
40,36,0,7
40,36,1,-6
40,37,0,15
40,37,1,-35
40,38,0,16
40,38,1,-36
40,39,0,2
40,39,1,-8
40,40,0,91
40,40,1,13
40,41,0,-12
40,41,1,23
40,42,0,-20
40,42,1,9
40,43,0,-13
40,43,1,-10
40,44,0,-11
40,44,1,-9
40,45,0,20
40,45,1,-15
40,46,1,-5
40,47,0,3
40,47,1,6
40,48,1,-29
40,49,0,-37
40,49,1,48
40,50,0,-3
40,50,1,-14
40,51,0,18
40,51,1,9
40,52,0,5
40,52,1,-6
40,53,0,-5
40,53,1,-19
40,54,0,3
40,54,1,-15
40,55,0,7
40,55,1,-18
40,56,0,5
40,56,1,8
40,57,0,-4
40,58,0,21
40,58,1,-19
40,59,0,7
40,59,1,-15
40,60,0,9
40,60,1,-6
40,61,0,-10
40,61,1,-16
40,62,0,21
40,62,1,-23
40,63,0,-1
40,64,1,14
40,65,0,19
40,65,1,-24
40,66,0,7
40,66,1,-21
40,67,0,-15
40,67,1,4
40,68,1,25
40,69,0,-23
40,69,1,39
40,70,0,-13
40,70,1,32
40,71,0,-5
40,71,1,7
40,72,0,1
40,72,1,2
40,73,0,4
40,73,1,-16
40,74,0,10
40,74,1,-24
40,75,0,-7
40,75,1,8
41,1,0,1
41,2,0,-1
41,3,0,-1
41,5,0,-2
41,6,0,-1
41,7,0,-1
41,8,0,-1
41,9,0,-2
41,10,0,1
41,12,0,1
41,13,0,-2
41,14,1,8
41,15,0,4
41,15,1,14
41,16,0,14
41,16,1,5
41,17,0,-9
41,17,1,19
41,18,0,-10
41,18,1,2
41,19,0,5
41,19,1,8
41,20,0,4
41,20,1,-20
41,21,0,11
41,21,1,-25
41,22,0,6
41,22,1,-10
41,23,0,12
41,23,1,-15
41,24,0,1
41,24,1,-19
41,25,1,-4
41,26,0,-15
41,26,1,15
41,27,0,16
41,27,1,-15
41,28,0,-5
41,28,1,8
41,29,0,1
41,29,1,-1
41,30,0,6
41,30,1,-6
41,31,0,14
41,31,1,-21
41,32,0,-26
41,32,1,25
41,33,0,14
41,33,1,-18
41,34,0,12
41,34,1,-17
41,35,0,7
41,35,1,-26
41,36,0,5
41,36,1,17
41,37,0,-14
41,37,1,36
41,38,0,9
41,38,1,-21
41,39,0,8
41,39,1,-27
41,40,0,-12
41,40,1,23
41,41,0,83
41,41,1,14
41,42,0,12
41,42,1,19
41,43,0,4
41,43,1,-2
41,44,0,-2
41,44,1,20
41,45,0,-10
41,45,1,40
41,46,0,9
41,46,1,-22
41,48,0,26
41,48,1,-36
41,49,0,13
41,49,1,-17
41,50,0,4
41,50,1,-21
41,51,0,11
41,51,1,-2
41,52,0,-3
41,52,1,13
41,53,0,-6
41,53,1,6
41,54,0,-11
41,54,1,13
41,55,0,4
41,55,1,-11
41,56,0,-14
41,56,1,16
41,57,0,-8
41,57,1,-6
41,58,0,-8
41,59,0,-13
41,59,1,16
41,60,0,-3
41,60,1,11
41,61,0,-10
41,61,1,13
41,62,0,-26
41,62,1,21
41,63,0,-1
41,64,0,-12
41,64,1,22
41,65,0,14
41,65,1,3
41,66,1,-10
41,67,0,-5
41,67,1,23
41,68,0,-5
41,68,1,10
41,69,0,-8
41,69,1,10
41,70,0,3
41,70,1,19
41,71,0,8
41,71,1,1
41,72,0,1
41,72,1,15
41,73,0,-6
41,73,1,4
41,74,0,-19
41,74,1,12
41,75,0,-8
41,75,1,13
42,1,0,2
42,2,0,-1
42,3,0,-2
42,4,0,1
42,5,0,-1
42,6,0,2
42,7,0,1
42,8,0,1
42,9,0,-2
42,10,0,-1
42,11,0,-2
42,12,0,-2
42,13,0,-2
42,14,0,11
42,15,0,13
42,15,1,-5
42,16,0,-10
42,16,1,28
42,17,0,6
42,17,1,-5
42,18,0,2
42,18,1,-14
42,19,0,-22
42,19,1,25
42,20,0,-7
42,20,1,-4
42,21,0,4
42,21,1,-10
42,22,0,4
42,22,1,1
42,23,0,17
42,23,1,-13
42,24,0,2
42,24,1,-23
42,25,0,2
42,25,1,-23
42,26,0,27
42,26,1,-24
42,27,0,10
42,27,1,-3
42,28,0,24
42,28,1,-38
42,29,1,-14
42,30,0,-4
42,31,1,-12
42,32,0,-8
42,32,1,7
42,33,0,8
42,33,1,-4
42,34,0,11
42,34,1,-8
42,35,0,16
42,35,1,-18
42,36,0,-10
42,36,1,4
42,37,0,-3
42,37,1,14
42,38,0,5
42,38,1,4
42,39,0,12
42,39,1,-29
42,40,0,-20
42,40,1,9
42,41,0,12
42,41,1,19
42,42,0,115
42,42,1,-25
42,43,0,8
42,43,1,3
42,44,0,2
42,44,1,35
42,45,0,9
42,45,1,7
42,46,0,11
42,46,1,6
42,47,0,-7
42,47,1,2
42,48,0,-7
42,48,1,-7
42,49,0,6
42,49,1,-22
42,50,0,12
42,50,1,-13
42,51,0,4
42,51,1,-11
42,52,0,13
42,52,1,-17
42,53,0,4
42,53,1,7
42,54,0,9
42,54,1,-8
42,55,0,17
42,55,1,-31
42,56,0,12
42,56,1,-15
42,57,0,-5
42,58,0,-11
42,58,1,1
42,59,0,10
42,59,1,10
42,60,0,-13
42,60,1,24
42,61,0,17
42,61,1,-12
42,62,0,3
42,62,1,-14
42,63,0,13
42,63,1,-7
42,64,0,11
42,64,1,-14
42,65,1,-20
42,66,0,-11
42,66,1,6
42,67,0,-1
42,67,1,14
42,68,0,-27
42,68,1,38
42,69,0,15
42,69,1,-22
42,70,0,-6
42,70,1,11
42,71,0,-12
42,71,1,33
42,72,0,-6
42,72,1,5
42,73,0,-15
42,73,1,6
42,74,0,-19
42,74,1,21
42,75,0,9
42,75,1,-4
43,1,0,-1
43,3,0,2
43,4,0,1
43,5,0,2
43,7,0,1
43,10,0,1
43,12,0,-2
43,13,0,-2
43,14,0,39
43,14,1,-32
43,15,0,-4
43,15,1,1
43,16,0,-3
43,17,0,2
43,17,1,8
43,18,0,-5
43,18,1,28
43,19,0,-2
43,19,1,25
43,20,0,-16
43,20,1,35
43,21,0,-1
43,21,1,3
43,22,0,4
43,22,1,6
43,23,0,12
43,23,1,-11
43,24,0,5
43,24,1,-13
43,25,0,18
43,25,1,-29
43,26,0,-10
43,26,1,9
43,27,0,1
43,27,1,-11
43,28,0,26
43,28,1,-21
43,29,0,14
43,29,1,-12
43,30,0,6
43,30,1,4
43,31,0,-12
43,31,1,-10
43,32,0,-4
43,32,1,1
43,33,0,7
43,33,1,-8
43,34,0,-10
43,34,1,21
43,35,0,23
43,35,1,-43
43,36,0,-4
43,36,1,1
43,37,0,-15
43,37,1,34
43,38,0,20
43,38,1,-3
43,39,0,-8
43,39,1,15
43,40,0,-13
43,40,1,-10
43,41,0,4
43,41,1,-2
43,42,0,8
43,42,1,3
43,43,0,95
43,43,1,-15
43,44,0,4
43,44,1,-13
43,45,0,-8
43,45,1,11
43,46,0,10
43,46,1,-11
43,47,0,10
43,47,1,-7
43,48,0,-17
43,48,1,24
43,49,1,-20
43,50,0,15
43,50,1,-10
43,51,0,2
43,51,1,-15
43,52,0,15
43,52,1,-17
43,53,0,4
43,53,1,17
43,54,0,-8
43,54,1,16
43,55,0,-13
43,55,1,5
43,56,0,-11
43,56,1,9
43,57,0,7
43,58,0,3
43,58,1,-1
43,59,0,-8
43,59,1,10
43,60,0,6
43,61,0,-3
43,61,1,6
43,62,0,-15
43,62,1,14
43,63,0,-3
43,63,1,2
43,64,0,19
43,64,1,-25
43,65,0,-10
43,65,1,16
43,66,0,16
43,66,1,-16
43,67,0,1
43,67,1,-1
43,68,0,-1
43,68,1,-19
43,69,0,-3
43,69,1,7
43,70,0,-3
43,70,1,10
43,71,0,-23
43,71,1,18
43,73,0,3
43,73,1,6
43,74,0,11
43,74,1,-20
43,75,0,8
43,75,1,-1
44,1,0,-2
44,2,0,1
44,6,0,1
44,7,0,-2
44,8,0,-2
44,9,0,-2
44,10,0,-2
44,11,0,2
44,12,0,-1
44,13,0,-2
44,14,0,14
44,14,1,-4
44,15,0,-9
44,15,1,-1
44,16,0,5
44,16,1,7
44,17,0,14
44,17,1,-12
44,18,0,-10
44,18,1,4
44,19,0,-10
44,19,1,-11
44,20,0,-5
44,21,0,-9
44,21,1,8
44,22,0,-8
44,22,1,10
44,23,0,-4
44,23,1,-4
44,24,0,-2
44,24,1,1
44,25,0,18
44,25,1,-38
44,26,0,-9
44,26,1,12
44,27,0,5
44,27,1,5
44,28,0,-8
44,28,1,10
44,29,1,-29
44,30,0,-5
44,30,1,3
44,31,0,19
44,31,1,-20
44,32,0,-11
44,32,1,27
44,33,0,-12
44,33,1,14
44,34,0,-18
44,34,1,21
44,35,0,3
44,35,1,-17
44,36,0,-23
44,36,1,29
44,37,0,-8
44,37,1,21
44,38,0,19
44,38,1,-7
44,39,0,-13
44,39,1,2
44,40,0,-11
44,40,1,-9
44,41,0,-2
44,41,1,20
44,42,0,2
44,42,1,35
44,43,0,4
44,43,1,-13
44,44,0,91
44,44,1,5
44,45,0,-8
44,45,1,32
44,46,0,9
44,46,1,13
44,47,0,6
44,47,1,-9
44,48,0,13
44,48,1,-25
44,49,0,14
44,49,1,-29
44,50,0,-4
44,50,1,-3
44,51,0,18
44,51,1,-30
44,52,0,-2
44,52,1,-1
44,53,0,13
44,53,1,-22
44,54,0,11
44,54,1,-31
44,55,0,1
44,55,1,-6
44,56,0,-24
44,56,1,23
44,57,0,15
44,57,1,1
44,58,0,-7
44,58,1,-2
44,59,0,-16
44,59,1,29
44,60,0,15
44,60,1,-28
44,61,0,-1
44,61,1,8
44,62,1,-14
44,63,0,10
44,63,1,-21
44,64,0,-17
44,64,1,15
44,65,0,3
44,65,1,-3
44,66,0,-8
44,66,1,12
44,67,0,23
44,67,1,-27
44,68,0,-5
44,68,1,1
44,69,0,-2
44,69,1,12
44,70,0,-3
44,70,1,-10
44,71,0,-19
44,71,1,20
44,72,0,-2
44,72,1,-3
44,73,0,27
44,73,1,-25
44,74,0,-8
44,74,1,1
44,75,0,-11
44,75,1,-3
45,2,0,1
45,3,0,2
45,4,0,-2
45,5,0,2
45,6,0,-2
45,7,0,-1
45,8,0,-1
45,9,0,-1
45,10,0,-1
45,12,0,2
45,14,0,-17
45,14,1,30
45,15,0,-11
45,15,1,10
45,16,0,-13
45,16,1,31
45,17,0,11
45,17,1,-16
45,18,0,-2
45,18,1,1
45,19,0,1
45,19,1,-8
45,20,0,-4
45,20,1,3
45,21,0,7
45,21,1,-42
45,22,0,-3
45,22,1,-6
45,23,0,-4
45,23,1,-6
45,24,0,9
45,24,1,-15
45,25,0,22
45,25,1,-37
45,26,0,18
45,26,1,-29
45,27,0,8
45,27,1,9
45,28,0,-6
45,28,1,-4
45,29,0,3
45,29,1,-3
45,30,0,6
45,30,1,11
45,31,0,-16
45,31,1,19
45,32,0,-8
45,32,1,16
45,33,0,-6
45,33,1,-3
45,34,0,9
45,34,1,-11
45,35,0,4
45,35,1,1
45,36,0,5
45,36,1,-10
45,37,0,10
45,37,1,-7
45,38,0,-16
45,38,1,19
45,39,0,13
45,39,1,-36
45,40,0,20
45,40,1,-15
45,41,0,-10
45,41,1,40
45,42,0,9
45,42,1,7
45,43,0,-8
45,43,1,11
45,44,0,-8
45,44,1,32
45,45,0,81
45,45,1,23
45,46,0,6
45,46,1,-5
45,47,0,-2
45,47,1,-9
45,48,0,-2
45,49,0,8
45,49,1,-10
45,50,0,29
45,50,1,-40
45,51,0,-12
45,51,1,18
45,52,0,7
45,52,1,-18
45,53,0,5
45,53,1,3
45,54,0,-13
45,54,1,20
45,55,0,2
45,55,1,-14
45,56,0,5
45,56,1,-12
45,57,0,-7
45,58,0,10
45,58,1,-11
45,59,0,5
45,59,1,-7
45,60,0,-18
45,60,1,13
45,61,0,-4
45,62,0,20
45,62,1,-27
45,63,0,18
45,63,1,-13
45,64,0,6
45,64,1,3
45,65,0,20
45,65,1,-17
45,66,0,-6
45,66,1,10
45,67,0,-8
45,67,1,-1
45,68,0,8
45,68,1,-4
45,69,0,15
45,69,1,-3
45,70,0,12
45,70,1,-26
45,71,0,6
45,71,1,-9
45,72,0,9
45,72,1,2
45,73,0,5
45,73,1,14
45,74,0,-14
45,74,1,24
45,75,0,14
45,75,1,-1
46,1,0,1
46,2,0,2
46,3,0,2
46,5,0,-2
46,6,0,1
46,7,0,-1
46,8,0,2
46,9,0,-2
46,10,0,2
46,12,0,-2
46,13,0,-1
46,14,0,7
46,14,1,-24
46,15,0,-14
46,15,1,29
46,16,0,-10
46,16,1,1
46,17,0,-5
46,17,1,-7
46,18,0,-15
46,18,1,-3
46,19,1,-11
46,20,0,-6
46,20,1,-4
46,21,1,6
46,22,0,-5
46,22,1,7
46,23,0,13
46,23,1,-28
46,24,0,-6
46,24,1,-21
46,25,0,15
46,25,1,-18
46,26,0,5
46,26,1,-18
46,27,0,-3
46,28,0,-2
46,28,1,-4
46,29,0,2
46,29,1,-4
46,30,0,-13
46,30,1,11
46,31,0,-1
46,31,1,9
46,32,0,-4
46,32,1,14
46,33,0,-16
46,33,1,6
46,34,0,8
46,34,1,-13
46,35,0,9
46,35,1,-2
46,36,1,20
46,37,0,14
46,37,1,-11
46,38,0,-1
46,38,1,-5
46,39,0,2
46,39,1,-4
46,40,1,-5
46,41,0,9
46,41,1,-22
46,42,0,11
46,42,1,6
46,43,0,10
46,43,1,-11
46,44,0,9
46,44,1,13
46,45,0,6
46,45,1,-5
46,46,0,78
46,46,1,15
46,47,0,3
46,47,1,-2
46,48,0,2
46,48,1,-17
46,49,0,21
46,49,1,-40
46,50,0,-13
46,50,1,8
46,51,0,-1
46,51,1,-12
46,52,0,20
46,52,1,-7
46,53,0,-12
46,53,1,17
46,54,0,9
46,55,0,6
46,55,1,-3
46,56,0,-11
46,56,1,16
46,57,0,16
46,57,1,-13
46,58,0,-20
46,58,1,22
46,59,0,-12
46,59,1,4
46,60,0,-2
46,60,1,11
46,61,0,-2
46,61,1,3
46,62,0,-13
46,62,1,-10
46,63,1,4
46,64,0,7
46,64,1,9
46,65,0,17
46,65,1,-20
46,66,0,-13
46,66,1,16
46,67,1,15
46,68,0,-1
46,68,1,-24
46,69,0,16
46,69,1,-9
46,70,0,2
46,70,1,-17
46,71,0,-16
46,71,1,33
46,72,0,-10
46,72,1,4
46,73,0,10
46,73,1,-32
46,74,0,-10
46,74,1,19
46,75,0,5
46,75,1,-19
47,1,0,-2
47,2,0,1
47,3,0,1
47,6,0,1
47,7,0,2
47,8,0,1
47,9,0,1
47,11,0,1
47,12,0,-2
47,13,0,-1
47,14,0,4
47,14,1,3
47,15,0,7
47,15,1,1
47,16,0,-2
47,16,1,-16
47,17,0,2
47,17,1,-4
47,18,0,1
47,18,1,-14
47,19,0,21
47,19,1,-2
47,20,0,8
47,20,1,3
47,21,0,-11
47,21,1,12
47,22,0,-11
47,22,1,18
47,23,0,12
47,23,1,-16
47,24,0,-6
47,24,1,13
47,25,0,-3
47,25,1,-5
47,26,0,4
47,26,1,5
47,27,1,10
47,28,0,-9
47,28,1,3
47,29,1,6
47,30,0,-2
47,30,1,-3
47,31,0,10
47,31,1,-13
47,32,0,-3
47,32,1,17
47,33,0,-1
47,33,1,-3
47,34,0,-5
47,34,1,-12
47,35,0,-1
47,35,1,-9
47,36,0,-1
47,36,1,16
47,37,0,-15
47,37,1,16
47,38,0,1
47,38,1,-15
47,39,0,9
47,39,1,-14
47,40,0,3
47,40,1,6
47,42,0,-7
47,42,1,2
47,43,0,10
47,43,1,-7
47,44,0,6
47,44,1,-9
47,45,0,-2
47,45,1,-9
47,46,0,3
47,46,1,-2
47,47,0,90
47,47,1,-7
47,48,0,-7
47,48,1,4
47,49,0,5
47,49,1,-10
47,50,1,-6
47,51,0,17
47,51,1,-4
47,52,0,-3
47,52,1,18
47,53,0,4
47,53,1,-8
47,54,0,3
47,54,1,14
47,55,0,18
47,55,1,-26
47,56,0,8
47,56,1,14
47,57,0,-2
47,57,1,16
47,58,0,-1
47,59,0,-4
47,59,1,-8
47,60,0,1
47,60,1,-12
47,61,0,-2
47,61,1,-8
47,62,0,1
47,62,1,-23
47,63,0,6
47,63,1,-7
47,64,0,21
47,64,1,-14
47,65,0,29
47,65,1,-38
47,66,0,20
47,66,1,-7
47,67,0,-15
47,67,1,19
47,68,0,-11
47,68,1,6
47,69,0,-22
47,69,1,30
47,70,0,15
47,70,1,-8
47,71,0,-9
47,71,1,-5
47,72,0,11
47,72,1,10
47,73,0,-18
47,73,1,13
47,74,1,-12
47,75,0,-2
47,75,1,-15
48,1,0,-1
48,4,0,-1
48,6,0,-2
48,7,0,-2
48,10,0,-2
48,12,0,-1
48,13,0,1
48,14,0,-1
48,14,1,10
48,15,0,25
48,15,1,-25
48,16,0,15
48,16,1,-31
48,17,0,15
48,17,1,-21
48,18,0,11
48,18,1,-4
48,19,0,7
48,19,1,-5
48,20,0,-5
48,20,1,24
48,21,0,-10
48,21,1,12
48,22,0,30
48,22,1,-9
48,23,0,-18
48,23,1,33
48,24,0,-2
48,24,1,18
48,25,1,5
48,26,0,3
48,26,1,-10
48,27,0,13
48,27,1,5
48,28,0,-22
48,28,1,22
48,29,0,-5
48,29,1,20
48,30,0,-19
48,30,1,18
48,31,0,12
48,31,1,-10
48,32,0,-8
48,32,1,10
48,33,0,22
48,33,1,1
48,34,0,-10
48,34,1,10
48,35,0,11
48,35,1,-2
48,36,0,15
48,36,1,-1
48,37,0,-17
48,37,1,24
48,38,0,7
48,38,1,1
48,39,0,25
48,39,1,-29
48,40,1,-29
48,41,0,26
48,41,1,-36
48,42,0,-7
48,42,1,-7
48,43,0,-17
48,43,1,24
48,44,0,13
48,44,1,-25
48,45,0,-2
48,46,0,2
48,46,1,-17
48,47,0,-7
48,47,1,4
48,48,0,103
48,48,1,-20
48,49,0,-11
48,49,1,19
48,50,0,-17
48,50,1,8
48,51,0,10
48,51,1,-7
48,52,0,-2
48,52,1,-24
48,53,0,-4
48,53,1,33
48,54,0,6
48,54,1,-12
48,55,0,-8
48,55,1,17
48,56,0,-3
48,56,1,-3
48,57,0,33
48,57,1,-28
48,58,0,-3
48,58,1,-2
48,59,0,6
48,59,1,-3
48,60,0,7
48,60,1,7
48,61,0,-8
48,61,1,14
48,62,0,-18
48,62,1,25
48,63,0,12
48,63,1,-3
48,64,0,-8
48,64,1,7
48,65,0,-6
48,65,1,12
48,66,0,-1
48,66,1,9
48,67,0,-14
48,67,1,-14
48,68,0,8
48,68,1,-9
48,69,1,-21
48,70,0,20
48,70,1,-23
48,71,0,4
48,71,1,-42
48,72,0,21
48,72,1,-37
48,73,0,-10
48,73,1,17
48,74,0,-4
48,74,1,19
48,75,0,-13
48,75,1,21
49,1,0,2
49,2,0,1
49,3,0,1
49,4,0,2
49,5,0,-1
49,6,0,-1
49,7,0,-1
49,9,0,-1
49,11,0,1
49,14,0,6
49,14,1,-10
49,15,0,16
49,15,1,3
49,16,0,-11
49,16,1,15
49,17,0,7
49,17,1,4
49,18,0,-14
49,18,1,6
49,19,0,5
49,19,1,-15
49,20,0,-10
49,20,1,-6
49,21,0,-2
49,21,1,12
49,22,0,-20
49,22,1,31
49,23,0,10
49,23,1,-8
49,24,0,2
49,24,1,26
49,25,0,-2
49,25,1,6
49,26,0,-3
49,26,1,7
49,27,0,-3
49,27,1,16
49,28,0,8
49,28,1,-8
49,29,0,-2
49,29,1,18
49,30,0,25
49,30,1,-50
49,31,0,20
49,31,1,-6
49,32,0,-19
49,32,1,21
49,33,0,5
49,33,1,-7
49,34,0,8
49,34,1,-22
49,35,0,-19
49,35,1,40
49,36,0,17
49,36,1,-14
49,37,0,-4
49,37,1,-12
49,38,0,-3
49,38,1,-1
49,39,0,5
49,39,1,-7
49,40,0,-37
49,40,1,48
49,41,0,13
49,41,1,-17
49,42,0,6
49,42,1,-22
49,43,1,-20
49,44,0,14
49,44,1,-29
49,45,0,8
49,45,1,-10
49,46,0,21
49,46,1,-40
49,47,0,5
49,47,1,-10
49,48,0,-11
49,48,1,19
49,49,0,101
49,49,1,1
49,50,0,11
49,50,1,6
49,51,0,15
49,51,1,-5
49,52,0,-12
49,52,1,15
49,53,0,-1
49,53,1,-13
49,54,0,-8
49,54,1,-9
49,55,0,-9
49,55,1,10
49,56,0,-8
49,56,1,2
49,57,0,22
49,57,1,-13
49,58,0,-6
49,58,1,5
49,59,0,-21
49,59,1,12
49,60,0,4
49,60,1,7
49,61,0,1
49,61,1,-22
49,62,0,-12
49,62,1,20
49,63,0,3
49,63,1,-9
49,64,0,-12
49,64,1,16
49,65,0,3
49,65,1,-4
49,66,0,-6
49,66,1,16
49,67,1,-3
49,68,1,13
49,69,0,14
49,69,1,5
49,70,0,25
49,70,1,-21
49,71,0,-7
49,71,1,-3
49,72,0,3
49,72,1,3
49,73,0,10
49,73,1,-2
49,74,0,-24
49,74,1,17
49,75,0,-2
49,75,1,-6
50,1,0,-1
50,3,0,-1
50,4,0,-1
50,6,0,-1
50,8,0,1
50,9,0,1
50,10,0,2
50,11,0,2
50,12,0,-2
50,14,0,-20
50,14,1,1
50,15,0,7
50,15,1,-15
50,16,0,-7
50,16,1,-5
50,17,0,-4
50,17,1,23
50,18,0,-6
50,18,1,-10
50,19,0,14
50,19,1,-16
50,20,0,1
50,20,1,-12
50,21,0,18
50,21,1,-31
50,22,0,-14
50,22,1,-3
50,23,0,1
50,23,1,-10
50,24,0,8
50,24,1,-21
50,25,0,11
50,25,1,-13
50,26,0,-7
50,26,1,8
50,27,0,3
50,27,1,-5
50,28,0,2
50,28,1,5
50,29,0,33
50,29,1,-43
50,30,0,26
50,30,1,-22
50,31,0,-5
50,31,1,16
50,32,0,2
50,32,1,1
50,33,0,6
50,33,1,-3
50,34,0,-2
50,34,1,12
50,35,0,3
50,35,1,-3
50,36,0,-7
50,36,1,-13
50,37,0,-18
50,37,1,34
50,38,0,-2
50,38,1,17
50,39,0,26
50,40,0,-3
50,40,1,-14
50,41,0,4
50,41,1,-21
50,42,0,12
50,42,1,-13
50,43,0,15
50,43,1,-10
50,44,0,-4
50,44,1,-3
50,45,0,29
50,45,1,-40
50,46,0,-13
50,46,1,8
50,47,1,-6
50,48,0,-17
50,48,1,8
50,49,0,11
50,49,1,6
50,50,0,95
50,50,1,-5
50,51,1,-5
50,52,0,-9
50,52,1,-5
50,53,0,1
50,54,0,-11
50,54,1,11
50,55,0,8
50,55,1,1
50,56,0,3
50,56,1,3
50,57,0,-16
50,57,1,16
50,58,0,16
50,58,1,-26
50,59,0,10
50,59,1,4
50,60,0,-15
50,60,1,16
50,61,0,17
50,61,1,-10
50,62,0,-2
50,62,1,11
50,63,0,5
50,63,1,8
50,64,0,14
50,64,1,-32
50,65,0,6
50,65,1,-19
50,66,0,14
50,66,1,-8
50,67,0,-17
50,67,1,39
50,68,0,1
50,68,1,-26
50,69,0,-8
50,69,1,9
50,70,0,-22
50,70,1,16
50,71,0,10
50,71,1,-3
50,72,0,-6
50,72,1,10
50,73,0,-4
50,73,1,11
50,74,0,-19
50,75,0,-15
50,75,1,13
51,1,0,2
51,5,0,2
51,6,0,2
51,7,0,2
51,8,0,2
51,9,0,1
51,10,0,1
51,11,0,2
51,12,0,2
51,13,0,1
51,14,0,10
51,14,1,-14
51,15,0,3
51,16,0,4
51,16,1,-7
51,17,0,3
51,17,1,-26
51,18,0,7
51,18,1,-14
51,19,0,29
51,19,1,-29
51,20,0,15
51,20,1,-20
51,21,0,-21
51,21,1,12
51,22,0,-5
51,22,1,5
51,23,0,8
51,23,1,-1
51,24,1,16
51,25,0,-10
51,25,1,20
51,26,0,-9
51,26,1,2
51,27,0,17
51,27,1,-7
51,28,0,10
51,28,1,-13
51,29,0,-6
51,29,1,-1
51,30,0,11
51,30,1,-7
51,31,0,24
51,31,1,-15
51,32,0,15
51,32,1,-28
51,33,0,-9
51,33,1,32
51,34,0,-6
51,34,1,2
51,35,0,18
51,35,1,-19
51,36,0,-3
51,36,1,-5
51,37,0,-6
51,37,1,6
51,38,0,31
51,38,1,-35
51,39,0,3
51,39,1,-10
51,40,0,18
51,40,1,9
51,41,0,11
51,41,1,-2
51,42,0,4
51,42,1,-11
51,43,0,2
51,43,1,-15
51,44,0,18
51,44,1,-30
51,45,0,-12
51,45,1,18
51,46,0,-1
51,46,1,-12
51,47,0,17
51,47,1,-4
51,48,0,10
51,48,1,-7
51,49,0,15
51,49,1,-5
51,50,1,-5
51,51,0,102
51,51,1,-5
51,52,0,-9
51,52,1,12
51,53,0,15
51,53,1,-9
51,54,1,-18
51,55,0,-15
51,55,1,9
51,56,0,-1
51,56,1,12
51,57,0,1
51,57,1,-8
51,58,0,-2
51,58,1,6
51,59,0,-10
51,59,1,3
51,60,0,7
51,60,1,-18
51,61,0,-10
51,62,0,-1
51,62,1,9
51,63,0,-1
51,63,1,11
51,64,0,-7
51,64,1,14
51,65,0,5
51,66,0,-3
51,66,1,-7
51,67,0,-18
51,67,1,32
51,68,0,-10
51,68,1,22
51,69,0,-18
51,69,1,38
51,70,0,-11
51,70,1,16
51,71,0,-13
51,71,1,10
51,72,0,19
51,72,1,-18
51,73,0,1
51,73,1,-8
51,74,0,12
51,74,1,-28
51,75,0,-29
51,75,1,48
52,1,0,2
52,2,0,-1
52,3,0,2
52,5,0,-2
52,6,0,-2
52,7,0,1
52,8,0,-2
52,9,0,1
52,10,0,1
52,11,0,2
52,13,0,-2
52,14,0,23
52,14,1,-29
52,15,0,-7
52,15,1,21
52,16,0,-7
52,16,1,28
52,17,0,11
52,17,1,17
52,18,0,-16
52,18,1,-5
52,19,0,1
52,19,1,-10
52,20,0,-2
52,20,1,-5
52,21,0,2
52,21,1,5
52,22,0,-15
52,22,1,36
52,23,0,32
52,23,1,-50
52,24,0,20
52,24,1,-24
52,25,0,15
52,25,1,5
52,26,0,15
52,26,1,-8
52,27,0,12
52,27,1,-20
52,28,0,12
52,28,1,1
52,29,0,4
52,29,1,20
52,30,0,-23
52,30,1,17
52,31,0,-19
52,31,1,8
52,32,0,-7
52,32,1,-6
52,33,0,8
52,33,1,-9
52,34,0,3
52,34,1,8
52,35,0,11
52,35,1,-24
52,36,0,2
52,36,1,5
52,37,0,17
52,37,1,-6
52,38,0,9
52,38,1,-39
52,39,0,7
52,39,1,-13
52,40,0,5
52,40,1,-6
52,41,0,-3
52,41,1,13
52,42,0,13
52,42,1,-17
52,43,0,15
52,43,1,-17
52,44,0,-2
52,44,1,-1
52,45,0,7
52,45,1,-18
52,46,0,20
52,46,1,-7
52,47,0,-3
52,47,1,18
52,48,0,-2
52,48,1,-24
52,49,0,-12
52,49,1,15
52,50,0,-9
52,50,1,-5
52,51,0,-9
52,51,1,12
52,52,0,111
52,52,1,-27
52,53,0,-29
52,53,1,31
52,54,0,-5
52,54,1,14
52,55,0,16
52,55,1,-27
52,56,0,20
52,56,1,-12
52,57,0,-1
52,57,1,8
52,58,0,-10
52,58,1,28
52,59,0,-12
52,59,1,4
52,60,0,11
52,60,1,-16
52,61,0,-15
52,61,1,8
52,62,0,-12
52,62,1,-6
52,63,0,4
52,63,1,-19
52,64,0,16
52,64,1,10
52,65,0,4
52,65,1,-9
52,66,0,1
52,67,0,-7
52,67,1,32
52,68,0,5
52,68,1,-11
52,69,0,-26
52,69,1,46
52,70,0,-15
52,70,1,15
52,71,0,-16
52,71,1,13
52,72,0,-18
52,72,1,36
52,73,0,-12
52,73,1,-3
52,74,0,13
52,74,1,-20
52,75,0,9
52,75,1,-25
53,1,0,-1
53,2,0,1
53,4,0,-1
53,5,0,-1
53,6,0,2
53,7,0,1
53,8,0,-1
53,9,0,-1
53,10,0,-2
53,11,0,1
53,12,0,2
53,13,0,-1
53,14,0,-13
53,14,1,13
53,15,0,-17
53,15,1,4
53,16,0,-9
53,16,1,-2
53,17,0,5
53,18,0,8
53,18,1,-22
53,19,0,-2
53,19,1,-2
53,20,0,-19
53,20,1,20
53,21,0,-8
53,21,1,6
53,22,0,16
53,22,1,-10
53,23,0,1
53,23,1,12
53,24,0,-2
53,25,0,-1
53,25,1,12
53,26,0,-12
53,26,1,19
53,27,0,5
53,27,1,-12
53,28,0,3
53,28,1,-15
53,29,0,7
53,29,1,-5
53,30,0,18
53,30,1,-21
53,31,0,2
53,31,1,-12
53,32,0,18
53,32,1,-21
53,33,0,-2
53,33,1,6
53,34,0,10
53,34,1,-4
53,35,0,2
53,35,1,-17
53,36,0,9
53,36,1,-15
53,37,0,4
53,37,1,17
53,38,0,8
53,38,1,-10
53,39,0,1
53,39,1,-12
53,40,0,-5
53,40,1,-19
53,41,0,-6
53,41,1,6
53,42,0,4
53,42,1,7
53,43,0,4
53,43,1,17
53,44,0,13
53,44,1,-22
53,45,0,5
53,45,1,3
53,46,0,-12
53,46,1,17
53,47,0,4
53,47,1,-8
53,48,0,-4
53,48,1,33
53,49,0,-1
53,49,1,-13
53,50,0,1
53,51,0,15
53,51,1,-9
53,52,0,-29
53,52,1,31
53,53,0,66
53,53,1,24
53,54,0,3
53,54,1,23
53,55,0,-3
53,55,1,8
53,56,1,-22
53,57,0,-9
53,58,0,-6
53,58,1,15
53,59,0,-1
53,59,1,10
53,60,0,-14
53,60,1,15
53,61,0,7
53,61,1,-2
53,62,0,10
53,62,1,-12
53,63,0,14
53,63,1,-11
53,64,0,-11
53,64,1,-6
53,65,0,-10
53,65,1,10
53,66,0,7
53,66,1,-3
53,67,0,-1
53,67,1,16
53,68,0,-3
53,68,1,-16
53,69,0,1
53,69,1,-22
53,70,0,-3
53,70,1,-5
53,71,0,3
53,71,1,-23
53,72,0,10
53,72,1,-15
53,73,0,11
53,73,1,-20
53,74,0,16
53,74,1,-21
53,75,0,13
53,75,1,-15
54,3,0,2
54,4,0,-2
54,5,0,1
54,6,0,-2
54,7,0,-2
54,8,0,1
54,9,0,2
54,11,0,-2
54,12,0,-2
54,14,0,4
54,15,1,7
54,16,0,2
54,16,1,-12
54,17,0,-6
54,17,1,3
54,18,0,6
54,18,1,15
54,19,0,15
54,19,1,-18
54,20,0,8
54,20,1,-13
54,21,0,-3
54,22,0,5
54,22,1,-16
54,23,0,-15
54,23,1,1
54,24,0,3
54,25,0,11
54,25,1,-11
54,26,0,-13
54,26,1,18
54,27,0,-28
54,27,1,9
54,28,0,-7
54,28,1,9
54,29,0,-25
54,29,1,23
54,30,0,-24
54,30,1,29
54,31,0,-6
54,31,1,-2
54,32,0,12
54,32,1,-29
54,33,0,-24
54,33,1,2
54,34,0,-8
54,34,1,26
54,35,0,8
54,35,1,-24
54,36,0,3
54,36,1,-10
54,37,0,-4
54,37,1,6
54,38,0,-5
54,38,1,-10
54,39,0,10
54,39,1,-6
54,40,0,3
54,40,1,-15
54,41,0,-11
54,41,1,13
54,42,0,9
54,42,1,-8
54,43,0,-8
54,43,1,16
54,44,0,11
54,44,1,-31
54,45,0,-13
54,45,1,20
54,46,0,9
54,47,0,3
54,47,1,14
54,48,0,6
54,48,1,-12
54,49,0,-8
54,49,1,-9
54,50,0,-11
54,50,1,11
54,51,1,-18
54,52,0,-5
54,52,1,14
54,53,0,3
54,53,1,23
54,54,0,88
54,54,1,15
54,55,0,21
54,55,1,-25
54,56,0,-12
54,56,1,21
54,57,0,13
54,57,1,-47
54,58,0,-1
54,58,1,17
54,59,0,2
54,59,1,9
54,60,0,-16
54,60,1,16
54,61,0,29
54,61,1,-14
54,62,0,9
54,62,1,-23
54,63,0,-24
54,63,1,21
54,64,0,14
54,64,1,-12
54,65,0,-19
54,65,1,15
54,66,0,7
54,66,1,2
54,67,0,-4
54,67,1,9
54,68,0,-19
54,68,1,3
54,69,1,-26
54,70,0,7
54,70,1,1
54,71,0,-1
54,71,1,-3
54,72,0,-8
54,72,1,14
54,73,0,4
54,73,1,-12
54,74,0,-10
54,74,1,13
54,75,0,8
54,75,1,-23
55,1,0,-2
55,2,0,-2
55,3,0,-2
55,4,0,-2
55,6,0,1
55,7,0,-1
55,9,0,-1
55,10,0,-2
55,11,0,2
55,12,0,2
55,13,0,-2
55,14,0,-7
55,14,1,-4
55,15,0,-3
55,15,1,-4
55,16,0,5
55,16,1,1
55,17,1,-1
55,18,0,13
55,18,1,-15
55,19,0,-2
55,19,1,-8
55,20,0,4
55,20,1,-18
55,21,0,2
55,21,1,-1
55,22,0,7
55,22,1,-13
55,23,0,14
55,23,1,6
55,24,0,-14
55,24,1,22
55,25,0,-14
55,26,0,7
55,26,1,-6
55,27,0,4
55,27,1,-9
55,28,1,1
55,29,1,7
55,30,0,-4
55,30,1,16
55,31,0,-18
55,31,1,29
55,32,0,-6
55,32,1,10
55,33,0,-13
55,33,1,27
55,34,0,-6
55,34,1,18
55,35,0,-11
55,35,1,24
55,36,0,-10
55,36,1,25
55,37,0,-5
55,37,1,-19
55,38,0,-1
55,38,1,-4
55,39,0,21
55,39,1,-22
55,40,0,7
55,40,1,-18
55,41,0,4
55,41,1,-11
55,42,0,17
55,42,1,-31
55,43,0,-13
55,43,1,5
55,44,0,1
55,44,1,-6
55,45,0,2
55,45,1,-14
55,46,0,6
55,46,1,-3
55,47,0,18
55,47,1,-26
55,48,0,-8
55,48,1,17
55,49,0,-9
55,49,1,10
55,50,0,8
55,50,1,1
55,51,0,-15
55,51,1,9
55,52,0,16
55,52,1,-27
55,53,0,-3
55,53,1,8
55,54,0,21
55,54,1,-25
55,55,0,82
55,55,1,2
55,56,0,2
55,56,1,-3
55,57,0,-5
55,57,1,2
55,58,0,-4
55,58,1,-2
55,59,0,6
55,59,1,1
55,60,0,-6
55,60,1,6
55,61,0,14
55,61,1,-16
55,62,0,9
55,62,1,-25
55,63,0,-6
55,64,0,22
55,64,1,-50
55,65,0,1
55,66,0,-3
55,66,1,8
55,67,0,12
55,67,1,-11
55,68,0,-15
55,68,1,13
55,69,0,-22
55,69,1,6
55,70,0,4
55,70,1,-9
55,71,0,7
55,71,1,-13
55,72,0,-5
55,72,1,-8
55,73,0,-7
55,73,1,14
55,74,0,-11
55,74,1,7
55,75,1,14
56,1,0,-1
56,2,0,-2
56,3,0,2
56,4,0,-2
56,5,0,1
56,6,0,-2
56,7,0,2
56,8,0,2
56,9,0,-1
56,10,0,2
56,11,0,-2
56,12,0,1
56,13,0,-1
56,14,0,9
56,14,1,-29
56,15,0,9
56,15,1,-8
56,16,0,-4
56,16,1,5
56,17,0,8
56,17,1,-17
56,18,0,30
56,18,1,-36
56,19,0,8
56,19,1,-24
56,20,0,-11
56,20,1,9
56,21,0,7
56,21,1,-17
56,22,0,-19
56,22,1,8
56,23,0,16
56,23,1,-41
56,24,0,2
56,24,1,-3
56,25,0,2
56,25,1,-21
56,26,0,17
56,26,1,-32
56,27,0,-9
56,27,1,-2
56,28,0,4
56,28,1,-4
56,29,0,6
56,29,1,4
56,30,0,-8
56,31,0,10
56,31,1,-15
56,32,0,10
56,32,1,-2
56,33,0,-5
56,33,1,-15
56,34,0,3
56,34,1,-9
56,35,0,-6
56,35,1,3
56,36,0,19
56,36,1,-8
56,37,0,-8
56,37,1,11
56,38,0,13
56,38,1,-14
56,39,0,11
56,39,1,-26
56,40,0,5
56,40,1,8
56,41,0,-14
56,41,1,16
56,42,0,12
56,42,1,-15
56,43,0,-11
56,43,1,9
56,44,0,-24
56,44,1,23
56,45,0,5
56,45,1,-12
56,46,0,-11
56,46,1,16
56,47,0,8
56,47,1,14
56,48,0,-3
56,48,1,-3
56,49,0,-8
56,49,1,2
56,50,0,3
56,50,1,3
56,51,0,-1
56,51,1,12
56,52,0,20
56,52,1,-12
56,53,1,-22
56,54,0,-12
56,54,1,21
56,55,0,2
56,55,1,-3
56,56,0,107
56,56,1,2
56,57,1,-12
56,58,0,-8
56,58,1,2
56,59,0,20
56,59,1,19
56,60,0,-10
56,60,1,15
56,61,0,9
56,61,1,8
56,62,0,-8
56,62,1,-17
56,63,0,18
56,63,1,-23
56,64,0,10
56,64,1,4
56,65,0,8
56,65,1,-25
56,66,0,-6
56,66,1,-9
56,67,0,-4
56,67,1,-13
56,68,0,-1
56,69,0,-12
56,69,1,26
56,70,0,-5
56,70,1,10
56,71,0,-3
56,72,0,6
56,72,1,-13
56,73,0,-20
56,73,1,19
56,74,0,4
56,74,1,-22
56,75,0,-3
56,75,1,-10
57,2,0,1
57,3,0,-2
57,4,0,-2
57,5,0,2
57,6,0,-2
57,7,0,2
57,8,0,-2
57,9,0,-2
57,10,0,-1
57,11,0,-1
57,12,0,-1
57,13,0,-1
57,14,0,22
57,14,1,-1
57,15,0,14
57,15,1,1
57,16,0,-13
57,16,1,9
57,17,0,3
57,17,1,3
57,18,0,1
57,18,1,5
57,19,0,-6
57,19,1,10
57,20,0,-3
57,20,1,18
57,21,0,5
57,21,1,-4
57,22,0,15
57,22,1,2
57,23,0,-4
57,23,1,4
57,24,0,1
57,24,1,-1
57,25,0,-7
57,25,1,1
57,26,0,-10
57,26,1,8
57,27,0,-5
57,27,1,6
57,28,0,-21
57,28,1,26
57,29,0,-9
57,29,1,2
57,30,0,-12
57,30,1,6
57,31,0,8
57,31,1,-11
57,32,0,-9
57,32,1,28
57,33,0,-2
57,33,1,25
57,34,0,-5
57,34,1,14
57,35,0,10
57,35,1,2
57,36,0,30
57,36,1,-23
57,37,0,-17
57,37,1,27
57,38,0,-12
57,38,1,23
57,39,0,-4
57,39,1,4
57,40,0,-4
57,41,0,-8
57,41,1,-6
57,42,0,-5
57,43,0,7
57,44,0,15
57,44,1,1
57,45,0,-7
57,46,0,16
57,46,1,-13
57,47,0,-2
57,47,1,16
57,48,0,33
57,48,1,-28
57,49,0,22
57,49,1,-13
57,50,0,-16
57,50,1,16
57,51,0,1
57,51,1,-8
57,52,0,-1
57,52,1,8
57,53,0,-9
57,54,0,13
57,54,1,-47
57,55,0,-5
57,55,1,2
57,56,1,-12
57,57,0,89
57,57,1,-10
57,58,0,13
57,58,1,-21
57,59,0,-11
57,59,1,-2
57,60,0,-5
57,60,1,7
57,61,1,-3
57,62,0,-5
57,62,1,7
57,63,0,4
57,63,1,6
57,64,0,10
57,64,1,-15
57,65,0,-16
57,65,1,13
57,66,0,1
57,66,1,17
57,67,0,-12
57,67,1,-1
57,68,0,9
57,68,1,-23
57,69,0,9
57,69,1,2
57,70,0,19
57,70,1,-20
57,71,0,-6
57,71,1,-15
57,72,0,23
57,72,1,-15
57,73,0,9
57,73,1,-8
57,74,0,-22
57,74,1,9
57,75,0,5
57,75,1,3
58,2,0,-2
58,4,0,-1
58,5,0,1
58,6,0,1
58,7,0,-1
58,8,0,-2
58,9,0,-1
58,10,0,2
58,11,0,1
58,12,0,-1
58,13,0,-1
58,14,0,17
58,14,1,-23
58,15,0,-6
58,15,1,8
58,16,1,2
58,17,0,3
58,17,1,-6
58,18,0,-31
58,18,1,26
58,19,0,6
58,19,1,-4
58,20,0,-3
58,20,1,-16
58,21,0,6
58,21,1,18
58,22,0,-7
58,22,1,2
58,23,0,-21
58,23,1,18
58,24,0,2
58,24,1,5
58,25,1,9
58,26,0,-19
58,26,1,20
58,27,0,8
58,27,1,1
58,28,0,7
58,28,1,-5
58,29,0,-2
58,29,1,-4
58,30,0,-1
58,30,1,-10
58,31,0,-11
58,31,1,18
58,32,0,-3
58,32,1,-24
58,33,0,20
58,33,1,-15
58,34,0,1
58,34,1,7
58,35,0,-1
58,35,1,-5
58,36,0,-20
58,36,1,6
58,37,0,1
58,37,1,-23
58,38,0,-6
58,38,1,1
58,39,0,-10
58,39,1,4
58,40,0,21
58,40,1,-19
58,41,0,-8
58,42,0,-11
58,42,1,1
58,43,0,3
58,43,1,-1
58,44,0,-7
58,44,1,-2
58,45,0,10
58,45,1,-11
58,46,0,-20
58,46,1,22
58,47,0,-1
58,48,0,-3
58,48,1,-2
58,49,0,-6
58,49,1,5
58,50,0,16
58,50,1,-26
58,51,0,-2
58,51,1,6
58,52,0,-10
58,52,1,28
58,53,0,-6
58,53,1,15
58,54,0,-1
58,54,1,17
58,55,0,-4
58,55,1,-2
58,56,0,-8
58,56,1,2
58,57,0,13
58,57,1,-21
58,58,0,85
58,58,1,3
58,59,0,-11
58,59,1,25
58,60,0,-2
58,60,1,4
58,61,0,-1
58,61,1,-4
58,62,0,28
58,62,1,-25
58,63,0,-19
58,63,1,8
58,64,0,-1
58,64,1,-6
58,65,0,-6
58,65,1,19
58,66,0,15
58,66,1,-29
58,67,0,-13
58,67,1,11
58,68,0,9
58,68,1,-7
58,69,0,-7
58,69,1,6
58,70,0,-2
58,70,1,-1
58,71,0,-9
58,71,1,14
58,72,0,-1
58,72,1,16
58,73,0,15
58,73,1,-34
58,74,0,-6
58,74,1,5
58,75,0,-8
58,75,1,-4
59,1,0,-1
59,2,0,-2
59,3,0,-1
59,4,0,2
59,5,0,-2
59,6,0,1
59,7,0,-2
59,8,0,2
59,9,0,2
59,10,0,-1
59,11,0,-2
59,12,0,1
59,13,0,-2
59,14,0,-22
59,14,1,24
59,15,0,19
59,15,1,-46
59,16,0,-2
59,16,1,11
59,17,0,-6
59,17,1,5
59,18,0,5
59,18,1,14
59,19,0,-6
59,20,0,-4
59,20,1,-9
59,21,0,6
59,21,1,-5
59,22,0,1
59,22,1,-14
59,23,0,-9
59,23,1,-4
59,24,0,-18
59,24,1,8
59,25,0,-12
59,25,1,-30
59,26,0,42
59,26,1,-41
59,27,0,4
59,27,1,4
59,28,0,8
59,28,1,-25
59,29,0,19
59,29,1,-25
59,30,0,10
59,30,1,-24
59,31,0,-8
59,31,1,27
59,32,0,3
59,32,1,-11
59,33,0,6
59,33,1,-20
59,34,0,-23
59,34,1,17
59,35,0,-9
59,35,1,-7
59,36,0,9
59,36,1,-25
59,37,1,-1
59,38,0,5
59,38,1,2
59,39,0,21
59,39,1,-25
59,40,0,7
59,40,1,-15
59,41,0,-13
59,41,1,16
59,42,0,10
59,42,1,10
59,43,0,-8
59,43,1,10
59,44,0,-16
59,44,1,29
59,45,0,5
59,45,1,-7
59,46,0,-12
59,46,1,4
59,47,0,-4
59,47,1,-8
59,48,0,6
59,48,1,-3
59,49,0,-21
59,49,1,12
59,50,0,10
59,50,1,4
59,51,0,-10
59,51,1,3
59,52,0,-12
59,52,1,4
59,53,0,-1
59,53,1,10
59,54,0,2
59,54,1,9
59,55,0,6
59,55,1,1
59,56,0,20
59,56,1,19
59,57,0,-11
59,57,1,-2
59,58,0,-11
59,58,1,25
59,59,0,99
59,59,1,-4
59,60,0,9
59,60,1,-3
59,61,0,23
59,61,1,-9
59,62,0,-17
59,62,1,11
59,63,0,15
59,63,1,-28
59,64,0,-14
59,64,1,-17
59,65,0,-3
59,66,0,9
59,66,1,-19
59,67,0,16
59,67,1,-36
59,68,0,2
59,68,1,-3
59,69,0,2
59,69,1,-16
59,70,0,-3
59,70,1,14
59,71,0,16
59,71,1,-3
59,72,0,-4
59,72,1,3
59,73,0,-16
59,73,1,11
59,74,0,-6
59,75,0,-23
59,75,1,17
60,1,0,1
60,2,0,-2
60,3,0,1
60,4,0,1
60,5,0,2
60,6,0,1
60,7,0,-2
60,9,0,-2
60,10,0,-2
60,11,0,1
60,12,0,1
60,13,0,-2
60,14,0,6
60,15,0,17
60,15,1,-3
60,16,0,4
60,16,1,9
60,17,0,-13
60,17,1,15
60,18,0,-4
60,18,1,-6
60,19,0,-5
60,19,1,19
60,20,0,6
60,20,1,3
60,21,0,-28
60,21,1,39
60,22,0,-7
60,22,1,12
60,23,0,-3
60,24,0,-4
60,24,1,-15
60,25,0,-11
60,25,1,8
60,26,0,-9
60,26,1,18
60,27,0,9
60,27,1,3
60,28,0,5
60,28,1,-21
60,29,0,4
60,29,1,6
60,30,0,-8
60,30,1,10
60,31,0,11
60,31,1,-17
60,32,0,-32
60,32,1,28
60,33,0,11
60,33,1,22
60,34,0,-7
60,34,1,-4
60,35,0,-4
60,35,1,12
60,36,0,-9
60,36,1,16
60,37,0,-2
60,37,1,13
60,38,0,25
60,38,1,-21
60,39,0,5
60,39,1,-4
60,40,0,9
60,40,1,-6
60,41,0,-3
60,41,1,11
60,42,0,-13
60,42,1,24
60,43,0,6
60,44,0,15
60,44,1,-28
60,45,0,-18
60,45,1,13
60,46,0,-2
60,46,1,11
60,47,0,1
60,47,1,-12
60,48,0,7
60,48,1,7
60,49,0,4
60,49,1,7
60,50,0,-15
60,50,1,16
60,51,0,7
60,51,1,-18
60,52,0,11
60,52,1,-16
60,53,0,-14
60,53,1,15
60,54,0,-16
60,54,1,16
60,55,0,-6
60,55,1,6
60,56,0,-10
60,56,1,15
60,57,0,-5
60,57,1,7
60,58,0,-2
60,58,1,4
60,59,0,9
60,59,1,-3
60,60,0,91
60,60,1,-15
60,61,0,-19
60,61,1,17
60,62,0,-12
60,62,1,-3
60,63,0,-2
60,63,1,3
60,64,0,-7
60,64,1,3
60,65,0,2
60,65,1,-5
60,66,0,-11
60,66,1,5
60,67,0,-2
60,67,1,9
60,68,1,-3
60,69,0,-6
60,69,1,-1
60,70,0,-14
60,70,1,5
60,71,0,-17
60,71,1,16
60,72,0,-15
60,72,1,-10
60,73,0,1
60,73,1,8
60,74,0,21
60,74,1,-7
60,75,0,-14
60,75,1,13
61,1,0,2
61,3,0,1
61,4,0,2
61,6,0,-1
61,8,0,-1
61,9,0,2
61,10,0,2
61,11,0,2
61,12,0,-1
61,13,0,-1
61,14,0,-4
61,14,1,4
61,15,0,-12
61,15,1,14
61,16,0,-10
61,16,1,13
61,17,0,11
61,17,1,-1
61,18,0,2
61,18,1,9
61,19,0,-12
61,19,1,15
61,20,0,-11
61,20,1,14
61,21,0,-7
61,21,1,-6
61,22,0,-6
61,22,1,5
61,23,0,10
61,23,1,-33
61,24,0,-2
61,24,1,-4
61,25,1,2
61,26,0,-11
61,26,1,22
61,27,0,-2
61,27,1,-7
61,28,0,5
61,28,1,-8
61,29,0,11
61,29,1,1
61,30,0,12
61,30,1,9
61,31,0,-9
61,31,1,-15
61,32,0,16
61,32,1,-17
61,33,0,-3
61,33,1,13
61,34,0,-10
61,34,1,27
61,35,0,15
61,35,1,-31
61,36,0,12
61,36,1,-15
61,37,0,-9
61,37,1,14
61,38,0,-15
61,38,1,24
61,39,0,1
61,39,1,2
61,40,0,-10
61,40,1,-16
61,41,0,-10
61,41,1,13
61,42,0,17
61,42,1,-12
61,43,0,-3
61,43,1,6
61,44,0,-1
61,44,1,8
61,45,0,-4
61,46,0,-2
61,46,1,3
61,47,0,-2
61,47,1,-8
61,48,0,-8
61,48,1,14
61,49,0,1
61,49,1,-22
61,50,0,17
61,50,1,-10
61,51,0,-10
61,52,0,-15
61,52,1,8
61,53,0,7
61,53,1,-2
61,54,0,29
61,54,1,-14
61,55,0,14
61,55,1,-16
61,56,0,9
61,56,1,8
61,57,1,-3
61,58,0,-1
61,58,1,-4
61,59,0,23
61,59,1,-9
61,60,0,-19
61,60,1,17
61,61,0,89
61,61,1,-14
61,62,1,4
61,63,0,6
61,63,1,10
61,64,0,-18
61,64,1,-5
61,65,0,5
61,65,1,-5
61,66,0,13
61,66,1,-16
61,67,0,-19
61,68,0,4
61,68,1,-7
61,69,0,12
61,69,1,-21
61,70,0,-27
61,70,1,30
61,71,1,2
61,72,0,-8
61,73,0,-11
61,73,1,29
61,74,0,-19
61,74,1,13
61,75,0,-19
61,75,1,25
62,1,0,-2
62,2,0,-1
62,5,0,-1
62,6,0,1
62,7,0,-1
62,8,0,-2
62,9,0,2
62,10,0,2
62,12,0,2
62,14,0,-3
62,14,1,14
62,15,0,-12
62,15,1,5
62,16,0,-9
62,16,1,-7
62,17,0,-9
62,17,1,10
62,18,0,2
62,18,1,10
62,19,0,-2
62,19,1,10
62,20,0,2
62,20,1,-12
62,21,1,-6
62,22,0,-18
62,22,1,23
62,23,0,-14
62,23,1,18
62,24,0,-8
62,24,1,17
62,25,0,-13
62,25,1,22
62,26,0,-23
62,26,1,28
62,27,0,10
62,27,1,-16
62,28,0,-12
62,28,1,17
62,29,0,-5
62,29,1,-4
62,30,0,1
62,30,1,16
62,31,0,-9
62,31,1,10
62,32,0,11
62,32,1,-35
62,33,0,-20
62,33,1,31
62,34,0,-3
62,34,1,-5
62,35,0,-5
62,35,1,-16
62,36,0,-1
62,36,1,-25
62,37,0,15
62,37,1,-30
62,38,0,-8
62,38,1,29
62,39,0,-18
62,39,1,18
62,40,0,21
62,40,1,-23
62,41,0,-26
62,41,1,21
62,42,0,3
62,42,1,-14
62,43,0,-15
62,43,1,14
62,44,1,-14
62,45,0,20
62,45,1,-27
62,46,0,-13
62,46,1,-10
62,47,0,1
62,47,1,-23
62,48,0,-18
62,48,1,25
62,49,0,-12
62,49,1,20
62,50,0,-2
62,50,1,11
62,51,0,-1
62,51,1,9
62,52,0,-12
62,52,1,-6
62,53,0,10
62,53,1,-12
62,54,0,9
62,54,1,-23
62,55,0,9
62,55,1,-25
62,56,0,-8
62,56,1,-17
62,57,0,-5
62,57,1,7
62,58,0,28
62,58,1,-25
62,59,0,-17
62,59,1,11
62,60,0,-12
62,60,1,-3
62,61,1,4
62,62,0,87
62,62,1,-13
62,63,0,-20
62,63,1,41
62,64,0,16
62,64,1,-22
62,65,0,2
62,65,1,4
62,66,1,6
62,67,0,-2
62,68,0,-2
62,68,1,-2
62,69,0,19
62,69,1,-23
62,70,0,-8
62,70,1,14
62,71,0,1
62,71,1,3
62,72,0,15
62,72,1,-8
62,73,0,12
62,73,1,-2
62,74,0,13
62,74,1,-4
62,75,0,6
62,75,1,17
63,1,0,1
63,2,0,2
63,3,0,2
63,4,0,2
63,5,0,2
63,6,0,1
63,7,0,-2
63,8,0,-1
63,9,0,2
63,10,0,1
63,11,0,2
63,14,0,-9
63,14,1,29
63,15,0,-5
63,15,1,12
63,16,0,4
63,16,1,-10
63,17,0,18
63,17,1,-43
63,18,0,-1
63,18,1,-1
63,19,0,-17
63,19,1,28
63,20,0,-11
63,20,1,10
63,21,0,-9
63,21,1,2
63,22,0,4
63,22,1,-15
63,23,0,12
63,23,1,-23
63,24,0,12
63,24,1,-16
63,25,0,-7
63,25,1,1
63,26,0,19
63,26,1,-32
63,27,1,1
63,28,0,-5
63,28,1,6
63,29,0,12
63,29,1,-4
63,30,0,-2
63,30,1,18
63,31,0,5
63,31,1,-7
63,32,0,-12
63,32,1,8
63,33,0,16
63,33,1,-9
63,34,0,9
63,34,1,8
63,35,0,7
63,35,1,-16
63,36,0,11
63,36,1,-12
63,37,0,-10
63,37,1,7
63,38,1,25
63,39,0,16
63,39,1,-18
63,40,0,-1
63,41,0,-1
63,42,0,13
63,42,1,-7
63,43,0,-3
63,43,1,2
63,44,0,10
63,44,1,-21
63,45,0,18
63,45,1,-13
63,46,1,4
63,47,0,6
63,47,1,-7
63,48,0,12
63,48,1,-3
63,49,0,3
63,49,1,-9
63,50,0,5
63,50,1,8
63,51,0,-1
63,51,1,11
63,52,0,4
63,52,1,-19
63,53,0,14
63,53,1,-11
63,54,0,-24
63,54,1,21
63,55,0,-6
63,56,0,18
63,56,1,-23
63,57,0,4
63,57,1,6
63,58,0,-19
63,58,1,8
63,59,0,15
63,59,1,-28
63,60,0,-2
63,60,1,3
63,61,0,6
63,61,1,10
63,62,0,-20
63,62,1,41
63,63,0,70
63,63,1,28
63,64,0,-14
63,64,1,1
63,65,0,13
63,65,1,-10
63,66,0,5
63,66,1,8
63,67,0,1
63,67,1,-4
63,68,0,3
63,68,1,-18
63,69,0,-12
63,69,1,17
63,70,0,3
63,70,1,9
63,71,0,-9
63,71,1,28
63,72,0,19
63,72,1,-64
63,73,0,-2
63,73,1,11
63,74,0,-1
63,74,1,10
63,75,0,-4
63,75,1,27
64,2,0,-2
64,4,0,2
64,5,0,1
64,6,0,-2
64,7,0,-1
64,8,0,1
64,9,0,-2
64,10,0,-1
64,11,0,2
64,12,0,2
64,13,0,2
64,14,0,-5
64,14,1,9
64,15,0,22
64,15,1,8
64,16,0,6
64,16,1,-2
64,17,0,-15
64,17,1,7
64,18,0,26
64,18,1,-26
64,19,0,18
64,19,1,-55
64,20,0,21
64,20,1,-21
64,21,0,4
64,21,1,-7
64,22,0,6
64,22,1,3
64,23,0,-5
64,23,1,15
64,24,0,-16
64,24,1,22
64,25,0,5
64,25,1,5
64,26,0,-12
64,26,1,10
64,27,0,-16
64,27,1,11
64,28,0,-10
64,28,1,20
64,29,0,-1
64,29,1,17
64,30,0,-17
64,30,1,2
64,31,0,-12
64,31,1,8
64,32,0,9
64,32,1,-9
64,33,0,-16
64,33,1,-5
64,34,0,27
64,34,1,-42
64,35,0,16
64,35,1,-8
64,36,0,11
64,36,1,26
64,37,0,-10
64,37,1,11
64,38,0,-8
64,38,1,-16
64,39,0,22
64,39,1,-39
64,40,1,14
64,41,0,-12
64,41,1,22
64,42,0,11
64,42,1,-14
64,43,0,19
64,43,1,-25
64,44,0,-17
64,44,1,15
64,45,0,6
64,45,1,3
64,46,0,7
64,46,1,9
64,47,0,21
64,47,1,-14
64,48,0,-8
64,48,1,7
64,49,0,-12
64,49,1,16
64,50,0,14
64,50,1,-32
64,51,0,-7
64,51,1,14
64,52,0,16
64,52,1,10
64,53,0,-11
64,53,1,-6
64,54,0,14
64,54,1,-12
64,55,0,22
64,55,1,-50
64,56,0,10
64,56,1,4
64,57,0,10
64,57,1,-15
64,58,0,-1
64,58,1,-6
64,59,0,-14
64,59,1,-17
64,60,0,-7
64,60,1,3
64,61,0,-18
64,61,1,-5
64,62,0,16
64,62,1,-22
64,63,0,-14
64,63,1,1
64,64,0,95
64,64,1,9
64,65,0,8
64,65,1,-16
64,66,0,-2
64,66,1,1
64,67,0,-14
64,67,1,13
64,68,0,-11
64,68,1,23
64,69,0,5
64,69,1,9
64,70,0,10
64,70,1,-10
64,71,0,-6
64,71,1,9
64,72,0,1
64,72,1,21
64,73,0,-4
64,73,1,-23
64,74,0,-1
64,74,1,17
64,75,0,7
64,75,1,-34
65,1,0,1
65,2,0,-1
65,3,0,-1
65,5,0,-2
65,6,0,-2
65,7,0,1
65,8,0,2
65,9,0,1
65,10,0,-2
65,11,0,1
65,13,0,2
65,14,0,-16
65,14,1,4
65,15,0,-2
65,15,1,8
65,16,0,-8
65,16,1,-6
65,17,0,4
65,17,1,-24
65,18,1,19
65,19,0,-3
65,19,1,6
65,20,0,26
65,20,1,-35
65,21,0,-3
65,21,1,23
65,22,0,-1
65,22,1,-10
65,23,0,18
65,23,1,-21
65,24,0,-7
65,24,1,3
65,25,0,6
65,25,1,-1
65,26,0,-8
65,26,1,8
65,27,0,10
65,27,1,-2
65,28,0,3
65,29,0,-12
65,29,1,-19
65,30,0,-14
65,30,1,7
65,31,0,10
65,31,1,-7
65,32,0,-15
65,32,1,18
65,33,0,-1
65,33,1,-5
65,34,0,19
65,34,1,-14
65,35,0,11
65,35,1,-19
65,36,0,11
65,36,1,-16
65,37,0,9
65,37,1,-9
65,38,0,-8
65,38,1,-2
65,39,0,-2
65,39,1,-4
65,40,0,19
65,40,1,-24
65,41,0,14
65,41,1,3
65,42,1,-20
65,43,0,-10
65,43,1,16
65,44,0,3
65,44,1,-3
65,45,0,20
65,45,1,-17
65,46,0,17
65,46,1,-20
65,47,0,29
65,47,1,-38
65,48,0,-6
65,48,1,12
65,49,0,3
65,49,1,-4
65,50,0,6
65,50,1,-19
65,51,0,5
65,52,0,4
65,52,1,-9
65,53,0,-10
65,53,1,10
65,54,0,-19
65,54,1,15
65,55,0,1
65,56,0,8
65,56,1,-25
65,57,0,-16
65,57,1,13
65,58,0,-6
65,58,1,19
65,59,0,-3
65,60,0,2
65,60,1,-5
65,61,0,5
65,61,1,-5
65,62,0,2
65,62,1,4
65,63,0,13
65,63,1,-10
65,64,0,8
65,64,1,-16
65,65,0,86
65,65,1,20
65,66,0,-11
65,66,1,17
65,67,0,-14
65,67,1,17
65,68,0,11
65,68,1,-4
65,69,0,10
65,69,1,-3
65,70,1,6
65,71,0,-2
65,71,1,-1
65,72,0,-7
65,72,1,2
65,73,0,-2
65,73,1,19
65,74,0,-1
65,74,1,-14
65,75,0,-21
65,75,1,29
66,1,0,1
66,2,0,-2
66,4,0,-1
66,5,0,1
66,7,0,1
66,8,0,-2
66,9,0,2
66,10,0,2
66,11,0,-2
66,12,0,1
66,13,0,-2
66,14,0,4
66,14,1,2
66,15,0,5
66,15,1,2
66,16,0,-4
66,16,1,-13
66,17,0,6
66,17,1,-13
66,18,0,-18
66,18,1,25
66,19,0,4
66,19,1,-25
66,20,0,-8
66,20,1,12
66,21,0,-10
66,21,1,16
66,22,0,-8
66,22,1,23
66,23,0,-17
66,23,1,12
66,24,0,8
66,24,1,-7
66,25,0,-16
66,25,1,5
66,26,0,-3
66,26,1,19
66,27,0,-3
66,27,1,7
66,28,0,-13
66,28,1,42
66,29,0,13
66,29,1,-21
66,30,0,-3
66,30,1,5
66,31,0,8
66,31,1,-9
66,32,0,-13
66,32,1,22
66,33,0,20
66,33,1,-17
66,34,0,-10
66,34,1,10
66,35,1,-1
66,36,0,20
66,36,1,-11
66,37,0,-7
66,37,1,-17
66,38,0,-16
66,39,0,6
66,39,1,7
66,40,0,7
66,40,1,-21
66,41,1,-10
66,42,0,-11
66,42,1,6
66,43,0,16
66,43,1,-16
66,44,0,-8
66,44,1,12
66,45,0,-6
66,45,1,10
66,46,0,-13
66,46,1,16
66,47,0,20
66,47,1,-7
66,48,0,-1
66,48,1,9
66,49,0,-6
66,49,1,16
66,50,0,14
66,50,1,-8
66,51,0,-3
66,51,1,-7
66,52,0,1
66,53,0,7
66,53,1,-3
66,54,0,7
66,54,1,2
66,55,0,-3
66,55,1,8
66,56,0,-6
66,56,1,-9
66,57,0,1
66,57,1,17
66,58,0,15
66,58,1,-29
66,59,0,9
66,59,1,-19
66,60,0,-11
66,60,1,5
66,61,0,13
66,61,1,-16
66,62,1,6
66,63,0,5
66,63,1,8
66,64,0,-2
66,64,1,1
66,65,0,-11
66,65,1,17
66,66,0,80
66,66,1,3
66,67,1,-9
66,68,0,-12
66,68,1,-7
66,69,0,-14
66,69,1,3
66,70,0,-12
66,70,1,7
66,71,0,11
66,71,1,-10
66,73,0,-11
66,73,1,21
66,74,0,-5
66,74,1,6
66,75,0,-12
66,75,1,25
67,1,0,2
67,2,0,-1
67,6,0,-1
67,7,0,1
67,10,0,2
67,11,0,2
67,12,0,1
67,13,0,-2
67,14,0,13
67,14,1,-34
67,15,0,-1
67,15,1,6
67,16,0,18
67,16,1,-14
67,17,0,-10
67,17,1,25
67,18,0,8
67,18,1,-39
67,19,0,-15
67,19,1,23
67,20,0,-14
67,20,1,-2
67,21,0,4
67,21,1,4
67,22,0,-10
67,22,1,7
67,23,0,-8
67,23,1,12
67,24,0,-12
67,24,1,1
67,25,0,3
67,25,1,14
67,26,0,21
67,26,1,-14
67,27,0,-3
67,27,1,-9
67,28,0,12
67,28,1,-20
67,29,0,-1
67,29,1,-11
67,30,0,-5
67,30,1,20
67,31,0,8
67,31,1,-1
67,32,0,-7
67,32,1,-7
67,33,0,-22
67,33,1,32
67,34,0,-17
67,34,1,13
67,35,0,-15
67,35,1,5
67,36,0,-15
67,36,1,10
67,37,0,-3
67,37,1,31
67,38,0,2
67,38,1,1
67,39,0,-4
67,39,1,20
67,40,0,-15
67,40,1,4
67,41,0,-5
67,41,1,23
67,42,0,-1
67,42,1,14
67,43,0,1
67,43,1,-1
67,44,0,23
67,44,1,-27
67,45,0,-8
67,45,1,-1
67,46,1,15
67,47,0,-15
67,47,1,19
67,48,0,-14
67,48,1,-14
67,49,1,-3
67,50,0,-17
67,50,1,39
67,51,0,-18
67,51,1,32
67,52,0,-7
67,52,1,32
67,53,0,-1
67,53,1,16
67,54,0,-4
67,54,1,9
67,55,0,12
67,55,1,-11
67,56,0,-4
67,56,1,-13
67,57,0,-12
67,57,1,-1
67,58,0,-13
67,58,1,11
67,59,0,16
67,59,1,-36
67,60,0,-2
67,60,1,9
67,61,0,-19
67,62,0,-2
67,63,0,1
67,63,1,-4
67,64,0,-14
67,64,1,13
67,65,0,-14
67,65,1,17
67,66,1,-9
67,67,0,90
67,67,1,3
67,68,0,-15
67,68,1,7
67,69,0,12
67,69,1,-10
67,70,1,-4
67,71,0,4
67,71,1,17
67,72,0,8
67,72,1,-1
67,73,0,14
67,73,1,-25
67,74,0,7
67,74,1,-17
67,75,0,-8
67,75,1,4
68,1,0,2
68,2,0,-1
68,3,0,2
68,4,0,-1
68,6,0,2
68,7,0,1
68,8,0,-2
68,9,0,1
68,10,0,-1
68,11,0,1
68,12,0,1
68,13,0,2
68,14,0,4
68,14,1,-27
68,15,0,-5
68,15,1,8
68,16,0,-11
68,16,1,29
68,17,0,12
68,17,1,-26
68,18,0,-15
68,18,1,16
68,19,1,-9
68,20,0,1
68,20,1,-18
68,21,0,23
68,21,1,-17
68,22,1,7
68,23,0,16
68,23,1,-10
68,24,0,-11
68,24,1,23
68,25,0,9
68,25,1,-24
68,26,0,-8
68,26,1,21
68,27,0,27
68,27,1,-5
68,28,0,-13
68,28,1,8
68,29,0,7
68,30,0,-7
68,30,1,-10
68,31,0,4
68,31,1,-7
68,32,0,1
68,32,1,-16
68,33,0,8
68,33,1,-9
68,34,0,4
68,35,0,-1
68,35,1,3
68,36,0,-16
68,36,1,25
68,37,0,18
68,37,1,-39
68,38,0,-12
68,38,1,8
68,39,0,-16
68,39,1,-6
68,40,1,25
68,41,0,-5
68,41,1,10
68,42,0,-27
68,42,1,38
68,43,0,-1
68,43,1,-19
68,44,0,-5
68,44,1,1
68,45,0,8
68,45,1,-4
68,46,0,-1
68,46,1,-24
68,47,0,-11
68,47,1,6
68,48,0,8
68,48,1,-9
68,49,1,13
68,50,0,1
68,50,1,-26
68,51,0,-10
68,51,1,22
68,52,0,5
68,52,1,-11
68,53,0,-3
68,53,1,-16
68,54,0,-19
68,54,1,3
68,55,0,-15
68,55,1,13
68,56,0,-1
68,57,0,9
68,57,1,-23
68,58,0,9
68,58,1,-7
68,59,0,2
68,59,1,-3
68,60,1,-3
68,61,0,4
68,61,1,-7
68,62,0,-2
68,62,1,-2
68,63,0,3
68,63,1,-18
68,64,0,-11
68,64,1,23
68,65,0,11
68,65,1,-4
68,66,0,-12
68,66,1,-7
68,67,0,-15
68,67,1,7
68,68,0,94
68,68,1,26
68,69,0,-10
68,69,1,6
68,70,0,-8
68,70,1,4
68,71,0,-6
68,71,1,27
68,72,0,2
68,72,1,-4
68,73,0,8
68,73,1,3
68,74,0,-9
68,74,1,-1
68,75,0,16
68,75,1,-10
69,1,0,1
69,2,0,-1
69,4,0,2
69,6,0,2
69,8,0,1
69,9,0,-2
69,10,0,2
69,11,0,-2
69,13,0,-1
69,14,0,-22
69,14,1,35
69,15,0,4
69,15,1,-16
69,16,0,2
69,16,1,7
69,17,0,-2
69,17,1,-2
69,18,0,4
69,18,1,4
69,19,0,-11
69,19,1,2
69,20,1,4
69,21,0,23
69,21,1,-39
69,22,0,10
69,22,1,-7
69,23,1,-22
69,24,0,-11
69,24,1,25
69,25,0,32
69,25,1,-25
69,26,0,-3
69,26,1,-15
69,27,0,-7
69,27,1,6
69,28,0,7
69,28,1,-22
69,29,0,-2
69,29,1,-3
69,30,0,-3
69,31,0,-4
69,31,1,11
69,32,0,16
69,32,1,-6
69,33,0,-17
69,34,1,5
69,35,0,6
69,35,1,-3
69,36,0,32
69,36,1,-33
69,37,0,3
69,37,1,-10
69,38,0,-29
69,38,1,42
69,39,0,-1
69,39,1,-9
69,40,0,-23
69,40,1,39
69,41,0,-8
69,41,1,10
69,42,0,15
69,42,1,-22
69,43,0,-3
69,43,1,7
69,44,0,-2
69,44,1,12
69,45,0,15
69,45,1,-3
69,46,0,16
69,46,1,-9
69,47,0,-22
69,47,1,30
69,48,1,-21
69,49,0,14
69,49,1,5
69,50,0,-8
69,50,1,9
69,51,0,-18
69,51,1,38
69,52,0,-26
69,52,1,46
69,53,0,1
69,53,1,-22
69,54,1,-26
69,55,0,-22
69,55,1,6
69,56,0,-12
69,56,1,26
69,57,0,9
69,57,1,2
69,58,0,-7
69,58,1,6
69,59,0,2
69,59,1,-16
69,60,0,-6
69,60,1,-1
69,61,0,12
69,61,1,-21
69,62,0,19
69,62,1,-23
69,63,0,-12
69,63,1,17
69,64,0,5
69,64,1,9
69,65,0,10
69,65,1,-3
69,66,0,-14
69,66,1,3
69,67,0,12
69,67,1,-10
69,68,0,-10
69,68,1,6
69,69,0,102
69,69,1,6
69,70,0,12
69,70,1,9
69,71,0,7
69,72,0,5
69,72,1,-1
69,73,0,9
69,73,1,-11
69,74,0,15
69,74,1,-21
69,75,0,6
69,75,1,-16
70,2,0,1
70,3,0,1
70,4,0,2
70,5,0,2
70,6,0,2
70,7,0,-1
70,8,0,-1
70,9,0,1
70,10,0,2
70,12,0,-1
70,13,0,-2
70,14,0,-8
70,14,1,40
70,15,0,23
70,15,1,-19
70,16,0,-1
70,16,1,-7
70,17,0,12
70,17,1,-42
70,18,0,17
70,18,1,6
70,19,0,4
70,19,1,9
70,20,0,7
70,20,1,3
70,21,0,20
70,21,1,-15
70,22,0,23
70,22,1,-24
70,23,0,-31
70,23,1,31
70,24,0,6
70,24,1,-20
70,25,0,-7
70,25,1,4
70,26,0,4
70,26,1,-19
70,27,0,-3
70,27,1,-20
70,28,0,-9
70,28,1,8
70,29,0,-23
70,29,1,11
70,30,0,-5
70,30,1,-16
70,31,0,9
70,31,1,-11
70,32,0,-13
70,32,1,8
70,33,0,6
70,33,1,-21
70,34,0,12
70,34,1,-22
70,35,0,-30
70,35,1,14
70,36,0,4
70,36,1,-4
70,37,0,-2
70,37,1,2
70,38,0,3
70,38,1,13
70,39,0,4
70,39,1,-10
70,40,0,-13
70,40,1,32
70,41,0,3
70,41,1,19
70,42,0,-6
70,42,1,11
70,43,0,-3
70,43,1,10
70,44,0,-3
70,44,1,-10
70,45,0,12
70,45,1,-26
70,46,0,2
70,46,1,-17
70,47,0,15
70,47,1,-8
70,48,0,20
70,48,1,-23
70,49,0,25
70,49,1,-21
70,50,0,-22
70,50,1,16
70,51,0,-11
70,51,1,16
70,52,0,-15
70,52,1,15
70,53,0,-3
70,53,1,-5
70,54,0,7
70,54,1,1
70,55,0,4
70,55,1,-9
70,56,0,-5
70,56,1,10
70,57,0,19
70,57,1,-20
70,58,0,-2
70,58,1,-1
70,59,0,-3
70,59,1,14
70,60,0,-14
70,60,1,5
70,61,0,-27
70,61,1,30
70,62,0,-8
70,62,1,14
70,63,0,3
70,63,1,9
70,64,0,10
70,64,1,-10
70,65,1,6
70,66,0,-12
70,66,1,7
70,67,1,-4
70,68,0,-8
70,68,1,4
70,69,0,12
70,69,1,9
70,70,0,102
70,70,1,-3
70,71,0,12
70,71,1,-13
70,72,0,14
70,72,1,-9
70,73,0,-5
70,73,1,-15
70,74,0,-11
70,74,1,20
70,75,0,22
70,75,1,-27
71,1,0,1
71,2,0,-1
71,3,0,-1
71,5,0,-1
71,7,0,2
71,9,0,1
71,10,0,1
71,11,0,-1
71,12,0,-1
71,14,0,-18
71,14,1,14
71,15,0,6
71,15,1,-16
71,16,1,24
71,17,0,-7
71,17,1,-11
71,18,0,20
71,18,1,-22
71,19,0,3
71,19,1,-13
71,20,1,-19
71,21,0,10
71,21,1,-2
71,22,0,10
71,22,1,-25
71,23,0,-13
71,23,1,9
71,24,0,-1
71,24,1,-15
71,25,0,-3
71,25,1,-14
71,26,0,9
71,26,1,-11
71,27,0,1
71,27,1,-2
71,28,0,-12
71,28,1,14
71,29,0,6
71,29,1,-17
71,30,0,16
71,30,1,-12
71,31,0,11
71,31,1,7
71,32,0,-20
71,32,1,5
71,33,0,-9
71,33,1,-13
71,34,0,-2
71,34,1,-8
71,35,0,-16
71,35,1,23
71,36,0,28
71,36,1,-29
71,37,0,-13
71,37,1,-8
71,38,0,-27
71,38,1,34
71,39,0,-4
71,39,1,9
71,40,0,-5
71,40,1,7
71,41,0,8
71,41,1,1
71,42,0,-12
71,42,1,33
71,43,0,-23
71,43,1,18
71,44,0,-19
71,44,1,20
71,45,0,6
71,45,1,-9
71,46,0,-16
71,46,1,33
71,47,0,-9
71,47,1,-5
71,48,0,4
71,48,1,-42
71,49,0,-7
71,49,1,-3
71,50,0,10
71,50,1,-3
71,51,0,-13
71,51,1,10
71,52,0,-16
71,52,1,13
71,53,0,3
71,53,1,-23
71,54,0,-1
71,54,1,-3
71,55,0,7
71,55,1,-13
71,56,0,-3
71,57,0,-6
71,57,1,-15
71,58,0,-9
71,58,1,14
71,59,0,16
71,59,1,-3
71,60,0,-17
71,60,1,16
71,61,1,2
71,62,0,1
71,62,1,3
71,63,0,-9
71,63,1,28
71,64,0,-6
71,64,1,9
71,65,0,-2
71,65,1,-1
71,66,0,11
71,66,1,-10
71,67,0,4
71,67,1,17
71,68,0,-6
71,68,1,27
71,69,0,7
71,70,0,12
71,70,1,-13
71,71,0,77
71,71,1,8
71,72,0,-1
71,72,1,1
71,73,0,-2
71,73,1,-2
71,74,0,-2
71,75,0,8
71,75,1,3
72,2,0,-2
72,3,0,2
72,4,0,2
72,5,0,-1
72,6,0,-1
72,7,0,-2
72,8,0,1
72,9,0,-1
72,10,0,-1
72,11,0,2
72,12,0,2
72,13,0,-2
72,14,0,-10
72,14,1,13
72,15,0,8
72,15,1,-2
72,16,0,-15
72,16,1,14
72,17,0,-7
72,17,1,33
72,18,0,11
72,18,1,-10
72,19,1,3
72,20,0,-13
72,20,1,3
72,21,0,-14
72,21,1,6
72,22,0,-6
72,22,1,7
72,23,0,2
72,23,1,5
72,24,0,-6
72,24,1,-1
72,25,0,-4
72,25,1,7
72,26,0,1
72,26,1,4
72,27,0,9
72,27,1,-6
72,28,0,-10
72,28,1,11
72,29,1,-4
72,30,0,-5
72,30,1,-15
72,31,0,11
72,31,1,-8
72,32,1,-11
72,33,0,-13
72,33,1,-5
72,34,0,3
72,34,1,-17
72,35,0,24
72,35,1,-23
72,36,0,14
72,36,1,-13
72,37,0,-19
72,37,1,15
72,38,0,-13
72,38,1,-4
72,39,0,5
72,39,1,-9
72,40,0,1
72,40,1,2
72,41,0,1
72,41,1,15
72,42,0,-6
72,42,1,5
72,44,0,-2
72,44,1,-3
72,45,0,9
72,45,1,2
72,46,0,-10
72,46,1,4
72,47,0,11
72,47,1,10
72,48,0,21
72,48,1,-37
72,49,0,3
72,49,1,3
72,50,0,-6
72,50,1,10
72,51,0,19
72,51,1,-18
72,52,0,-18
72,52,1,36
72,53,0,10
72,53,1,-15
72,54,0,-8
72,54,1,14
72,55,0,-5
72,55,1,-8
72,56,0,6
72,56,1,-13
72,57,0,23
72,57,1,-15
72,58,0,-1
72,58,1,16
72,59,0,-4
72,59,1,3
72,60,0,-15
72,60,1,-10
72,61,0,-8
72,62,0,15
72,62,1,-8
72,63,0,19
72,63,1,-64
72,64,0,1
72,64,1,21
72,65,0,-7
72,65,1,2
72,67,0,8
72,67,1,-1
72,68,0,2
72,68,1,-4
72,69,0,5
72,69,1,-1
72,70,0,14
72,70,1,-9
72,71,0,-1
72,71,1,1
72,72,0,84
72,72,1,-2
72,73,0,1
72,73,1,-18
72,74,0,1
72,74,1,-16
72,75,0,-13
72,75,1,11
73,1,0,2
73,3,0,2
73,4,0,-1
73,5,0,2
73,7,0,1
73,8,0,-1
73,9,0,-2
73,10,0,2
73,11,0,-2
73,12,0,-2
73,13,0,2
73,14,0,1
73,14,1,-13
73,15,0,-17
73,15,1,16
73,16,0,-7
73,16,1,23
73,17,0,7
73,17,1,18
73,18,0,-24
73,18,1,43
73,19,0,-24
73,19,1,30
73,20,0,-12
73,20,1,26
73,21,0,5
73,21,1,-20
73,22,0,2
73,23,0,-16
73,23,1,11
73,24,0,-18
73,24,1,14
73,25,0,16
73,25,1,-25
73,26,0,-6
73,26,1,31
73,27,0,10
73,27,1,17
73,28,0,7
73,28,1,-17
73,29,0,-5
73,29,1,14
73,30,0,3
73,30,1,16
73,31,0,2
73,31,1,-10
73,32,0,8
73,33,0,-18
73,33,1,24
73,34,0,-21
73,34,1,29
73,35,0,20
73,35,1,-22
73,36,0,-7
73,36,1,-1
73,37,0,11
73,37,1,-19
73,38,0,-9
73,38,1,1
73,39,0,-18
73,39,1,12
73,40,0,4
73,40,1,-16
73,41,0,-6
73,41,1,4
73,42,0,-15
73,42,1,6
73,43,0,3
73,43,1,6
73,44,0,27
73,44,1,-25
73,45,0,5
73,45,1,14
73,46,0,10
73,46,1,-32
73,47,0,-18
73,47,1,13
73,48,0,-10
73,48,1,17
73,49,0,10
73,49,1,-2
73,50,0,-4
73,50,1,11
73,51,0,1
73,51,1,-8
73,52,0,-12
73,52,1,-3
73,53,0,11
73,53,1,-20
73,54,0,4
73,54,1,-12
73,55,0,-7
73,55,1,14
73,56,0,-20
73,56,1,19
73,57,0,9
73,57,1,-8
73,58,0,15
73,58,1,-34
73,59,0,-16
73,59,1,11
73,60,0,1
73,60,1,8
73,61,0,-11
73,61,1,29
73,62,0,12
73,62,1,-2
73,63,0,-2
73,63,1,11
73,64,0,-4
73,64,1,-23
73,65,0,-2
73,65,1,19
73,66,0,-11
73,66,1,21
73,67,0,14
73,67,1,-25
73,68,0,8
73,68,1,3
73,69,0,9
73,69,1,-11
73,70,0,-5
73,70,1,-15
73,71,0,-2
73,71,1,-2
73,72,0,1
73,72,1,-18
73,73,0,90
73,73,1,-2
73,74,0,5
73,74,1,1
73,75,0,13
73,75,1,7
74,1,0,2
74,3,0,1
74,4,0,-2
74,5,0,-2
74,6,0,1
74,7,0,2
74,8,0,1
74,9,0,2
74,10,0,-2
74,11,0,1
74,12,0,-2
74,14,0,9
74,14,1,-3
74,15,0,-6
74,15,1,4
74,16,0,12
74,16,1,-10
74,17,0,-2
74,18,0,2
74,18,1,8
74,19,1,10
74,20,0,-3
74,20,1,24
74,21,0,-10
74,21,1,-2
74,22,0,3
74,23,0,15
74,23,1,-11
74,24,0,-7
74,24,1,1
74,25,0,6
74,25,1,-2
74,26,0,-5
74,26,1,12
74,27,0,-15
74,27,1,23
74,28,0,11
74,28,1,-15
74,29,0,10
74,29,1,7
74,30,0,12
74,30,1,-2
74,31,1,6
74,32,0,24
74,32,1,-32
74,33,0,-2
74,33,1,5
74,34,0,-14
74,34,1,7
74,35,0,13
74,35,1,-5
74,36,0,10
74,36,1,-5
74,37,0,11
74,37,1,-17
74,38,0,14
74,38,1,-25
74,39,0,-2
74,39,1,6
74,40,0,10
74,40,1,-24
74,41,0,-19
74,41,1,12
74,42,0,-19
74,42,1,21
74,43,0,11
74,43,1,-20
74,44,0,-8
74,44,1,1
74,45,0,-14
74,45,1,24
74,46,0,-10
74,46,1,19
74,47,1,-12
74,48,0,-4
74,48,1,19
74,49,0,-24
74,49,1,17
74,50,0,-19
74,51,0,12
74,51,1,-28
74,52,0,13
74,52,1,-20
74,53,0,16
74,53,1,-21
74,54,0,-10
74,54,1,13
74,55,0,-11
74,55,1,7
74,56,0,4
74,56,1,-22
74,57,0,-22
74,57,1,9
74,58,0,-6
74,58,1,5
74,59,0,-6
74,60,0,21
74,60,1,-7
74,61,0,-19
74,61,1,13
74,62,0,13
74,62,1,-4
74,63,0,-1
74,63,1,10
74,64,0,-1
74,64,1,17
74,65,0,-1
74,65,1,-14
74,66,0,-5
74,66,1,6
74,67,0,7
74,67,1,-17
74,68,0,-9
74,68,1,-1
74,69,0,15
74,69,1,-21
74,70,0,-11
74,70,1,20
74,71,0,-2
74,72,0,1
74,72,1,-16
74,73,0,5
74,73,1,1
74,74,0,84
74,74,1,9
74,75,0,5
74,75,1,-6
75,1,0,2
75,3,0,1
75,4,0,2
75,5,0,2
75,6,0,2
75,7,0,-2
75,8,0,1
75,9,0,2
75,10,0,-2
75,11,0,1
75,12,0,-1
75,14,0,8
75,14,1,7
75,15,0,-18
75,15,1,28
75,16,0,-2
75,16,1,16
75,17,0,5
75,17,1,-19
75,18,0,-3
75,18,1,12
75,19,0,2
75,19,1,17
75,20,0,6
75,20,1,-9
75,21,0,18
75,21,1,-22
75,22,0,22
75,22,1,-19
75,23,0,2
75,23,1,3
75,24,0,14
75,24,1,-32
75,25,0,5
75,25,1,-2
75,26,0,-1
75,26,1,3
75,27,0,-3
75,27,1,-1
75,28,0,-2
75,28,1,18
75,29,0,-9
75,29,1,-6
75,30,0,-4
75,30,1,33
75,31,0,-14
75,31,1,10
75,32,0,6
75,32,1,-18
75,33,0,-9
75,33,1,37
75,34,0,5
75,34,1,15
75,35,0,-14
75,35,1,27
75,36,0,6
75,36,1,-21
75,37,0,13
75,37,1,-22
75,38,0,-9
75,38,1,14
75,39,0,-17
75,39,1,1
75,40,0,-7
75,40,1,8
75,41,0,-8
75,41,1,13
75,42,0,9
75,42,1,-4
75,43,0,8
75,43,1,-1
75,44,0,-11
75,44,1,-3
75,45,0,14
75,45,1,-1
75,46,0,5
75,46,1,-19
75,47,0,-2
75,47,1,-15
75,48,0,-13
75,48,1,21
75,49,0,-2
75,49,1,-6
75,50,0,-15
75,50,1,13
75,51,0,-29
75,51,1,48
75,52,0,9
75,52,1,-25
75,53,0,13
75,53,1,-15
75,54,0,8
75,54,1,-23
75,55,1,14
75,56,0,-3
75,56,1,-10
75,57,0,5
75,57,1,3
75,58,0,-8
75,58,1,-4
75,59,0,-23
75,59,1,17
75,60,0,-14
75,60,1,13
75,61,0,-19
75,61,1,25
75,62,0,6
75,62,1,17
75,63,0,-4
75,63,1,27
75,64,0,7
75,64,1,-34
75,65,0,-21
75,65,1,29
75,66,0,-12
75,66,1,25
75,67,0,-8
75,67,1,4
75,68,0,16
75,68,1,-10
75,69,0,6
75,69,1,-16
75,70,0,22
75,70,1,-27
75,71,0,8
75,71,1,3
75,72,0,-13
75,72,1,11
75,73,0,13
75,73,1,7
75,74,0,5
75,74,1,-6
75,75,0,85
75,75,1,28

q_data
1,0,13
2,0,-21
3,0,7
4,0,-19
5,0,-12
6,0,-5
7,0,6
8,0,16
9,0,-13
10,0,10
11,0,14
12,0,-7
13,0,-13
14,0,1
14,1,-2
15,0,1
15,1,-1
16,0,-1
17,0,1
17,1,-1
18,0,1
18,1,-1
19,1,-1
20,0,-1
20,1,1
21,1,-1
22,0,2
22,1,-1
23,0,2
24,0,2
24,1,-2
25,1,1
26,0,1
27,1,1
28,1,1
29,0,2
29,1,-1
30,0,-2
30,1,1
31,1,-2
32,0,-2
33,1,1
34,0,-2
34,1,4
35,0,2
35,1,-3
36,0,-1
36,1,2
37,0,1
37,1,1
38,0,1
38,1,-3
39,0,-1
39,1,1
40,0,-1
41,0,-2
41,1,2
42,0,-1
42,1,2
43,0,1
43,1,-3
44,0,-2
44,1,1
45,0,2
45,1,-3
46,0,-2
46,1,1
47,0,1
47,1,-3
48,0,2
48,1,-2
49,1,1
50,0,2
50,1,-4
51,0,-2
51,1,1
52,0,-1
52,1,1
53,0,1
53,1,-1
55,0,-2
55,1,1
56,0,1
56,1,-1
57,0,2
57,1,-4
58,0,1
58,1,-1
59,0,1
59,1,-1
60,1,-1
61,0,1
61,1,1
62,0,-1
63,0,-1
63,1,1
64,0,1
64,1,-3
65,0,1
65,1,-2
66,1,1
67,0,1
67,1,1
68,0,1
68,1,1
69,0,1
69,1,-3
70,1,-1
71,0,1
72,0,-2
72,1,1
73,1,-1
74,0,1
74,1,-1
75,0,-1
75,1,3

Param_Space
1,1,-1
2,1,1

Param_Space_RHS
0
1

END
