LCP


h
75

k
1

M_data
1,12,0,1
1,13,0,-1
1,14,0,2
1,15,0,2
1,16,0,-2
1,18,0,1
1,19,0,-1
1,20,0,2
1,22,0,-2
1,23,0,-1
1,24,0,1
1,25,0,2
1,26,0,-1
1,27,0,1
1,28,0,-2
1,30,0,2
1,31,0,1
1,34,0,-2
1,35,0,2
1,36,0,-2
1,37,0,-1
1,38,0,2
1,39,0,2
1,40,0,1
1,41,0,-1
1,42,0,-1
1,43,0,-2
1,44,0,-2
1,45,0,-1
1,46,0,-2
1,47,0,-2
1,48,0,2
1,49,0,-2
1,50,0,2
1,51,0,-1
1,52,0,1
1,53,0,-2
1,54,0,2
1,55,0,1
1,57,0,2
1,58,0,1
1,59,0,-2
1,60,0,-1
1,61,0,2
1,62,0,2
1,63,0,-2
1,64,0,1
1,66,0,-2
1,68,0,2
1,69,0,2
1,70,0,2
1,72,0,-2
1,73,0,-1
1,74,0,1
1,75,0,-1
2,12,0,-2
2,13,0,-2
2,14,0,1
2,15,0,-1
2,16,0,1
2,17,0,-1
2,18,0,-1
2,19,0,1
2,20,0,-2
2,21,0,-1
2,22,0,1
2,25,0,2
2,26,0,2
2,28,0,1
2,29,0,2
2,30,0,-2
2,31,0,1
2,32,0,1
2,33,0,2
2,35,0,1
2,36,0,1
2,37,0,-1
2,38,0,-1
2,39,0,-2
2,40,0,1
2,42,0,-2
2,43,0,-2
2,44,0,2
2,45,0,2
2,46,0,-2
2,47,0,-1
2,49,0,1
2,50,0,1
2,52,0,-1
2,54,0,-2
2,56,0,1
2,57,0,2
2,58,0,-2
2,59,0,1
2,60,0,1
2,61,0,2
2,62,0,1
2,63,0,-2
2,64,0,2
2,65,0,-2
2,66,0,-1
2,67,0,2
2,69,0,2
2,70,0,-2
2,72,0,-1
2,73,0,2
2,74,0,1
2,75,0,2
3,13,0,2
3,14,0,-1
3,15,0,1
3,16,0,-2
3,17,0,-2
3,18,0,1
3,19,0,1
3,20,0,-2
3,22,0,1
3,23,0,-2
3,24,0,-2
3,25,0,-2
3,26,0,2
3,30,0,-1
3,32,0,1
3,33,0,-2
3,35,0,-1
3,36,0,-1
3,38,0,1
3,39,0,-2
3,40,0,-2
3,41,0,-1
3,43,0,2
3,44,0,-2
3,45,0,2
3,46,0,-2
3,47,0,1
3,48,0,1
3,50,0,-1
3,51,0,2
3,53,0,-1
3,54,0,-1
3,55,0,-2
3,57,0,1
3,58,0,1
3,59,0,-1
3,60,0,-1
3,62,0,2
3,63,0,2
3,65,0,1
3,66,0,1
3,67,0,2
3,68,0,1
3,70,0,-1
3,71,0,2
3,73,0,1
3,74,0,-1
3,75,0,-2
4,12,0,-2
4,13,0,-2
4,14,0,-2
4,15,0,1
4,16,0,-1
4,17,0,-2
4,18,0,-1
4,19,0,2
4,20,0,-2
4,21,0,-2
4,22,0,-2
4,23,0,1
4,24,0,-2
4,25,0,2
4,26,0,1
4,27,0,-1
4,28,0,1
4,29,0,-2
4,30,0,-2
4,31,0,1
4,32,0,2
4,33,0,2
4,34,0,1
4,36,0,1
4,38,0,-2
4,39,0,2
4,40,0,-2
4,41,0,-2
4,43,0,1
4,44,0,-2
4,45,0,-1
4,47,0,-1
4,48,0,2
4,49,0,1
4,50,0,-1
4,51,0,-2
4,52,0,1
4,53,0,1
4,54,0,-1
4,55,0,2
4,56,0,-2
4,57,0,1
4,58,0,1
4,60,0,2
4,61,0,-2
4,62,0,-2
4,65,0,-2
4,66,0,-1
4,67,0,1
4,68,0,-1
4,69,0,1
4,70,0,1
4,71,0,-1
4,72,0,1
4,73,0,-1
4,74,0,1
4,75,0,-1
5,12,0,1
5,13,0,1
5,14,0,1
5,15,0,-1
5,16,0,2
5,18,0,-2
5,19,0,2
5,20,0,-2
5,21,0,1
5,22,0,-2
5,23,0,-1
5,24,0,1
5,25,0,-1
5,26,0,1
5,27,0,-2
5,28,0,1
5,29,0,2
5,31,0,-1
5,33,0,-1
5,34,0,1
5,35,0,-2
5,36,0,-2
5,37,0,2
5,38,0,-1
5,39,0,-2
5,41,0,-1
5,42,0,-2
5,44,0,-2
5,45,0,2
5,46,0,-1
5,48,0,2
5,49,0,-1
5,50,0,-1
5,51,0,-1
5,52,0,-1
5,53,0,2
5,54,0,2
5,57,0,-2
5,58,0,-1
5,59,0,1
5,60,0,1
5,61,0,1
5,62,0,-1
5,63,0,-2
5,64,0,2
5,65,0,2
5,66,0,1
5,68,0,1
5,69,0,-1
5,70,0,1
5,71,0,-1
5,72,0,-1
5,73,0,1
5,74,0,1
6,12,0,1
6,14,0,-1
6,15,0,-2
6,16,0,-1
6,18,0,1
6,21,0,-2
6,22,0,-1
6,23,0,1
6,27,0,2
6,28,0,2
6,29,0,-2
6,30,0,2
6,31,0,1
6,32,0,1
6,35,0,-2
6,36,0,-2
6,37,0,-2
6,38,0,-1
6,40,0,-1
6,42,0,-2
6,44,0,-2
6,45,0,-1
6,46,0,-2
6,47,0,-1
6,48,0,-2
6,49,0,-1
6,50,0,2
6,52,0,-1
6,53,0,-2
6,54,0,-1
6,56,0,-2
6,57,0,-2
6,58,0,1
6,59,0,1
6,63,0,-1
6,64,0,-2
6,65,0,-2
6,66,0,2
6,67,0,-1
6,68,0,2
6,71,0,1
6,72,0,-1
6,73,0,-1
6,74,0,1
6,75,0,-1
7,12,0,-1
7,13,0,-2
7,16,0,1
7,17,0,-1
7,19,0,1
7,21,0,-2
7,22,0,1
7,24,0,-1
7,25,0,-2
7,26,0,2
7,27,0,2
7,28,0,-2
7,29,0,-1
7,32,0,2
7,33,0,-2
7,34,0,-2
7,36,0,2
7,38,0,-1
7,39,0,1
7,40,0,2
7,41,0,1
7,42,0,-2
7,43,0,-1
7,44,0,1
7,45,0,1
7,46,0,-2
7,47,0,1
7,48,0,-1
7,50,0,1
7,52,0,2
7,53,0,2
7,54,0,-2
7,55,0,-1
7,56,0,-2
7,57,0,2
7,59,0,-1
7,60,0,-1
7,61,0,-2
7,62,0,-1
7,63,0,2
7,64,0,-2
7,65,0,1
7,67,0,-2
7,68,0,1
7,70,0,1
7,71,0,-2
7,73,0,-2
7,74,0,1
7,75,0,-1
8,13,0,-1
8,14,0,2
8,15,0,-2
8,17,0,1
8,18,0,1
8,19,0,-2
8,20,0,1
8,21,0,-2
8,22,0,1
8,23,0,-2
8,24,0,-1
8,26,0,-2
8,27,0,-1
8,28,0,-2
8,29,0,-2
8,30,0,-2
8,31,0,-2
8,34,0,2
8,35,0,-2
8,36,0,2
8,37,0,2
8,38,0,-1
8,39,0,1
8,40,0,-1
8,41,0,2
8,42,0,2
8,43,0,-1
8,44,0,-2
8,45,0,-2
8,46,0,1
8,47,0,-1
8,48,0,-2
8,49,0,2
8,50,0,-2
8,51,0,-1
8,52,0,-2
8,53,0,2
8,54,0,1
8,55,0,1
8,56,0,2
8,58,0,-1
8,59,0,-2
8,60,0,2
8,61,0,-2
8,62,0,-2
8,63,0,1
8,65,0,-2
8,68,0,1
8,71,0,-1
8,72,0,2
8,74,0,2
8,75,0,2
9,12,0,-2
9,14,0,-1
9,15,0,-2
9,16,0,1
9,17,0,-2
9,19,0,-1
9,20,0,-2
9,22,0,-2
9,24,0,-1
9,25,0,-2
9,26,0,2
9,27,0,1
9,28,0,-2
9,29,0,1
9,32,0,-2
9,33,0,2
9,34,0,2
9,35,0,2
9,36,0,-1
9,37,0,2
9,38,0,1
9,39,0,2
9,40,0,-2
9,41,0,1
9,44,0,2
9,45,0,1
9,46,0,-2
9,48,0,-1
9,49,0,-1
9,50,0,1
9,51,0,-1
9,52,0,-1
9,53,0,1
9,54,0,1
9,55,0,2
9,57,0,1
9,58,0,-2
9,59,0,-2
9,60,0,-2
9,61,0,2
9,62,0,-2
9,63,0,-2
9,64,0,1
9,65,0,-1
9,66,0,-1
9,68,0,2
9,69,0,-2
9,70,0,-2
9,71,0,-1
9,72,0,2
9,73,0,1
9,74,0,1
9,75,0,1
10,12,0,-1
10,13,0,2
10,14,0,1
10,15,0,-2
10,16,0,-2
10,18,0,-2
10,19,0,-1
10,20,0,1
10,22,0,-1
10,23,0,1
10,24,0,-1
10,25,0,-2
10,28,0,-2
10,29,0,-2
10,30,0,-1
10,31,0,2
10,32,0,1
10,34,0,2
10,35,0,1
10,36,0,-2
10,38,0,-1
10,39,0,-1
10,40,0,2
10,41,0,-1
10,42,0,-2
10,44,0,2
10,45,0,-2
10,46,0,-1
10,47,0,2
10,49,0,2
10,50,0,1
10,51,0,1
10,53,0,2
10,54,0,-1
10,55,0,1
10,56,0,-2
10,57,0,-1
10,58,0,-2
10,59,0,-1
10,60,0,2
10,61,0,1
10,62,0,2
10,63,0,2
10,64,0,2
10,65,0,1
10,67,0,-1
10,68,0,1
10,69,0,-2
10,71,0,-2
10,72,0,-1
10,73,0,-1
10,74,0,-2
10,75,0,1
11,13,0,-1
11,14,0,2
11,15,0,1
11,16,0,-1
11,17,0,1
11,18,0,-1
11,19,0,-1
11,20,0,2
11,21,0,1
11,22,0,2
11,23,0,-1
11,24,0,-1
11,25,0,1
11,27,0,2
11,28,0,2
11,29,0,2
11,30,0,-2
11,32,0,-1
11,33,0,1
11,34,0,-2
11,36,0,-2
11,38,0,2
11,39,0,-1
11,40,0,-2
11,41,0,-1
11,42,0,-1
11,43,0,1
11,44,0,1
11,45,0,1
11,47,0,-1
11,48,0,-1
11,49,0,1
11,50,0,-1
11,51,0,-2
11,52,0,-1
11,53,0,-2
11,54,0,-2
11,55,0,1
11,56,0,2
11,57,0,1
11,58,0,2
11,59,0,2
11,61,0,2
11,62,0,1
11,63,0,2
11,64,0,2
11,65,0,1
11,66,0,-1
11,67,0,-1
11,68,0,2
11,69,0,-1
11,70,0,2
11,73,0,1
11,74,0,2
11,75,0,2
12,1,0,-1
12,2,0,2
12,4,0,2
12,5,0,-1
12,6,0,-1
12,7,0,1
12,9,0,2
12,10,0,1
12,12,0,117
12,12,1,-25
12,13,0,4
12,13,1,7
12,14,0,6
12,14,1,-4
12,15,0,17
12,15,1,-23
12,16,0,-2
12,16,1,-10
12,17,0,1
12,17,1,12
12,18,0,-13
12,18,1,2
12,19,0,33
12,19,1,-44
12,20,0,-3
12,20,1,-10
12,21,0,7
12,21,1,-8
12,22,0,-12
12,22,1,19
12,23,0,-18
12,23,1,-6
12,24,0,-13
12,24,1,10
12,25,0,13
12,25,1,-21
12,26,0,-21
12,26,1,32
12,27,0,-9
12,27,1,1
12,28,0,-15
12,28,1,6
12,29,0,5
12,29,1,-10
12,30,0,-34
12,30,1,41
12,31,0,-1
12,31,1,9
12,32,0,9
12,32,1,-9
12,33,1,15
12,34,0,-3
12,34,1,12
12,35,0,-2
12,35,1,6
12,36,0,13
12,36,1,-7
12,37,0,4
12,37,1,5
12,38,0,-1
12,38,1,21
12,39,0,-8
12,39,1,11
12,40,0,-7
12,40,1,12
12,41,0,29
12,41,1,-34
12,42,0,7
12,42,1,-4
12,43,0,12
12,43,1,-23
12,44,0,-23
12,44,1,15
12,45,0,-5
12,45,1,7
12,46,0,-17
12,46,1,22
12,47,0,-9
12,47,1,7
12,48,1,14
12,49,0,-8
12,49,1,29
12,50,0,-1
12,50,1,3
12,51,0,-3
12,51,1,7
12,52,0,23
12,52,1,-27
12,53,0,24
12,53,1,-24
12,54,0,8
12,54,1,-2
12,55,0,12
12,55,1,-4
12,56,0,-6
12,56,1,-3
12,57,0,8
12,57,1,-4
12,58,0,-27
12,58,1,37
12,59,0,1
12,59,1,-1
12,60,0,-2
12,60,1,2
12,61,0,-3
12,61,1,4
12,62,0,-13
12,62,1,1
12,63,0,-22
12,63,1,14
12,64,0,2
12,65,0,-5
12,65,1,-1
12,66,0,4
12,66,1,-2
12,67,0,2
12,67,1,-1
12,68,0,-6
12,68,1,-3
12,69,0,-13
12,69,1,16
12,70,0,4
12,70,1,-12
12,71,0,8
12,71,1,10
12,72,0,-30
12,72,1,36
12,73,0,-1
12,73,1,21
12,74,0,7
12,74,1,-15
12,75,0,35
12,75,1,-43
13,1,0,1
13,2,0,2
13,3,0,-2
13,4,0,2
13,5,0,-1
13,7,0,2
13,8,0,1
13,10,0,-2
13,11,0,1
13,12,0,4
13,12,1,7
13,13,0,91
13,13,1,-1
13,14,0,-8
13,14,1,2
13,15,0,-8
13,15,1,3
13,16,0,-5
13,16,1,-4
13,17,0,-2
13,17,1,16
13,18,0,-7
13,18,1,5
13,19,0,21
13,19,1,-23
13,20,0,3
13,20,1,9
13,21,0,23
13,21,1,-21
13,22,0,-3
13,22,1,25
13,23,0,1
13,23,1,-30
13,24,0,-15
13,24,1,-3
13,25,0,-8
13,25,1,5
13,26,0,-17
13,26,1,4
13,27,0,-10
13,27,1,-34
13,28,0,-21
13,28,1,10
13,29,0,-9
13,29,1,19
13,30,0,14
13,30,1,-12
13,31,0,9
13,31,1,-9
13,32,0,6
13,32,1,-24
13,33,0,6
13,33,1,7
13,34,0,-11
13,34,1,19
13,35,0,-8
13,35,1,7
13,36,0,-5
13,36,1,9
13,37,0,-6
13,37,1,-5
13,38,0,9
13,38,1,-6
13,39,0,-17
13,39,1,14
13,40,0,-13
13,40,1,14
13,41,0,-5
13,41,1,9
13,42,0,15
13,43,0,-9
13,43,1,3
13,44,0,11
13,44,1,5
13,45,0,-12
13,45,1,18
13,46,0,5
13,46,1,-17
13,47,0,10
13,47,1,-19
13,48,0,-8
13,48,1,2
13,49,0,-4
13,49,1,2
13,50,0,13
13,51,0,-4
13,51,1,9
13,52,0,11
13,52,1,-10
13,53,0,2
13,53,1,5
13,54,0,1
13,54,1,-23
13,55,0,-2
13,55,1,-17
13,56,1,-11
13,57,0,-10
13,57,1,-7
13,58,0,5
13,58,1,10
13,59,0,-8
13,59,1,-7
13,60,0,-2
13,60,1,12
13,61,0,3
13,61,1,11
13,62,0,2
13,62,1,3
13,63,0,-6
13,63,1,6
13,64,1,5
13,65,0,-7
13,65,1,1
13,66,0,9
13,66,1,5
13,67,0,-10
13,67,1,-10
13,68,0,9
13,68,1,4
13,69,0,14
13,69,1,-5
13,70,0,5
13,70,1,6
13,71,0,-3
13,71,1,25
13,72,0,-21
13,72,1,24
13,73,0,22
13,73,1,-11
13,74,0,4
13,74,1,-10
13,75,0,-2
13,75,1,-3
14,1,0,-2
14,2,0,-1
14,3,0,1
14,4,0,2
14,5,0,-1
14,6,0,1
14,8,0,-2
14,9,0,1
14,10,0,-1
14,11,0,-2
14,12,0,6
14,12,1,-4
14,13,0,-8
14,13,1,2
14,14,0,98
14,14,1,-4
14,15,0,-12
14,15,1,1
14,16,0,-4
14,16,1,-10
14,17,0,13
14,17,1,-28
14,18,0,-1
14,18,1,-3
14,19,0,-8
14,19,1,-11
14,20,0,2
14,20,1,7
14,21,0,-20
14,21,1,-4
14,22,0,4
14,22,1,-3
14,23,0,-1
14,23,1,11
14,24,0,1
14,24,1,-4
14,25,0,-10
14,25,1,-1
14,26,0,1
14,26,1,-28
14,27,0,41
14,27,1,-27
14,28,0,-4
14,28,1,1
14,29,0,6
14,29,1,-14
14,30,0,-25
14,30,1,14
14,31,0,22
14,31,1,-23
14,32,0,17
14,32,1,-21
14,33,0,15
14,33,1,-12
14,34,0,-7
14,34,1,6
14,35,0,7
14,36,0,-9
14,36,1,38
14,37,0,10
14,37,1,-3
14,38,0,8
14,38,1,6
14,39,0,-12
14,39,1,32
14,40,0,-10
14,40,1,7
14,41,0,4
14,41,1,-9
14,42,0,1
14,42,1,3
14,43,0,10
14,43,1,-20
14,44,0,-1
14,44,1,-7
14,45,0,-26
14,45,1,40
14,46,1,2
14,47,0,-8
14,47,1,44
14,48,0,21
14,48,1,-16
14,49,0,-3
14,49,1,21
14,50,0,16
14,50,1,-9
14,51,0,-14
14,51,1,16
14,52,0,1
14,52,1,-26
14,53,0,3
14,53,1,13
14,54,0,10
14,54,1,-11
14,55,0,-7
14,55,1,21
14,56,0,-12
14,56,1,20
14,57,0,32
14,57,1,-24
14,58,0,-3
14,58,1,6
14,59,0,3
14,59,1,9
14,60,0,-1
14,60,1,-12
14,61,0,4
14,61,1,-19
14,62,0,-4
14,62,1,1
14,63,0,17
14,63,1,-23
14,64,0,10
14,64,1,-16
14,65,0,-3
14,65,1,24
14,66,0,4
14,66,1,-12
14,67,0,-22
14,67,1,43
14,68,0,-21
14,68,1,20
14,69,0,-3
14,69,1,1
14,70,0,-30
14,70,1,63
14,71,0,15
14,71,1,-17
14,72,0,-11
14,72,1,17
14,73,0,-7
14,73,1,2
14,74,0,7
14,74,1,-6
14,75,0,-13
14,75,1,2
15,1,0,-2
15,2,0,1
15,3,0,-1
15,4,0,-1
15,5,0,1
15,6,0,2
15,8,0,2
15,9,0,2
15,10,0,2
15,11,0,-1
15,12,0,17
15,12,1,-23
15,13,0,-8
15,13,1,3
15,14,0,-12
15,14,1,1
15,15,0,97
15,15,1,-2
15,16,0,17
15,16,1,-28
15,17,0,-2
15,17,1,-9
15,18,0,7
15,18,1,-2
15,19,0,-2
15,19,1,4
15,20,0,-16
15,20,1,9
15,21,0,18
15,21,1,-14
15,22,0,-8
15,22,1,5
15,23,0,9
15,23,1,-5
15,24,0,12
15,25,0,11
15,25,1,6
15,26,0,-19
15,26,1,17
15,27,0,9
15,27,1,-19
15,28,0,-8
15,28,1,13
15,29,0,-18
15,29,1,22
15,30,0,-2
15,30,1,11
15,31,0,-22
15,31,1,30
15,32,0,2
15,32,1,2
15,33,0,27
15,33,1,-44
15,34,0,-1
15,34,1,-9
15,35,0,-4
15,35,1,3
15,36,0,4
15,36,1,-10
15,37,0,8
15,37,1,-11
15,38,0,11
15,38,1,-5
15,39,1,-7
15,40,0,5
15,40,1,-17
15,41,0,3
15,41,1,-5
15,42,0,5
15,42,1,-10
15,43,0,33
15,43,1,-41
15,44,0,4
15,44,1,-1
15,45,0,17
15,45,1,4
15,46,0,4
15,47,0,-7
15,47,1,-10
15,48,0,-21
15,48,1,21
15,49,0,14
15,49,1,10
15,50,0,16
15,50,1,-17
15,51,0,2
15,51,1,-11
15,52,0,-19
15,52,1,-3
15,53,1,7
15,54,0,25
15,54,1,-20
15,55,0,-14
15,55,1,19
15,56,0,1
15,56,1,-7
15,57,0,-1
15,57,1,6
15,58,0,-22
15,58,1,38
15,59,0,7
15,59,1,-11
15,60,0,-8
15,60,1,-9
15,61,0,12
15,61,1,-11
15,62,0,12
15,62,1,-4
15,63,0,-2
15,63,1,13
15,64,0,2
15,64,1,-4
15,65,0,4
15,65,1,-35
15,66,0,5
15,66,1,-29
15,67,0,4
15,67,1,-30
15,68,0,9
15,68,1,10
15,69,0,14
15,69,1,-22
15,70,0,-12
15,70,1,25
15,71,0,3
15,71,1,-6
15,72,0,9
15,72,1,-18
15,73,0,-12
15,73,1,24
15,74,0,10
15,74,1,-5
15,75,0,11
15,75,1,6
16,1,0,2
16,2,0,-1
16,3,0,2
16,4,0,1
16,5,0,-2
16,6,0,1
16,7,0,-1
16,9,0,-1
16,10,0,2
16,11,0,1
16,12,0,-2
16,12,1,-10
16,13,0,-5
16,13,1,-4
16,14,0,-4
16,14,1,-10
16,15,0,17
16,15,1,-28
16,16,0,103
16,16,1,-12
16,17,0,-20
16,17,1,36
16,18,0,-7
16,18,1,22
16,19,0,-7
16,19,1,13
16,20,0,-5
16,20,1,4
16,21,0,-4
16,21,1,-10
16,22,0,-3
16,23,0,12
16,23,1,-17
16,24,0,-2
16,24,1,13
16,25,0,-1
16,25,1,13
16,26,0,9
16,26,1,-15
16,27,0,17
16,27,1,-5
16,28,0,-3
16,28,1,20
16,29,0,-6
16,29,1,14
16,30,0,-9
16,30,1,10
16,31,0,2
16,31,1,-26
16,32,0,10
16,32,1,1
16,33,0,15
16,33,1,-6
16,34,0,13
16,34,1,-14
16,35,0,-3
16,35,1,11
16,36,0,8
16,36,1,-2
16,37,0,14
16,37,1,-25
16,38,1,2
16,39,0,-10
16,39,1,-3
16,40,0,-2
16,40,1,7
16,41,0,-4
16,41,1,-15
16,42,0,-14
16,42,1,23
16,43,0,-12
16,43,1,12
16,44,0,14
16,44,1,-24
16,45,0,22
16,45,1,-34
16,46,0,2
16,46,1,-12
16,47,0,18
16,47,1,-21
16,48,0,-18
16,48,1,15
16,49,0,-7
16,49,1,-25
16,50,0,21
16,50,1,-29
16,51,0,-22
16,51,1,40
16,52,0,-9
16,52,1,38
16,53,0,-22
16,53,1,8
16,54,0,8
16,54,1,12
16,55,0,35
16,55,1,-40
16,56,0,-20
16,56,1,10
16,57,0,-1
16,57,1,7
16,58,0,9
16,58,1,10
16,59,0,7
16,59,1,-22
16,60,0,6
16,60,1,-12
16,61,0,16
16,61,1,-15
16,62,0,15
16,62,1,5
16,63,0,16
16,63,1,-30
16,64,0,3
16,64,1,-4
16,65,0,9
16,65,1,-10
16,66,0,5
16,67,0,-10
16,67,1,5
16,68,1,12
16,69,0,6
16,69,1,-1
16,70,0,12
16,70,1,-2
16,71,0,-24
16,71,1,16
16,72,0,-8
16,72,1,-8
16,73,0,-4
16,73,1,5
16,74,0,7
16,74,1,8
16,75,0,-10
16,75,1,7
17,2,0,1
17,3,0,2
17,4,0,2
17,7,0,1
17,8,0,-1
17,9,0,2
17,11,0,-1
17,12,0,1
17,12,1,12
17,13,0,-2
17,13,1,16
17,14,0,13
17,14,1,-28
17,15,0,-2
17,15,1,-9
17,16,0,-20
17,16,1,36
17,17,0,88
17,17,1,-4
17,18,0,-11
17,18,1,14
17,19,0,-17
17,19,1,4
17,20,0,-1
17,20,1,15
17,21,0,1
17,22,0,4
17,22,1,7
17,23,0,16
17,23,1,-18
17,24,0,-9
17,24,1,10
17,25,0,-19
17,25,1,16
17,26,0,15
17,26,1,-9
17,27,0,-11
17,27,1,4
17,28,0,5
17,28,1,-11
17,29,0,2
17,29,1,6
17,30,0,1
17,31,0,-2
17,31,1,-16
17,32,1,-9
17,33,0,12
17,33,1,-31
17,34,0,2
17,34,1,-7
17,35,0,-7
17,35,1,5
17,36,0,8
17,36,1,-12
17,37,0,10
17,37,1,-27
17,38,0,7
17,38,1,-7
17,39,0,13
17,39,1,-18
17,40,0,16
17,40,1,-28
17,41,0,7
17,41,1,-33
17,42,0,-18
17,42,1,18
17,43,0,-5
17,43,1,-3
17,44,0,-4
17,44,1,-13
17,45,0,-10
17,45,1,-3
17,46,1,6
17,47,0,11
17,47,1,-17
17,48,0,10
17,48,1,-12
17,49,0,-8
17,49,1,-9
17,50,0,-6
17,50,1,16
17,51,0,-10
17,51,1,7
17,52,0,25
17,52,1,-14
17,53,0,8
17,53,1,-19
17,54,0,2
17,54,1,-16
17,55,0,-21
17,55,1,28
17,56,0,3
17,56,1,-6
17,57,0,13
17,57,1,-19
17,58,0,-30
17,58,1,57
17,59,0,8
17,59,1,-26
17,60,0,18
17,60,1,-16
17,61,0,-2
17,61,1,-9
17,62,0,3
17,62,1,-4
17,63,0,6
17,63,1,-13
17,64,0,-4
17,64,1,19
17,65,0,-10
17,65,1,1
17,66,0,-15
17,66,1,27
17,67,0,15
17,67,1,-35
17,68,0,22
17,68,1,-33
17,69,0,-26
17,69,1,14
17,70,0,5
17,70,1,2
17,71,0,-18
17,71,1,9
17,72,0,-12
17,72,1,-2
17,73,1,5
17,74,0,-7
17,74,1,6
17,75,0,-11
17,75,1,-12
18,1,0,-1
18,2,0,1
18,3,0,-1
18,4,0,1
18,5,0,2
18,6,0,-1
18,8,0,-1
18,10,0,2
18,11,0,1
18,12,0,-13
18,12,1,2
18,13,0,-7
18,13,1,5
18,14,0,-1
18,14,1,-3
18,15,0,7
18,15,1,-2
18,16,0,-7
18,16,1,22
18,17,0,-11
18,17,1,14
18,18,0,81
18,18,1,15
18,19,0,-17
18,19,1,9
18,20,0,2
18,20,1,-5
18,21,0,-6
18,21,1,12
18,22,0,1
18,22,1,-7
18,23,0,-1
18,23,1,5
18,24,0,6
18,24,1,-6
18,25,0,11
18,25,1,-14
18,26,0,-2
18,26,1,-1
18,27,0,6
18,27,1,-6
18,28,0,-3
18,28,1,4
18,29,0,7
18,29,1,1
18,30,0,6
18,30,1,-2
18,31,0,3
18,31,1,3
18,32,0,7
18,32,1,5
18,33,1,4
18,34,0,-5
18,34,1,7
18,35,0,11
18,35,1,-1
18,36,0,-20
18,36,1,32
18,37,1,2
18,38,1,9
18,39,0,11
18,39,1,-26
18,40,0,-7
18,40,1,5
18,41,0,-5
18,41,1,23
18,42,0,-13
18,42,1,17
18,43,0,19
18,43,1,-19
18,44,0,10
18,44,1,-2
18,45,0,-4
18,45,1,3
18,46,0,5
18,46,1,-21
18,47,0,5
18,47,1,-5
18,48,0,4
18,48,1,-12
18,49,0,8
18,49,1,-15
18,50,0,-1
18,50,1,18
18,51,0,10
18,51,1,-3
18,52,0,13
18,52,1,5
18,53,0,-15
18,53,1,-3
18,54,0,-14
18,54,1,13
18,55,1,-5
18,56,0,4
18,56,1,-1
18,57,0,-13
18,57,1,17
18,58,0,12
18,58,1,-7
18,59,0,15
18,59,1,-3
18,60,0,-15
18,60,1,12
18,61,0,-6
18,61,1,15
18,62,0,-7
18,62,1,-1
18,63,0,19
18,63,1,-6
18,64,0,12
18,64,1,4
18,65,0,10
18,65,1,14
18,66,0,1
18,66,1,22
18,67,0,12
18,67,1,-25
18,68,1,-7
18,69,0,5
18,69,1,3
18,70,0,1
18,70,1,-3
18,71,1,-22
18,72,0,18
18,72,1,-20
18,73,0,15
18,74,1,24
18,75,0,2
18,75,1,-7
19,1,0,1
19,2,0,-1
19,3,0,-1
19,4,0,-2
19,5,0,-2
19,7,0,-1
19,8,0,2
19,9,0,1
19,10,0,1
19,11,0,1
19,12,0,33
19,12,1,-44
19,13,0,21
19,13,1,-23
19,14,0,-8
19,14,1,-11
19,15,0,-2
19,15,1,4
19,16,0,-7
19,16,1,13
19,17,0,-17
19,17,1,4
19,18,0,-17
19,18,1,9
19,19,0,97
19,19,1,9
19,20,0,3
19,20,1,9
19,21,0,14
19,21,1,-11
19,22,1,11
19,23,0,-1
19,23,1,5
19,24,0,5
19,24,1,-9
19,25,0,13
19,25,1,-15
19,26,0,15
19,26,1,-27
19,27,0,-11
19,27,1,5
19,28,0,-15
19,28,1,2
19,29,0,-12
19,29,1,22
19,30,0,-9
19,30,1,2
19,31,0,-4
19,31,1,-5
19,32,0,-6
19,32,1,9
19,33,0,-18
19,33,1,35
19,34,0,13
19,34,1,-7
19,35,0,24
19,35,1,-5
19,36,0,11
19,36,1,-5
19,37,0,-24
19,37,1,22
19,38,0,-2
19,38,1,-7
19,39,0,-9
19,39,1,19
19,40,0,-4
19,40,1,-3
19,41,0,6
19,41,1,14
19,42,0,29
19,42,1,-32
19,43,0,-9
19,43,1,16
19,44,0,-6
19,44,1,3
19,45,0,-22
19,45,1,-1
19,46,0,1
19,46,1,1
19,47,0,9
19,47,1,-20
19,48,0,-19
19,48,1,22
19,49,0,25
19,49,1,-38
19,50,0,2
19,50,1,-1
19,51,0,8
19,51,1,11
19,52,0,3
19,52,1,-3
19,53,0,23
19,53,1,-17
19,54,0,14
19,54,1,-20
19,55,0,1
19,55,1,-1
19,56,0,-10
19,56,1,19
19,57,0,-6
19,57,1,-7
19,58,0,-9
19,58,1,-11
19,59,0,3
19,59,1,-3
19,60,0,-16
19,60,1,5
19,61,0,5
19,61,1,5
19,62,0,-17
19,62,1,29
19,63,0,-34
19,63,1,23
19,64,0,1
19,64,1,3
19,65,0,-21
19,65,1,52
19,66,0,-5
19,66,1,-22
19,67,0,-7
19,67,1,-9
19,68,0,1
19,68,1,9
19,69,0,12
19,69,1,-4
19,70,0,-13
19,70,1,22
19,71,0,-4
19,71,1,6
19,72,0,-26
19,72,1,39
19,73,0,6
19,73,1,-16
19,74,0,-7
19,74,1,23
19,75,0,39
19,75,1,-18
20,1,0,-2
20,2,0,2
20,3,0,2
20,4,0,2
20,5,0,2
20,8,0,-1
20,9,0,2
20,10,0,-1
20,11,0,-2
20,12,0,-3
20,12,1,-10
20,13,0,3
20,13,1,9
20,14,0,2
20,14,1,7
20,15,0,-16
20,15,1,9
20,16,0,-5
20,16,1,4
20,17,0,-1
20,17,1,15
20,18,0,2
20,18,1,-5
20,19,0,3
20,19,1,9
20,20,0,116
20,20,1,-26
20,21,0,-17
20,21,1,15
20,22,0,-16
20,22,1,46
20,23,0,-14
20,23,1,25
20,24,0,-9
20,24,1,25
20,25,1,7
20,26,0,-19
20,26,1,2
20,27,0,12
20,27,1,-5
20,28,0,13
20,28,1,-19
20,29,0,30
20,29,1,-22
20,30,0,-32
20,30,1,17
20,31,0,8
20,31,1,-11
20,32,0,30
20,32,1,-51
20,33,0,-15
20,33,1,26
20,34,0,-12
20,34,1,18
20,35,0,11
20,35,1,-7
20,36,1,-12
20,37,0,-6
20,37,1,11
20,38,0,17
20,38,1,-16
20,39,0,25
20,39,1,-15
20,40,1,7
20,41,0,-27
20,41,1,26
20,42,0,-5
20,42,1,-17
20,43,0,21
20,43,1,-10
20,44,0,-1
20,44,1,17
20,45,0,-4
20,45,1,-7
20,46,0,-5
20,46,1,20
20,47,0,3
20,48,0,-3
20,48,1,13
20,49,0,14
20,49,1,-22
20,50,0,1
20,50,1,-7
20,51,0,-2
20,51,1,11
20,52,0,2
20,52,1,10
20,53,0,-5
20,53,1,-1
20,54,0,-20
20,54,1,17
20,55,0,8
20,55,1,-9
20,56,0,-30
20,56,1,31
20,57,0,4
20,57,1,-5
20,58,0,11
20,58,1,-5
20,59,0,15
20,59,1,-21
20,60,0,6
20,60,1,-10
20,61,0,-3
20,62,0,-16
20,62,1,-5
20,63,0,-6
20,63,1,8
20,64,0,2
20,64,1,5
20,65,0,-3
20,65,1,7
20,66,0,-28
20,66,1,8
20,67,0,26
20,67,1,-22
20,68,0,-12
20,68,1,16
20,69,0,-5
20,69,1,-13
20,70,0,6
20,70,1,16
20,71,0,2
20,71,1,-9
20,72,0,-20
20,72,1,23
20,73,0,-4
20,73,1,17
20,74,0,-28
20,74,1,28
20,75,1,3
21,2,0,1
21,4,0,2
21,5,0,-1
21,6,0,2
21,7,0,2
21,8,0,2
21,11,0,-1
21,12,0,7
21,12,1,-8
21,13,0,23
21,13,1,-21
21,14,0,-20
21,14,1,-4
21,15,0,18
21,15,1,-14
21,16,0,-4
21,16,1,-10
21,17,0,1
21,18,0,-6
21,18,1,12
21,19,0,14
21,19,1,-11
21,20,0,-17
21,20,1,15
21,21,0,91
21,21,1,20
21,22,0,7
21,22,1,-34
21,23,0,-9
21,23,1,5
21,24,0,-6
21,24,1,22
21,26,0,-7
21,26,1,30
21,27,0,-10
21,27,1,18
21,28,0,-17
21,28,1,2
21,29,0,-7
21,29,1,20
21,30,0,19
21,30,1,-19
21,31,0,3
21,31,1,8
21,32,0,-16
21,32,1,28
21,33,0,-6
21,33,1,16
21,34,0,-6
21,34,1,20
21,35,0,-15
21,35,1,7
21,36,0,4
21,36,1,6
21,37,0,6
21,37,1,-19
21,38,0,-7
21,38,1,4
21,39,0,-8
21,40,0,-7
21,40,1,39
21,41,0,-15
21,41,1,8
21,42,0,-12
21,42,1,30
21,43,0,-28
21,43,1,38
21,44,0,-22
21,44,1,39
21,45,0,16
21,45,1,-13
21,46,0,2
21,46,1,5
21,47,0,9
21,47,1,-33
21,48,0,-13
21,48,1,29
21,49,0,3
21,49,1,-23
21,50,0,-10
21,50,1,8
21,51,0,-2
21,51,1,10
21,52,0,10
21,52,1,-25
21,53,0,11
21,53,1,-10
21,54,0,27
21,54,1,-14
21,55,0,3
21,55,1,-19
21,56,0,10
21,56,1,-7
21,57,0,-23
21,57,1,13
21,58,0,8
21,58,1,-31
21,59,0,4
21,59,1,-18
21,60,0,4
21,60,1,-4
21,61,0,-15
21,61,1,39
21,62,0,-16
21,62,1,14
21,63,0,-8
21,63,1,21
21,64,0,-9
21,64,1,21
21,65,0,5
21,65,1,-4
21,66,0,-1
21,66,1,24
21,67,0,-6
21,67,1,-28
21,68,0,11
21,68,1,-15
21,69,0,28
21,69,1,-34
21,70,0,18
21,70,1,-23
21,71,0,-20
21,71,1,9
21,72,0,-7
21,73,0,21
21,73,1,-10
21,74,0,30
21,74,1,-43
21,75,0,18
21,75,1,-4
22,1,0,2
22,2,0,-1
22,3,0,-1
22,4,0,2
22,5,0,2
22,6,0,1
22,7,0,-1
22,8,0,-1
22,9,0,2
22,10,0,1
22,11,0,-2
22,12,0,-12
22,12,1,19
22,13,0,-3
22,13,1,25
22,14,0,4
22,14,1,-3
22,15,0,-8
22,15,1,5
22,16,0,-3
22,17,0,4
22,17,1,7
22,18,0,1
22,18,1,-7
22,19,1,11
22,20,0,-16
22,20,1,46
22,21,0,7
22,21,1,-34
22,22,0,92
22,22,1,-6
22,23,0,5
22,23,1,-13
22,24,1,-32
22,25,0,-4
22,25,1,8
22,26,0,8
22,26,1,-17
22,27,0,-4
22,27,1,4
22,28,0,-16
22,28,1,10
22,29,0,-3
22,29,1,5
22,30,0,8
22,30,1,-14
22,31,0,22
22,31,1,-15
22,32,0,17
22,32,1,-45
22,33,0,-8
22,33,1,11
22,34,0,11
22,35,0,-4
22,35,1,-14
22,36,1,9
22,37,0,-5
22,37,1,25
22,38,0,-20
22,38,1,15
22,39,0,-2
22,39,1,-10
22,40,0,2
22,40,1,-6
22,41,0,11
22,41,1,-1
22,42,0,-3
22,42,1,-6
22,43,0,-5
22,43,1,12
22,44,0,-14
22,44,1,26
22,45,0,9
22,45,1,-31
22,46,0,16
22,46,1,-12
22,47,0,11
22,47,1,-15
22,48,1,-15
22,49,0,7
22,49,1,18
22,50,0,7
22,50,1,-14
22,51,0,-17
22,51,1,13
22,52,0,-9
22,52,1,11
22,53,1,-3
22,54,0,10
22,54,1,-14
22,55,0,-11
22,55,1,12
22,56,0,-6
22,56,1,4
22,57,0,-2
22,57,1,6
22,58,0,11
22,58,1,9
22,59,0,-2
22,59,1,12
22,60,0,-5
22,60,1,4
22,61,0,-17
22,61,1,1
22,62,0,14
22,62,1,-16
22,63,0,8
22,63,1,-10
22,64,0,-6
22,64,1,-1
22,65,0,-3
22,65,1,-11
22,66,0,-18
22,66,1,1
22,67,0,-9
22,67,1,9
22,68,0,1
22,68,1,-4
22,69,0,-3
22,69,1,4
22,70,0,-19
22,70,1,15
22,71,0,-2
22,71,1,-1
22,72,0,8
22,73,0,-6
22,73,1,6
22,74,0,11
22,74,1,-10
22,75,0,13
22,75,1,-13
23,1,0,1
23,3,0,2
23,4,0,-1
23,5,0,1
23,6,0,-1
23,8,0,2
23,10,0,-1
23,11,0,1
23,12,0,-18
23,12,1,-6
23,13,0,1
23,13,1,-30
23,14,0,-1
23,14,1,11
23,15,0,9
23,15,1,-5
23,16,0,12
23,16,1,-17
23,17,0,16
23,17,1,-18
23,18,0,-1
23,18,1,5
23,19,0,-1
23,19,1,5
23,20,0,-14
23,20,1,25
23,21,0,-9
23,21,1,5
23,22,0,5
23,22,1,-13
23,23,0,95
23,23,1,4
23,24,0,13
23,24,1,10
23,25,0,9
23,26,0,-2
23,26,1,-4
23,27,0,-17
23,27,1,40
23,28,0,5
23,28,1,4
23,29,0,-26
23,29,1,13
23,30,0,-1
23,30,1,3
23,31,0,-18
23,31,1,19
23,32,0,10
23,32,1,-8
23,33,0,15
23,33,1,-7
23,34,0,1
23,34,1,-9
23,35,0,-7
23,35,1,13
23,36,0,5
23,36,1,-8
23,37,0,9
23,37,1,-8
23,38,0,9
23,38,1,-14
23,39,0,1
23,39,1,3
23,40,0,11
23,40,1,-20
23,41,0,11
23,41,1,-44
23,42,0,-2
23,42,1,-5
23,43,0,13
23,43,1,-17
23,44,0,5
23,44,1,-10
23,45,0,4
23,45,1,25
23,46,0,6
23,46,1,8
23,47,0,11
23,47,1,4
23,48,1,20
23,49,0,-3
23,49,1,-10
23,50,0,24
23,50,1,-38
23,51,0,-7
23,51,1,-14
23,52,0,-3
23,52,1,8
23,53,0,-9
23,53,1,9
23,54,1,9
23,55,0,-1
23,55,1,20
23,56,0,-2
23,56,1,12
23,57,0,6
23,57,1,-11
23,58,0,-4
23,58,1,-17
23,59,0,-5
23,59,1,23
23,60,0,-5
23,60,1,3
23,61,0,13
23,61,1,-4
23,62,0,8
23,62,1,-18
23,63,0,-8
23,63,1,15
23,64,0,18
23,64,1,14
23,65,0,-3
23,65,1,-5
23,66,0,15
23,66,1,-13
23,67,0,-11
23,67,1,39
23,68,0,38
23,68,1,-58
23,69,0,-10
23,69,1,11
23,70,0,-7
23,70,1,25
23,71,0,-10
23,71,1,-18
23,72,0,-15
23,72,1,-9
23,73,0,-3
23,73,1,-18
23,74,0,-28
23,74,1,28
23,75,0,1
23,75,1,8
24,1,0,-1
24,3,0,2
24,4,0,2
24,5,0,-1
24,7,0,1
24,8,0,1
24,9,0,1
24,10,0,1
24,11,0,1
24,12,0,-13
24,12,1,10
24,13,0,-15
24,13,1,-3
24,14,0,1
24,14,1,-4
24,15,0,12
24,16,0,-2
24,16,1,13
24,17,0,-9
24,17,1,10
24,18,0,6
24,18,1,-6
24,19,0,5
24,19,1,-9
24,20,0,-9
24,20,1,25
24,21,0,-6
24,21,1,22
24,22,1,-32
24,23,0,13
24,23,1,10
24,24,0,79
24,24,1,27
24,25,0,5
24,25,1,2
24,26,0,-16
24,26,1,20
24,27,0,8
24,27,1,-2
24,28,0,13
24,28,1,-8
24,29,0,5
24,29,1,-11
24,30,0,6
24,30,1,-10
24,31,0,11
24,31,1,-6
24,32,0,-18
24,32,1,20
24,33,0,18
24,33,1,-18
24,34,0,25
24,34,1,-29
24,35,0,-15
24,35,1,35
24,36,0,14
24,36,1,-30
24,37,0,-12
24,37,1,6
24,38,0,-8
24,38,1,7
24,39,0,12
24,39,1,2
24,40,0,-2
24,40,1,-14
24,41,0,-3
24,41,1,-29
24,42,0,17
24,42,1,-14
24,43,0,16
24,43,1,-16
24,44,0,1
24,44,1,-6
24,45,0,1
24,45,1,4
24,46,0,-6
24,47,0,3
24,48,0,-5
24,48,1,22
24,49,0,5
24,49,1,-20
24,50,0,2
24,50,1,-27
24,51,0,-12
24,51,1,42
24,52,0,-14
24,52,1,28
24,53,0,2
24,53,1,-10
24,54,0,7
24,54,1,2
24,55,0,-16
24,55,1,20
24,56,0,1
24,56,1,8
24,57,0,3
24,57,1,-8
24,58,0,-2
24,58,1,-17
24,59,0,9
24,59,1,-23
24,60,0,-2
24,60,1,15
24,61,0,-4
24,61,1,9
24,62,0,8
24,62,1,-10
24,63,0,-18
24,63,1,31
24,64,0,-15
24,64,1,24
24,65,0,-4
24,65,1,-8
24,66,0,-1
24,66,1,21
24,67,0,-5
24,67,1,5
24,68,0,4
24,68,1,-9
24,69,0,9
24,69,1,-12
24,70,0,-26
24,70,1,42
24,71,0,14
24,71,1,-15
24,72,0,14
24,72,1,-44
24,73,0,19
24,73,1,-20
24,74,0,-6
24,74,1,-12
24,75,0,-6
24,75,1,2
25,1,0,-2
25,2,0,-2
25,3,0,2
25,4,0,-2
25,5,0,1
25,7,0,2
25,9,0,2
25,10,0,2
25,11,0,-1
25,12,0,13
25,12,1,-21
25,13,0,-8
25,13,1,5
25,14,0,-10
25,14,1,-1
25,15,0,11
25,15,1,6
25,16,0,-1
25,16,1,13
25,17,0,-19
25,17,1,16
25,18,0,11
25,18,1,-14
25,19,0,13
25,19,1,-15
25,20,1,7
25,22,0,-4
25,22,1,8
25,23,0,9
25,24,0,5
25,24,1,2
25,25,0,80
25,25,1,-2
25,26,0,1
25,26,1,-10
25,27,0,2
25,27,1,-2
25,28,0,20
25,28,1,-19
25,29,0,6
25,29,1,3
25,30,0,-7
25,30,1,-10
25,31,0,-15
25,31,1,17
25,32,0,7
25,32,1,-10
25,33,0,2
25,33,1,7
25,34,0,6
25,34,1,-7
25,35,0,14
25,35,1,-12
25,36,0,13
25,36,1,-17
25,37,0,4
25,37,1,-1
25,38,0,-4
25,38,1,1
25,39,1,-10
25,40,0,-7
25,40,1,18
25,41,0,-1
25,41,1,-14
25,42,0,13
25,42,1,-13
25,43,0,11
25,43,1,-20
25,44,0,5
25,44,1,-6
25,45,0,-5
25,45,1,-6
25,46,0,15
25,46,1,-17
25,47,0,11
25,47,1,-13
25,48,0,3
25,48,1,-1
25,49,0,8
25,49,1,-12
25,50,0,14
25,50,1,-27
25,51,0,11
25,51,1,-24
25,52,0,-9
25,52,1,6
25,53,0,3
25,53,1,-25
25,54,0,-17
25,54,1,52
25,55,0,1
25,55,1,10
25,56,0,-4
25,56,1,3
25,57,0,-6
25,57,1,18
25,58,0,-3
25,58,1,-1
25,59,0,10
25,59,1,8
25,60,0,-11
25,60,1,26
25,61,0,12
25,62,0,9
25,62,1,-18
25,63,0,6
25,63,1,-4
25,64,0,22
25,64,1,-21
25,65,0,-20
25,65,1,17
25,66,0,4
25,66,1,-10
25,67,0,-4
25,67,1,16
25,68,0,5
25,68,1,5
25,69,0,4
25,69,1,2
25,70,0,-2
25,70,1,5
25,71,0,-2
25,71,1,13
25,72,0,4
25,72,1,-14
25,73,0,6
25,73,1,-18
25,74,0,-18
25,74,1,13
25,75,1,-2
26,1,0,1
26,2,0,-2
26,3,0,-2
26,4,0,-1
26,5,0,-1
26,7,0,-2
26,8,0,2
26,9,0,-2
26,12,0,-21
26,12,1,32
26,13,0,-17
26,13,1,4
26,14,0,1
26,14,1,-28
26,15,0,-19
26,15,1,17
26,16,0,9
26,16,1,-15
26,17,0,15
26,17,1,-9
26,18,0,-2
26,18,1,-1
26,19,0,15
26,19,1,-27
26,20,0,-19
26,20,1,2
26,21,0,-7
26,21,1,30
26,22,0,8
26,22,1,-17
26,23,0,-2
26,23,1,-4
26,24,0,-16
26,24,1,20
26,25,0,1
26,25,1,-10
26,26,0,102
26,26,1,-12
26,27,0,6
26,27,1,5
26,28,0,21
26,28,1,-15
26,29,0,5
26,29,1,-16
26,30,0,14
26,30,1,19
26,31,0,5
26,31,1,6
26,32,0,23
26,32,1,-15
26,33,0,-7
26,33,1,-2
26,34,0,12
26,34,1,3
26,35,0,3
26,35,1,-8
26,36,1,5
26,37,0,6
26,37,1,4
26,38,0,5
26,38,1,-14
26,39,0,-3
26,39,1,-11
26,40,0,3
26,40,1,-13
26,41,0,-7
26,41,1,13
26,42,0,-10
26,42,1,-7
26,43,0,-23
26,43,1,47
26,44,0,5
26,44,1,-12
26,45,0,-11
26,45,1,23
26,46,0,-6
26,46,1,8
26,47,0,11
26,47,1,-30
26,48,0,-5
26,48,1,9
26,49,0,9
26,49,1,-4
26,50,0,-10
26,50,1,-1
26,51,0,4
26,51,1,-10
26,52,0,10
26,52,1,-14
26,53,0,5
26,53,1,-12
26,54,0,-5
26,54,1,-8
26,55,0,-3
26,55,1,-13
26,56,0,18
26,56,1,-14
26,57,0,-23
26,57,1,33
26,58,0,18
26,58,1,5
26,59,0,-6
26,59,1,-20
26,60,0,3
26,60,1,-1
26,61,0,6
26,61,1,-5
26,62,0,10
26,62,1,-14
26,63,0,7
26,63,1,10
26,64,0,7
26,64,1,-36
26,65,0,-7
26,66,0,-10
26,66,1,46
26,67,0,-2
26,67,1,-1
26,68,0,-13
26,68,1,3
26,69,0,3
26,69,1,-6
26,70,0,8
26,70,1,-48
26,71,0,-2
26,71,1,4
26,72,0,4
26,72,1,-5
26,73,0,4
26,73,1,-8
26,74,0,2
26,74,1,-11
26,75,0,-15
26,75,1,23
27,1,0,-1
27,4,0,1
27,5,0,2
27,6,0,-2
27,7,0,-2
27,8,0,1
27,9,0,-1
27,11,0,-2
27,12,0,-9
27,12,1,1
27,13,0,-10
27,13,1,-34
27,14,0,41
27,14,1,-27
27,15,0,9
27,15,1,-19
27,16,0,17
27,16,1,-5
27,17,0,-11
27,17,1,4
27,18,0,6
27,18,1,-6
27,19,0,-11
27,19,1,5
27,20,0,12
27,20,1,-5
27,21,0,-10
27,21,1,18
27,22,0,-4
27,22,1,4
27,23,0,-17
27,23,1,40
27,24,0,8
27,24,1,-2
27,25,0,2
27,25,1,-2
27,26,0,6
27,26,1,5
27,27,0,101
27,27,1,-2
27,28,0,-9
27,28,1,20
27,29,0,24
27,29,1,-25
27,30,0,-13
27,30,1,21
27,31,0,3
27,31,1,9
27,32,0,13
27,32,1,-4
27,33,0,30
27,33,1,-34
27,34,0,16
27,34,1,-19
27,35,0,-2
27,35,1,-12
27,36,0,-11
27,36,1,14
27,37,0,6
27,37,1,-1
27,38,0,13
27,38,1,-6
27,39,0,-16
27,39,1,11
27,40,0,-1
27,40,1,9
27,41,0,-22
27,41,1,4
27,42,0,-17
27,42,1,-7
27,43,0,5
27,43,1,8
27,44,0,-8
27,44,1,-9
27,45,0,-7
27,45,1,-3
27,46,0,5
27,46,1,8
27,47,0,-2
27,47,1,5
27,48,0,20
27,48,1,-10
27,49,0,12
27,49,1,-18
27,50,0,25
27,50,1,-21
27,51,0,-31
27,51,1,37
27,52,0,-14
27,52,1,14
27,53,0,-19
27,53,1,10
27,54,0,7
27,54,1,-2
27,55,0,-2
27,55,1,19
27,56,0,-7
27,56,1,19
27,57,0,10
27,58,0,18
27,58,1,-28
27,59,0,10
27,59,1,5
27,60,0,12
27,60,1,-9
27,61,0,-14
27,61,1,15
27,62,0,25
27,62,1,-39
27,63,0,19
27,63,1,-23
27,64,0,10
27,64,1,-25
27,65,0,18
27,65,1,-16
27,66,0,9
27,66,1,-29
27,67,0,-16
27,67,1,24
27,68,0,-17
27,68,1,7
27,69,0,19
27,69,1,-25
27,70,0,-13
27,70,1,12
27,71,0,7
27,71,1,-17
27,72,1,3
27,73,0,3
27,73,1,-8
27,74,0,-1
27,74,1,11
28,1,0,2
28,2,0,-1
28,4,0,-1
28,5,0,-1
28,6,0,-2
28,7,0,2
28,8,0,2
28,9,0,2
28,10,0,2
28,11,0,-2
28,12,0,-15
28,12,1,6
28,13,0,-21
28,13,1,10
28,14,0,-4
28,14,1,1
28,15,0,-8
28,15,1,13
28,16,0,-3
28,16,1,20
28,17,0,5
28,17,1,-11
28,18,0,-3
28,18,1,4
28,19,0,-15
28,19,1,2
28,20,0,13
28,20,1,-19
28,21,0,-17
28,21,1,2
28,22,0,-16
28,22,1,10
28,23,0,5
28,23,1,4
28,24,0,13
28,24,1,-8
28,25,0,20
28,25,1,-19
28,26,0,21
28,26,1,-15
28,27,0,-9
28,27,1,20
28,28,0,119
28,28,1,-18
28,29,0,20
28,29,1,-19
28,30,0,-12
28,30,1,35
28,31,0,-3
28,31,1,8
28,32,0,14
28,32,1,-8
28,33,0,7
28,33,1,-18
28,34,0,1
28,34,1,-13
28,35,0,-3
28,35,1,8
28,36,0,10
28,36,1,-13
28,37,0,-6
28,37,1,-4
28,38,1,4
28,39,0,12
28,39,1,-45
28,40,0,-1
28,40,1,-2
28,41,0,-7
28,41,1,-16
28,42,0,11
28,42,1,-23
28,43,0,6
28,43,1,-5
28,44,0,16
28,44,1,-37
28,45,0,3
28,45,1,18
28,46,0,-8
28,46,1,-24
28,47,0,2
28,47,1,25
28,48,0,-15
28,48,1,15
28,49,0,-9
28,49,1,10
28,50,0,-16
28,50,1,11
28,51,0,2
28,51,1,-16
28,52,0,-2
28,52,1,27
28,53,0,-9
28,53,1,19
28,54,0,16
28,54,1,-15
28,55,0,-5
28,55,1,6
28,56,0,5
28,56,1,-30
28,57,0,-5
28,57,1,6
28,58,0,3
28,58,1,21
28,59,0,13
28,59,1,-23
28,60,0,17
28,60,1,-13
28,61,0,7
28,61,1,-9
28,62,0,-9
28,62,1,22
28,63,0,1
28,63,1,5
28,64,0,12
28,64,1,-10
28,65,0,-25
28,65,1,10
28,66,0,4
28,66,1,-4
28,67,0,-6
28,67,1,24
28,68,0,3
28,68,1,-1
28,69,0,3
28,69,1,-16
28,70,0,-6
28,70,1,-1
28,71,0,14
28,71,1,-12
28,72,0,4
28,72,1,-14
28,73,0,12
28,73,1,-29
28,74,0,-10
28,74,1,15
28,75,0,-37
28,75,1,41
29,2,0,-2
29,4,0,2
29,5,0,-2
29,6,0,2
29,7,0,1
29,8,0,2
29,9,0,-1
29,10,0,2
29,11,0,-2
29,12,0,5
29,12,1,-10
29,13,0,-9
29,13,1,19
29,14,0,6
29,14,1,-14
29,15,0,-18
29,15,1,22
29,16,0,-6
29,16,1,14
29,17,0,2
29,17,1,6
29,18,0,7
29,18,1,1
29,19,0,-12
29,19,1,22
29,20,0,30
29,20,1,-22
29,21,0,-7
29,21,1,20
29,22,0,-3
29,22,1,5
29,23,0,-26
29,23,1,13
29,24,0,5
29,24,1,-11
29,25,0,6
29,25,1,3
29,26,0,5
29,26,1,-16
29,27,0,24
29,27,1,-25
29,28,0,20
29,28,1,-19
29,29,0,97
29,29,1,1
29,30,0,-2
29,30,1,-10
29,31,0,28
29,31,1,-34
29,32,0,3
29,32,1,24
29,33,0,6
29,33,1,-13
29,34,0,-3
29,34,1,5
29,35,0,2
29,35,1,-10
29,36,0,14
29,36,1,-12
29,37,0,20
29,37,1,-27
29,38,0,-18
29,38,1,36
29,39,0,-7
29,39,1,1
29,40,0,-1
29,40,1,9
29,41,0,-14
29,41,1,30
29,42,0,-10
29,42,1,32
29,43,0,8
29,43,1,-7
29,44,0,-16
29,44,1,23
29,45,0,-5
29,45,1,-14
29,46,0,-4
29,46,1,16
29,47,0,15
29,47,1,-33
29,48,0,-5
29,48,1,-1
29,49,0,4
29,49,1,-13
29,50,0,-1
29,50,1,-3
29,51,0,12
29,51,1,5
29,52,0,-7
29,52,1,11
29,53,0,-7
29,53,1,-10
29,54,0,-13
29,54,1,3
29,55,0,4
29,55,1,3
29,56,0,-4
29,56,1,-16
29,57,0,18
29,57,1,-27
29,58,0,9
29,58,1,-33
29,59,0,14
29,59,1,-21
29,60,0,2
29,60,1,9
29,61,0,-9
29,61,1,-2
29,62,0,8
29,62,1,-10
29,63,0,11
29,63,1,-30
29,64,0,-7
29,64,1,13
29,65,0,2
29,65,1,-12
29,66,0,-5
29,66,1,4
29,67,0,17
29,67,1,-23
29,68,0,-2
29,68,1,3
29,69,0,4
29,69,1,-10
29,70,0,8
29,70,1,2
29,71,0,11
29,71,1,-26
29,72,0,11
29,72,1,-23
29,73,1,16
29,74,0,-11
29,74,1,-11
29,75,1,4
30,1,0,-2
30,2,0,2
30,3,0,1
30,4,0,2
30,6,0,-2
30,8,0,2
30,10,0,1
30,11,0,2
30,12,0,-34
30,12,1,41
30,13,0,14
30,13,1,-12
30,14,0,-25
30,14,1,14
30,15,0,-2
30,15,1,11
30,16,0,-9
30,16,1,10
30,17,0,1
30,18,0,6
30,18,1,-2
30,19,0,-9
30,19,1,2
30,20,0,-32
30,20,1,17
30,21,0,19
30,21,1,-19
30,22,0,8
30,22,1,-14
30,23,0,-1
30,23,1,3
30,24,0,6
30,24,1,-10
30,25,0,-7
30,25,1,-10
30,26,0,14
30,26,1,19
30,27,0,-13
30,27,1,21
30,28,0,-12
30,28,1,35
30,29,0,-2
30,29,1,-10
30,30,0,96
30,30,1,12
30,31,0,6
30,31,1,-16
30,32,0,-20
30,32,1,12
30,33,0,7
30,33,1,-21
30,34,1,-2
30,35,0,-6
30,35,1,23
30,36,0,5
30,36,1,9
30,37,0,5
30,37,1,-15
30,38,1,10
30,39,0,-10
30,39,1,13
30,40,0,-8
30,40,1,1
30,41,0,-10
30,41,1,3
30,42,0,1
30,42,1,-13
30,43,0,-2
30,43,1,5
30,44,0,2
30,44,1,-3
30,45,0,6
30,45,1,19
30,46,0,5
30,46,1,1
30,47,0,-3
30,47,1,-5
30,48,0,2
30,49,0,-8
30,49,1,23
30,50,0,-27
30,50,1,27
30,51,0,13
30,51,1,-16
30,52,0,5
30,52,1,-6
30,53,0,5
30,53,1,-5
30,54,0,5
30,54,1,-6
30,55,0,-22
30,55,1,29
30,56,0,27
30,56,1,-30
30,57,0,-8
30,57,1,32
30,58,0,19
30,58,1,4
30,59,0,-5
30,59,1,-9
30,60,0,-18
30,60,1,30
30,61,0,-2
30,61,1,12
30,62,0,-5
30,62,1,-3
30,63,0,-2
30,63,1,19
30,64,0,-4
30,64,1,7
30,65,0,15
30,65,1,-20
30,66,0,-9
30,66,1,29
30,67,0,-5
30,67,1,17
30,68,0,25
30,68,1,-29
30,69,0,14
30,69,1,-27
30,70,0,11
30,70,1,-18
30,71,0,5
30,71,1,-9
30,72,0,31
30,72,1,-25
30,73,0,-2
30,73,1,9
30,74,0,-2
30,74,1,5
30,75,0,3
30,75,1,19
31,1,0,-1
31,2,0,-1
31,4,0,-1
31,5,0,1
31,6,0,-1
31,8,0,2
31,10,0,-2
31,12,0,-1
31,12,1,9
31,13,0,9
31,13,1,-9
31,14,0,22
31,14,1,-23
31,15,0,-22
31,15,1,30
31,16,0,2
31,16,1,-26
31,17,0,-2
31,17,1,-16
31,18,0,3
31,18,1,3
31,19,0,-4
31,19,1,-5
31,20,0,8
31,20,1,-11
31,21,0,3
31,21,1,8
31,22,0,22
31,22,1,-15
31,23,0,-18
31,23,1,19
31,24,0,11
31,24,1,-6
31,25,0,-15
31,25,1,17
31,26,0,5
31,26,1,6
31,27,0,3
31,27,1,9
31,28,0,-3
31,28,1,8
31,29,0,28
31,29,1,-34
31,30,0,6
31,30,1,-16
31,31,0,107
31,31,1,-21
31,32,0,4
31,32,1,-4
31,33,0,-3
31,33,1,-6
31,34,0,9
31,34,1,-18
31,35,0,-15
31,35,1,-4
31,36,0,-14
31,36,1,-7
31,37,0,9
31,37,1,11
31,38,0,-11
31,38,1,7
31,39,0,3
31,39,1,-3
31,40,0,-24
31,40,1,29
31,41,0,1
31,41,1,8
31,42,0,-5
31,42,1,9
31,43,0,-3
31,43,1,-16
31,44,0,-12
31,44,1,18
31,45,0,-6
31,45,1,15
31,46,0,-17
31,46,1,19
31,47,0,-1
31,47,1,8
31,48,0,-6
31,48,1,11
31,49,0,-11
31,49,1,22
31,50,0,6
31,50,1,-24
31,51,0,2
31,51,1,-3
31,52,0,-8
31,52,1,-2
31,53,0,4
31,53,1,-3
31,54,0,-5
31,54,1,18
31,55,0,-1
31,55,1,3
31,56,0,10
31,56,1,-4
31,57,0,12
31,57,1,-16
31,58,0,28
31,58,1,-33
31,59,0,-10
31,59,1,25
31,60,0,13
31,60,1,-1
31,61,0,-6
31,61,1,1
31,62,0,11
31,62,1,-20
31,63,0,16
31,63,1,-24
31,64,0,-34
31,64,1,28
31,65,0,-5
31,65,1,-5
31,66,0,-1
31,66,1,2
31,67,0,-2
31,67,1,-5
31,68,0,-5
31,68,1,8
31,69,0,17
31,69,1,-12
31,70,0,17
31,70,1,-26
31,71,0,-5
31,71,1,20
31,72,0,23
31,72,1,-12
31,73,0,1
31,74,0,-2
31,74,1,7
31,75,0,10
31,75,1,-7
32,2,0,-1
32,3,0,-1
32,4,0,-2
32,6,0,-1
32,7,0,-2
32,9,0,2
32,10,0,-1
32,11,0,1
32,12,0,9
32,12,1,-9
32,13,0,6
32,13,1,-24
32,14,0,17
32,14,1,-21
32,15,0,2
32,15,1,2
32,16,0,10
32,16,1,1
32,17,1,-9
32,18,0,7
32,18,1,5
32,19,0,-6
32,19,1,9
32,20,0,30
32,20,1,-51
32,21,0,-16
32,21,1,28
32,22,0,17
32,22,1,-45
32,23,0,10
32,23,1,-8
32,24,0,-18
32,24,1,20
32,25,0,7
32,25,1,-10
32,26,0,23
32,26,1,-15
32,27,0,13
32,27,1,-4
32,28,0,14
32,28,1,-8
32,29,0,3
32,29,1,24
32,30,0,-20
32,30,1,12
32,31,0,4
32,31,1,-4
32,32,0,101
32,32,1,2
32,33,0,4
32,33,1,-6
32,34,0,-13
32,34,1,-1
32,35,0,2
32,35,1,-3
32,36,0,1
32,36,1,7
32,37,0,4
32,37,1,-20
32,38,0,15
32,39,0,-4
32,39,1,14
32,40,1,-21
32,41,0,20
32,41,1,-35
32,42,0,6
32,42,1,-4
32,43,0,17
32,43,1,-19
32,44,1,-26
32,45,0,1
32,45,1,7
32,46,0,-8
32,46,1,7
32,47,0,20
32,47,1,-39
32,48,0,-14
32,48,1,37
32,49,0,16
32,49,1,-17
32,50,0,10
32,50,1,-21
32,51,0,-4
32,51,1,10
32,52,0,20
32,52,1,2
32,53,0,-19
32,53,1,22
32,54,0,-2
32,54,1,-6
32,55,0,-1
32,55,1,8
32,56,0,-1
32,56,1,12
32,57,0,7
32,57,1,-15
32,58,0,-15
32,58,1,17
32,60,0,-11
32,60,1,16
32,61,0,10
32,61,1,-9
32,62,0,2
32,62,1,4
32,63,0,2
32,63,1,-26
32,64,0,-1
32,64,1,1
32,65,0,6
32,66,0,1
32,66,1,-28
32,67,0,-16
32,67,1,-7
32,68,0,-22
32,68,1,14
32,69,0,11
32,69,1,-6
32,70,0,-4
32,70,1,-25
32,71,0,-4
32,71,1,6
32,72,0,-13
32,72,1,15
32,73,0,9
32,73,1,-11
32,74,0,-1
32,74,1,-18
32,75,0,-8
32,75,1,13
33,2,0,-2
33,3,0,2
33,4,0,-2
33,5,0,1
33,7,0,2
33,9,0,-2
33,11,0,-1
33,12,1,15
33,13,0,6
33,13,1,7
33,14,0,15
33,14,1,-12
33,15,0,27
33,15,1,-44
33,16,0,15
33,16,1,-6
33,17,0,12
33,17,1,-31
33,18,1,4
33,19,0,-18
33,19,1,35
33,20,0,-15
33,20,1,26
33,21,0,-6
33,21,1,16
33,22,0,-8
33,22,1,11
33,23,0,15
33,23,1,-7
33,24,0,18
33,24,1,-18
33,25,0,2
33,25,1,7
33,26,0,-7
33,26,1,-2
33,27,0,30
33,27,1,-34
33,28,0,7
33,28,1,-18
33,29,0,6
33,29,1,-13
33,30,0,7
33,30,1,-21
33,31,0,-3
33,31,1,-6
33,32,0,4
33,32,1,-6
33,33,0,104
33,33,1,-12
33,34,0,5
33,34,1,-5
33,35,0,6
33,35,1,-2
33,36,0,16
33,36,1,-22
33,37,0,21
33,37,1,-14
33,38,0,6
33,38,1,-6
33,39,0,-11
33,39,1,-4
33,40,0,-6
33,40,1,12
33,41,0,-2
33,41,1,7
33,42,0,2
33,42,1,-9
33,43,0,36
33,43,1,-18
33,44,0,5
33,44,1,-8
33,45,0,16
33,45,1,-20
33,46,0,-7
33,46,1,15
33,47,0,1
33,47,1,-3
33,48,0,15
33,48,1,-22
33,49,0,-26
33,49,1,13
33,50,0,9
33,50,1,-10
33,51,0,-30
33,51,1,52
33,52,0,-1
33,52,1,2
33,53,0,-43
33,53,1,38
33,54,0,21
33,54,1,-18
33,55,0,-31
33,55,1,27
33,56,0,-6
33,56,1,2
33,57,0,-4
33,57,1,-15
33,58,0,-12
33,59,0,-7
33,59,1,9
33,60,0,15
33,60,1,-26
33,61,0,-8
33,61,1,29
33,62,0,36
33,62,1,-31
33,63,0,18
33,63,1,-2
33,64,0,3
33,64,1,10
33,65,0,1
33,65,1,-1
33,66,0,14
33,66,1,-12
33,67,0,-12
33,67,1,20
33,68,0,25
33,68,1,-29
33,69,1,25
33,70,0,14
33,70,1,-12
33,71,0,21
33,71,1,-10
33,72,0,-11
33,72,1,8
33,73,0,-7
33,73,1,-2
33,74,0,-12
33,74,1,-1
33,75,0,-19
33,75,1,21
34,1,0,2
34,4,0,-1
34,5,0,-1
34,7,0,2
34,8,0,-2
34,9,0,-2
34,10,0,-2
34,11,0,2
34,12,0,-3
34,12,1,12
34,13,0,-11
34,13,1,19
34,14,0,-7
34,14,1,6
34,15,0,-1
34,15,1,-9
34,16,0,13
34,16,1,-14
34,17,0,2
34,17,1,-7
34,18,0,-5
34,18,1,7
34,19,0,13
34,19,1,-7
34,20,0,-12
34,20,1,18
34,21,0,-6
34,21,1,20
34,22,0,11
34,23,0,1
34,23,1,-9
34,24,0,25
34,24,1,-29
34,25,0,6
34,25,1,-7
34,26,0,12
34,26,1,3
34,27,0,16
34,27,1,-19
34,28,0,1
34,28,1,-13
34,29,0,-3
34,29,1,5
34,30,1,-2
34,31,0,9
34,31,1,-18
34,32,0,-13
34,32,1,-1
34,33,0,5
34,33,1,-5
34,34,0,88
34,34,1,7
34,35,0,9
34,35,1,-9
34,36,0,16
34,36,1,7
34,37,0,-10
34,37,1,21
34,38,0,-3
34,38,1,7
34,39,0,9
34,39,1,-12
34,40,0,-10
34,40,1,13
34,41,0,-10
34,41,1,18
34,42,0,-14
34,42,1,27
34,43,0,-18
34,43,1,19
34,44,0,-2
34,44,1,12
34,45,0,23
34,45,1,-39
34,46,0,13
34,46,1,-23
34,47,0,-4
34,47,1,-30
34,48,0,4
34,48,1,3
34,49,0,-15
34,49,1,18
34,50,0,27
34,50,1,-35
34,51,0,-20
34,51,1,13
34,52,0,-26
34,52,1,25
34,53,0,-4
34,53,1,21
34,54,0,10
34,54,1,-6
34,55,0,-2
34,55,1,-13
34,56,0,-9
34,56,1,13
34,57,0,4
34,57,1,-20
34,58,0,9
34,58,1,13
34,59,0,11
34,59,1,-6
34,60,0,9
34,60,1,-7
34,61,0,-20
34,61,1,11
34,62,0,16
34,62,1,-15
34,63,0,-11
34,63,1,19
34,64,0,7
34,64,1,-22
34,65,0,-8
34,65,1,8
34,66,0,-7
34,66,1,-6
34,67,0,-4
34,67,1,-4
34,68,0,1
34,69,0,20
34,69,1,-24
34,70,0,-6
34,70,1,-5
34,71,0,-9
34,71,1,2
34,72,0,-6
34,72,1,6
34,73,0,-20
34,73,1,36
34,74,0,-12
34,74,1,28
34,75,0,13
34,75,1,-11
35,1,0,-2
35,2,0,-1
35,3,0,1
35,5,0,2
35,6,0,2
35,8,0,2
35,9,0,-2
35,10,0,-1
35,12,0,-2
35,12,1,6
35,13,0,-8
35,13,1,7
35,14,0,7
35,15,0,-4
35,15,1,3
35,16,0,-3
35,16,1,11
35,17,0,-7
35,17,1,5
35,18,0,11
35,18,1,-1
35,19,0,24
35,19,1,-5
35,20,0,11
35,20,1,-7
35,21,0,-15
35,21,1,7
35,22,0,-4
35,22,1,-14
35,23,0,-7
35,23,1,13
35,24,0,-15
35,24,1,35
35,25,0,14
35,25,1,-12
35,26,0,3
35,26,1,-8
35,27,0,-2
35,27,1,-12
35,28,0,-3
35,28,1,8
35,29,0,2
35,29,1,-10
35,30,0,-6
35,30,1,23
35,31,0,-15
35,31,1,-4
35,32,0,2
35,32,1,-3
35,33,0,6
35,33,1,-2
35,34,0,9
35,34,1,-9
35,35,0,79
35,35,1,25
35,36,0,8
35,36,1,6
35,37,0,-4
35,37,1,2
35,38,0,-11
35,38,1,21
35,39,0,6
35,39,1,-4
35,40,0,-17
35,40,1,4
35,41,0,-11
35,41,1,15
35,42,0,12
35,42,1,-11
35,43,0,8
35,43,1,-33
35,44,0,20
35,44,1,-22
35,45,0,12
35,45,1,-4
35,46,0,13
35,46,1,-20
35,47,0,-3
35,47,1,-3
35,48,0,2
35,48,1,16
35,49,0,4
35,49,1,-18
35,50,0,5
35,50,1,13
35,51,0,18
35,51,1,-15
35,52,0,-15
35,52,1,14
35,53,0,-5
35,53,1,5
35,54,1,2
35,55,0,-6
35,55,1,15
35,56,0,-12
35,56,1,20
35,57,0,5
35,58,0,-17
35,58,1,21
35,59,0,5
35,59,1,20
35,60,0,-18
35,60,1,12
35,61,0,17
35,61,1,1
35,62,0,-7
35,62,1,-3
35,63,0,13
35,63,1,-5
35,64,0,20
35,64,1,-19
35,65,0,-12
35,65,1,42
35,66,0,-1
35,66,1,22
35,67,0,17
35,67,1,-1
35,68,0,13
35,68,1,13
35,69,0,-2
35,69,1,-1
35,70,0,-2
35,70,1,1
35,71,0,2
35,71,1,16
35,72,0,-7
35,72,1,-2
35,73,0,-31
35,73,1,27
35,74,0,-20
35,74,1,20
35,75,0,18
35,75,1,-23
36,1,0,2
36,2,0,-1
36,3,0,1
36,4,0,-1
36,5,0,2
36,6,0,2
36,7,0,-2
36,8,0,-2
36,9,0,1
36,10,0,2
36,11,0,2
36,12,0,13
36,12,1,-7
36,13,0,-5
36,13,1,9
36,14,0,-9
36,14,1,38
36,15,0,4
36,15,1,-10
36,16,0,8
36,16,1,-2
36,17,0,8
36,17,1,-12
36,18,0,-20
36,18,1,32
36,19,0,11
36,19,1,-5
36,20,1,-12
36,21,0,4
36,21,1,6
36,22,1,9
36,23,0,5
36,23,1,-8
36,24,0,14
36,24,1,-30
36,25,0,13
36,25,1,-17
36,26,1,5
36,27,0,-11
36,27,1,14
36,28,0,10
36,28,1,-13
36,29,0,14
36,29,1,-12
36,30,0,5
36,30,1,9
36,31,0,-14
36,31,1,-7
36,32,0,1
36,32,1,7
36,33,0,16
36,33,1,-22
36,34,0,16
36,34,1,7
36,35,0,8
36,35,1,6
36,36,0,102
36,36,1,-7
36,37,0,-19
36,37,1,8
36,38,0,-21
36,38,1,33
36,39,0,17
36,39,1,-24
36,40,1,13
36,41,0,18
36,41,1,-23
36,42,0,9
36,42,1,-4
36,43,0,15
36,43,1,-14
36,44,0,-3
36,44,1,5
36,45,0,15
36,45,1,-13
36,46,0,-7
36,46,1,-6
36,47,0,-7
36,47,1,-12
36,48,1,23
36,49,1,2
36,50,0,21
36,50,1,-24
36,51,0,13
36,51,1,-25
36,52,0,-11
36,53,0,6
36,53,1,-11
36,54,0,-1
36,54,1,2
36,55,0,20
36,55,1,-20
36,56,0,-8
36,56,1,2
36,57,0,8
36,57,1,9
36,58,0,-13
36,58,1,24
36,59,1,8
36,60,0,19
36,60,1,-49
36,61,0,-10
36,61,1,9
36,62,0,13
36,62,1,2
36,63,0,-23
36,63,1,28
36,64,0,-14
36,64,1,-6
36,65,0,1
36,65,1,11
36,66,0,-8
36,66,1,17
36,67,0,10
36,67,1,-30
36,68,0,4
36,68,1,-25
36,69,0,12
36,69,1,-4
36,70,0,-13
36,70,1,24
36,71,0,-7
36,71,1,7
36,72,0,-24
36,72,1,36
36,73,0,-11
36,73,1,-4
36,74,0,-3
36,74,1,-7
36,75,0,11
36,75,1,-6
37,1,0,1
37,2,0,1
37,5,0,-2
37,6,0,2
37,8,0,-2
37,9,0,-2
37,12,0,4
37,12,1,5
37,13,0,-6
37,13,1,-5
37,14,0,10
37,14,1,-3
37,15,0,8
37,15,1,-11
37,16,0,14
37,16,1,-25
37,17,0,10
37,17,1,-27
37,18,1,2
37,19,0,-24
37,19,1,22
37,20,0,-6
37,20,1,11
37,21,0,6
37,21,1,-19
37,22,0,-5
37,22,1,25
37,23,0,9
37,23,1,-8
37,24,0,-12
37,24,1,6
37,25,0,4
37,25,1,-1
37,26,0,6
37,26,1,4
37,27,0,6
37,27,1,-1
37,28,0,-6
37,28,1,-4
37,29,0,20
37,29,1,-27
37,30,0,5
37,30,1,-15
37,31,0,9
37,31,1,11
37,32,0,4
37,32,1,-20
37,33,0,21
37,33,1,-14
37,34,0,-10
37,34,1,21
37,35,0,-4
37,35,1,2
37,36,0,-19
37,36,1,8
37,37,0,82
37,37,1,5
37,38,0,27
37,38,1,-38
37,39,0,-15
37,39,1,13
37,40,0,11
37,40,1,-10
37,41,0,-11
37,41,1,23
37,42,0,-16
37,42,1,18
37,43,0,3
37,43,1,5
37,44,0,5
37,44,1,1
37,45,0,8
37,45,1,-29
37,46,0,-2
37,46,1,7
37,47,0,6
37,47,1,-3
37,48,0,1
37,48,1,-12
37,49,0,-7
37,49,1,6
37,50,0,-7
37,50,1,-15
37,51,0,-6
37,51,1,11
37,52,0,7
37,52,1,-22
37,53,0,-20
37,53,1,-1
37,55,0,-20
37,55,1,36
37,56,0,-4
37,56,1,-3
37,57,0,-1
37,57,1,4
37,58,0,3
37,58,1,7
37,59,0,4
37,59,1,5
37,60,0,-6
37,60,1,10
37,61,0,7
37,61,1,-5
37,62,0,15
37,62,1,-21
37,63,0,21
37,63,1,-4
37,64,0,17
37,64,1,-24
37,65,0,8
37,65,1,-6
37,66,0,-2
37,66,1,-3
37,67,0,-14
37,67,1,21
37,68,0,27
37,68,1,-42
37,69,0,-11
37,69,1,4
37,70,0,20
37,70,1,-36
37,71,0,4
37,71,1,-19
37,72,0,19
37,72,1,-11
37,73,0,-19
37,73,1,27
37,74,0,-16
37,74,1,32
37,75,0,-7
37,75,1,17
38,1,0,-2
38,2,0,1
38,3,0,-1
38,4,0,2
38,5,0,1
38,6,0,1
38,7,0,1
38,8,0,1
38,9,0,-1
38,10,0,1
38,11,0,-2
38,12,0,-1
38,12,1,21
38,13,0,9
38,13,1,-6
38,14,0,8
38,14,1,6
38,15,0,11
38,15,1,-5
38,16,1,2
38,17,0,7
38,17,1,-7
38,18,1,9
38,19,0,-2
38,19,1,-7
38,20,0,17
38,20,1,-16
38,21,0,-7
38,21,1,4
38,22,0,-20
38,22,1,15
38,23,0,9
38,23,1,-14
38,24,0,-8
38,24,1,7
38,25,0,-4
38,25,1,1
38,26,0,5
38,26,1,-14
38,27,0,13
38,27,1,-6
38,28,1,4
38,29,0,-18
38,29,1,36
38,30,1,10
38,31,0,-11
38,31,1,7
38,32,0,15
38,33,0,6
38,33,1,-6
38,34,0,-3
38,34,1,7
38,35,0,-11
38,35,1,21
38,36,0,-21
38,36,1,33
38,37,0,27
38,37,1,-38
38,38,0,85
38,38,1,3
38,39,0,-5
38,39,1,16
38,40,0,14
38,40,1,-18
38,41,0,-7
38,41,1,10
38,42,0,-16
38,42,1,25
38,43,0,5
38,43,1,-11
38,44,0,7
38,44,1,-14
38,45,0,6
38,45,1,18
38,46,0,-7
38,46,1,9
38,47,0,3
38,47,1,-1
38,48,0,-1
38,48,1,4
38,49,0,2
38,49,1,2
38,50,0,-9
38,50,1,8
38,51,0,-3
38,51,1,20
38,52,0,-4
38,53,0,-7
38,53,1,20
38,54,0,-3
38,54,1,8
38,55,0,-19
38,55,1,31
38,56,0,-5
38,56,1,-14
38,57,0,-1
38,58,0,-2
38,58,1,18
38,59,0,8
38,59,1,13
38,60,1,-18
38,61,0,-6
38,61,1,30
38,62,0,6
38,62,1,-8
38,63,0,1
38,63,1,-8
38,64,0,25
38,64,1,-11
38,65,0,-2
38,65,1,-8
38,66,0,-5
38,66,1,-4
38,67,0,-13
38,67,1,16
38,68,0,3
38,68,1,-14
38,69,0,-8
38,70,0,1
38,70,1,22
38,71,0,-1
38,71,1,9
38,72,0,3
38,72,1,-6
38,73,0,5
38,73,1,6
38,74,0,-6
38,74,1,3
38,75,0,-12
38,75,1,8
39,1,0,-2
39,2,0,2
39,3,0,2
39,4,0,-2
39,5,0,2
39,7,0,-1
39,8,0,-1
39,9,0,-2
39,10,0,1
39,11,0,1
39,12,0,-8
39,12,1,11
39,13,0,-17
39,13,1,14
39,14,0,-12
39,14,1,32
39,15,1,-7
39,16,0,-10
39,16,1,-3
39,17,0,13
39,17,1,-18
39,18,0,11
39,18,1,-26
39,19,0,-9
39,19,1,19
39,20,0,25
39,20,1,-15
39,21,0,-8
39,22,0,-2
39,22,1,-10
39,23,0,1
39,23,1,3
39,24,0,12
39,24,1,2
39,25,1,-10
39,26,0,-3
39,26,1,-11
39,27,0,-16
39,27,1,11
39,28,0,12
39,28,1,-45
39,29,0,-7
39,29,1,1
39,30,0,-10
39,30,1,13
39,31,0,3
39,31,1,-3
39,32,0,-4
39,32,1,14
39,33,0,-11
39,33,1,-4
39,34,0,9
39,34,1,-12
39,35,0,6
39,35,1,-4
39,36,0,17
39,36,1,-24
39,37,0,-15
39,37,1,13
39,38,0,-5
39,38,1,16
39,39,0,90
39,39,1,5
39,40,0,-3
39,40,1,-14
39,41,0,-5
39,41,1,9
39,42,0,-9
39,42,1,21
39,43,0,11
39,43,1,-27
39,44,0,11
39,44,1,-7
39,45,0,-4
39,45,1,10
39,46,0,-7
39,46,1,11
39,47,0,12
39,47,1,-1
39,48,0,-8
39,48,1,14
39,49,0,6
39,49,1,14
39,50,0,10
39,50,1,-8
39,51,0,4
39,51,1,16
39,52,0,5
39,52,1,-20
39,53,0,-4
39,53,1,6
39,54,0,-40
39,54,1,23
39,55,0,13
39,55,1,-9
39,56,0,-1
39,56,1,12
39,57,0,-14
39,57,1,25
39,58,0,-3
39,58,1,-11
39,59,0,4
39,59,1,-12
39,60,0,22
39,60,1,4
39,61,0,-2
39,61,1,17
39,62,0,-2
39,62,1,-14
39,63,0,-14
39,63,1,-2
39,64,0,5
39,64,1,-1
39,65,0,11
39,65,1,-15
39,66,0,-18
39,66,1,-1
39,67,0,33
39,67,1,-36
39,68,0,5
39,68,1,5
39,69,0,13
39,69,1,-14
39,70,0,-2
39,70,1,9
39,71,0,-2
39,71,1,6
39,72,0,-8
39,72,1,14
39,73,0,-4
39,73,1,16
39,74,0,-1
39,74,1,-15
39,75,0,2
39,75,1,-4
40,1,0,-1
40,2,0,-1
40,3,0,2
40,4,0,2
40,6,0,1
40,7,0,-2
40,8,0,1
40,9,0,2
40,10,0,-2
40,11,0,2
40,12,0,-7
40,12,1,12
40,13,0,-13
40,13,1,14
40,14,0,-10
40,14,1,7
40,15,0,5
40,15,1,-17
40,16,0,-2
40,16,1,7
40,17,0,16
40,17,1,-28
40,18,0,-7
40,18,1,5
40,19,0,-4
40,19,1,-3
40,20,1,7
40,21,0,-7
40,21,1,39
40,22,0,2
40,22,1,-6
40,23,0,11
40,23,1,-20
40,24,0,-2
40,24,1,-14
40,25,0,-7
40,25,1,18
40,26,0,3
40,26,1,-13
40,27,0,-1
40,27,1,9
40,28,0,-1
40,28,1,-2
40,29,0,-1
40,29,1,9
40,30,0,-8
40,30,1,1
40,31,0,-24
40,31,1,29
40,32,1,-21
40,33,0,-6
40,33,1,12
40,34,0,-10
40,34,1,13
40,35,0,-17
40,35,1,4
40,36,1,13
40,37,0,11
40,37,1,-10
40,38,0,14
40,38,1,-18
40,39,0,-3
40,39,1,-14
40,40,0,98
40,40,1,25
40,41,0,7
40,41,1,-17
40,42,0,-10
40,42,1,8
40,43,0,-10
40,43,1,-9
40,44,0,-5
40,44,1,22
40,45,0,7
40,45,1,-4
40,46,0,1
40,47,0,5
40,47,1,-22
40,48,0,-16
40,48,1,26
40,49,0,23
40,49,1,-42
40,50,0,4
40,50,1,13
40,51,0,-9
40,51,1,-5
40,52,0,1
40,52,1,-8
40,53,0,-15
40,53,1,10
40,54,0,-5
40,54,1,17
40,55,0,-9
40,55,1,8
40,56,1,-13
40,57,0,8
40,57,1,-10
40,58,0,-21
40,58,1,12
40,59,0,-6
40,59,1,18
40,60,0,6
40,60,1,-28
40,61,0,5
40,61,1,1
40,62,0,9
40,62,1,-10
40,63,0,-6
40,63,1,12
40,64,0,-4
40,64,1,-7
40,65,0,-2
40,66,0,1
40,66,1,-11
40,67,0,-12
40,67,1,28
40,68,0,-2
40,68,1,7
40,69,0,-17
40,69,1,13
40,70,0,-1
40,70,1,20
40,71,0,-7
40,71,1,4
40,72,0,25
40,72,1,-12
40,73,0,2
40,73,1,10
40,74,1,15
40,75,0,-14
40,75,1,-3
41,1,0,1
41,3,0,1
41,4,0,2
41,5,0,1
41,7,0,-1
41,8,0,-2
41,9,0,-1
41,10,0,1
41,11,0,1
41,12,0,29
41,12,1,-34
41,13,0,-5
41,13,1,9
41,14,0,4
41,14,1,-9
41,15,0,3
41,15,1,-5
41,16,0,-4
41,16,1,-15
41,17,0,7
41,17,1,-33
41,18,0,-5
41,18,1,23
41,19,0,6
41,19,1,14
41,20,0,-27
41,20,1,26
41,21,0,-15
41,21,1,8
41,22,0,11
41,22,1,-1
41,23,0,11
41,23,1,-44
41,24,0,-3
41,24,1,-29
41,25,0,-1
41,25,1,-14
41,26,0,-7
41,26,1,13
41,27,0,-22
41,27,1,4
41,28,0,-7
41,28,1,-16
41,29,0,-14
41,29,1,30
41,30,0,-10
41,30,1,3
41,31,0,1
41,31,1,8
41,32,0,20
41,32,1,-35
41,33,0,-2
41,33,1,7
41,34,0,-10
41,34,1,18
41,35,0,-11
41,35,1,15
41,36,0,18
41,36,1,-23
41,37,0,-11
41,37,1,23
41,38,0,-7
41,38,1,10
41,39,0,-5
41,39,1,9
41,40,0,7
41,40,1,-17
41,41,0,82
41,41,1,28
41,42,0,5
41,42,1,-16
41,43,0,6
41,43,1,11
41,44,0,4
41,44,1,15
41,45,0,-18
41,45,1,11
41,46,0,-7
41,46,1,9
41,47,0,1
41,47,1,-10
41,48,0,-1
41,48,1,-30
41,49,0,1
41,49,1,19
41,50,0,-2
41,50,1,20
41,51,0,12
41,51,1,6
41,52,0,17
41,52,1,-39
41,53,0,5
41,53,1,-11
41,54,0,-5
41,54,1,-1
41,55,0,-4
41,55,1,-19
41,56,0,4
41,56,1,7
41,57,0,14
41,57,1,1
41,58,0,-29
41,58,1,17
41,59,0,-18
41,59,1,35
41,60,0,-5
41,60,1,-6
41,61,0,4
41,61,1,-3
41,62,0,13
41,62,1,-22
41,63,0,-10
41,63,1,19
41,64,0,-22
41,64,1,18
41,65,0,7
41,65,1,4
41,66,0,11
41,66,1,3
41,67,0,-11
41,67,1,9
41,68,0,-2
41,68,1,15
41,69,0,-17
41,69,1,37
41,70,0,-6
41,71,0,-1
41,71,1,2
41,72,0,-5
41,72,1,33
41,73,0,-8
41,73,1,8
41,74,0,18
41,74,1,-1
41,75,0,14
41,75,1,-31
42,1,0,1
42,2,0,2
42,5,0,2
42,6,0,2
42,7,0,2
42,8,0,-2
42,10,0,2
42,11,0,1
42,12,0,7
42,12,1,-4
42,13,0,15
42,14,0,1
42,14,1,3
42,15,0,5
42,15,1,-10
42,16,0,-14
42,16,1,23
42,17,0,-18
42,17,1,18
42,18,0,-13
42,18,1,17
42,19,0,29
42,19,1,-32
42,20,0,-5
42,20,1,-17
42,21,0,-12
42,21,1,30
42,22,0,-3
42,22,1,-6
42,23,0,-2
42,23,1,-5
42,24,0,17
42,24,1,-14
42,25,0,13
42,25,1,-13
42,26,0,-10
42,26,1,-7
42,27,0,-17
42,27,1,-7
42,28,0,11
42,28,1,-23
42,29,0,-10
42,29,1,32
42,30,0,1
42,30,1,-13
42,31,0,-5
42,31,1,9
42,32,0,6
42,32,1,-4
42,33,0,2
42,33,1,-9
42,34,0,-14
42,34,1,27
42,35,0,12
42,35,1,-11
42,36,0,9
42,36,1,-4
42,37,0,-16
42,37,1,18
42,38,0,-16
42,38,1,25
42,39,0,-9
42,39,1,21
42,40,0,-10
42,40,1,8
42,41,0,5
42,41,1,-16
42,42,0,92
42,42,1,-2
42,43,0,13
42,43,1,-2
42,44,0,15
42,44,1,-6
42,45,0,-12
42,45,1,5
42,46,0,-7
42,46,1,11
42,47,0,-9
42,47,1,6
42,48,0,-14
42,48,1,16
42,49,0,11
42,49,1,-12
42,50,0,-2
42,50,1,-1
42,51,0,8
42,51,1,-13
42,52,0,-11
42,52,1,2
42,53,0,11
42,53,1,-26
42,54,0,9
42,54,1,12
42,55,0,-8
42,55,1,21
42,56,0,6
42,56,1,-22
42,57,0,16
42,57,1,-28
42,58,0,-5
42,58,1,-10
42,59,0,-8
42,59,1,-3
42,60,0,-16
42,60,1,48
42,61,0,28
42,61,1,-33
42,62,0,-13
42,62,1,26
42,63,0,-19
42,63,1,-1
42,64,0,-2
42,64,1,7
42,65,0,-3
42,66,0,3
42,66,1,11
42,67,1,-3
42,68,0,-12
42,68,1,34
42,69,0,-5
42,69,1,6
42,70,0,-25
42,70,1,32
42,71,0,13
42,71,1,-29
42,72,0,4
42,72,1,-22
42,73,0,14
42,73,1,6
42,74,0,3
42,74,1,-6
42,75,0,7
42,75,1,8
43,1,0,2
43,2,0,2
43,3,0,-2
43,4,0,-1
43,7,0,1
43,8,0,1
43,11,0,-1
43,12,0,12
43,12,1,-23
43,13,0,-9
43,13,1,3
43,14,0,10
43,14,1,-20
43,15,0,33
43,15,1,-41
43,16,0,-12
43,16,1,12
43,17,0,-5
43,17,1,-3
43,18,0,19
43,18,1,-19
43,19,0,-9
43,19,1,16
43,20,0,21
43,20,1,-10
43,21,0,-28
43,21,1,38
43,22,0,-5
43,22,1,12
43,23,0,13
43,23,1,-17
43,24,0,16
43,24,1,-16
43,25,0,11
43,25,1,-20
43,26,0,-23
43,26,1,47
43,27,0,5
43,27,1,8
43,28,0,6
43,28,1,-5
43,29,0,8
43,29,1,-7
43,30,0,-2
43,30,1,5
43,31,0,-3
43,31,1,-16
43,32,0,17
43,32,1,-19
43,33,0,36
43,33,1,-18
43,34,0,-18
43,34,1,19
43,35,0,8
43,35,1,-33
43,36,0,15
43,36,1,-14
43,37,0,3
43,37,1,5
43,38,0,5
43,38,1,-11
43,39,0,11
43,39,1,-27
43,40,0,-10
43,40,1,-9
43,41,0,6
43,41,1,11
43,42,0,13
43,42,1,-2
43,43,0,117
43,43,1,-22
43,44,0,3
43,44,1,-6
43,45,0,-5
43,45,1,1
43,46,0,3
43,46,1,13
43,47,0,-30
43,47,1,30
43,48,0,23
43,48,1,-15
43,49,0,4
43,49,1,-10
43,50,0,-6
43,50,1,-2
43,51,0,-11
43,51,1,11
43,52,0,9
43,52,1,-15
43,53,0,-12
43,53,1,-6
43,54,0,5
43,54,1,-12
43,55,0,-22
43,55,1,23
43,56,0,-19
43,56,1,31
43,57,0,10
43,57,1,-14
43,58,0,-10
43,59,0,20
43,59,1,-54
43,60,0,8
43,60,1,-11
43,61,0,-7
43,61,1,11
43,62,0,-6
43,62,1,-4
43,63,0,9
43,63,1,-5
43,64,0,11
43,64,1,-18
43,65,0,7
43,65,1,-3
43,66,0,-4
43,66,1,23
43,67,0,25
43,67,1,-27
43,68,0,4
43,68,1,-13
43,69,0,-7
43,69,1,11
43,70,0,-1
43,70,1,-22
43,71,0,20
43,71,1,-57
43,72,0,4
43,72,1,15
43,73,0,-15
43,73,1,10
43,74,0,-11
43,74,1,9
43,75,0,-4
43,75,1,27
44,1,0,2
44,2,0,-2
44,3,0,2
44,4,0,2
44,5,0,2
44,6,0,2
44,7,0,-1
44,8,0,2
44,9,0,-2
44,10,0,-2
44,11,0,-1
44,12,0,-23
44,12,1,15
44,13,0,11
44,13,1,5
44,14,0,-1
44,14,1,-7
44,15,0,4
44,15,1,-1
44,16,0,14
44,16,1,-24
44,17,0,-4
44,17,1,-13
44,18,0,10
44,18,1,-2
44,19,0,-6
44,19,1,3
44,20,0,-1
44,20,1,17
44,21,0,-22
44,21,1,39
44,22,0,-14
44,22,1,26
44,23,0,5
44,23,1,-10
44,24,0,1
44,24,1,-6
44,25,0,5
44,25,1,-6
44,26,0,5
44,26,1,-12
44,27,0,-8
44,27,1,-9
44,28,0,16
44,28,1,-37
44,29,0,-16
44,29,1,23
44,30,0,2
44,30,1,-3
44,31,0,-12
44,31,1,18
44,32,1,-26
44,33,0,5
44,33,1,-8
44,34,0,-2
44,34,1,12
44,35,0,20
44,35,1,-22
44,36,0,-3
44,36,1,5
44,37,0,5
44,37,1,1
44,38,0,7
44,38,1,-14
44,39,0,11
44,39,1,-7
44,40,0,-5
44,40,1,22
44,41,0,4
44,41,1,15
44,42,0,15
44,42,1,-6
44,43,0,3
44,43,1,-6
44,44,0,82
44,44,1,17
44,45,1,18
44,46,0,-1
44,46,1,2
44,47,0,6
44,47,1,-38
44,48,0,-1
44,49,0,-2
44,49,1,-14
44,50,0,7
44,50,1,-29
44,51,0,-12
44,51,1,9
44,52,0,-11
44,52,1,4
44,53,0,1
44,53,1,-4
44,54,0,-3
44,54,1,6
44,55,0,-27
44,55,1,16
44,56,0,7
44,56,1,-5
44,57,0,-11
44,57,1,-1
44,58,0,-10
44,58,1,5
44,59,0,10
44,59,1,-4
44,60,0,-5
44,60,1,10
44,61,0,25
44,61,1,-33
44,62,0,26
44,62,1,-40
44,63,0,2
44,63,1,2
44,64,0,19
44,64,1,-12
44,65,0,1
44,65,1,-21
44,66,0,12
44,66,1,10
44,67,0,13
44,67,1,10
44,68,1,30
44,69,0,-3
44,69,1,6
44,70,0,-14
44,70,1,19
44,71,0,6
44,71,1,1
44,72,0,9
44,72,1,-2
44,73,0,-11
44,73,1,25
44,74,0,-4
44,74,1,-1
44,75,0,-16
44,75,1,40
45,1,0,1
45,2,0,-2
45,3,0,-2
45,4,0,1
45,5,0,-2
45,6,0,1
45,7,0,-1
45,8,0,2
45,9,0,-1
45,10,0,2
45,11,0,-1
45,12,0,-5
45,12,1,7
45,13,0,-12
45,13,1,18
45,14,0,-26
45,14,1,40
45,15,0,17
45,15,1,4
45,16,0,22
45,16,1,-34
45,17,0,-10
45,17,1,-3
45,18,0,-4
45,18,1,3
45,19,0,-22
45,19,1,-1
45,20,0,-4
45,20,1,-7
45,21,0,16
45,21,1,-13
45,22,0,9
45,22,1,-31
45,23,0,4
45,23,1,25
45,24,0,1
45,24,1,4
45,25,0,-5
45,25,1,-6
45,26,0,-11
45,26,1,23
45,27,0,-7
45,27,1,-3
45,28,0,3
45,28,1,18
45,29,0,-5
45,29,1,-14
45,30,0,6
45,30,1,19
45,31,0,-6
45,31,1,15
45,32,0,1
45,32,1,7
45,33,0,16
45,33,1,-20
45,34,0,23
45,34,1,-39
45,35,0,12
45,35,1,-4
45,36,0,15
45,36,1,-13
45,37,0,8
45,37,1,-29
45,38,0,6
45,38,1,18
45,39,0,-4
45,39,1,10
45,40,0,7
45,40,1,-4
45,41,0,-18
45,41,1,11
45,42,0,-12
45,42,1,5
45,43,0,-5
45,43,1,1
45,44,1,18
45,45,0,106
45,45,1,-8
45,46,0,-4
45,46,1,-16
45,47,0,-6
45,47,1,11
45,48,0,-11
45,48,1,27
45,49,0,-1
45,49,1,6
45,50,0,10
45,50,1,-9
45,51,0,-15
45,51,1,-3
45,52,0,-23
45,52,1,20
45,53,0,-15
45,53,1,35
45,54,0,22
45,54,1,-31
45,55,0,-11
45,55,1,9
45,56,0,9
45,56,1,-9
45,57,0,-7
45,57,1,5
45,58,0,2
45,58,1,5
45,59,0,-14
45,59,1,20
45,60,0,15
45,60,1,-33
45,61,0,5
45,61,1,9
45,62,0,14
45,62,1,-6
45,63,0,10
45,63,1,13
45,64,0,-7
45,64,1,21
45,65,0,-3
45,65,1,-21
45,66,0,-7
45,66,1,14
45,67,0,7
45,67,1,4
45,68,0,18
45,68,1,-8
45,69,0,-13
45,69,1,15
45,70,0,16
45,70,1,-17
45,71,0,-16
45,71,1,29
45,72,0,4
45,72,1,-2
45,73,0,-28
45,73,1,23
45,74,0,4
45,74,1,-11
45,75,0,6
45,75,1,-2
46,1,0,2
46,2,0,2
46,3,0,2
46,5,0,1
46,6,0,2
46,7,0,2
46,8,0,-1
46,9,0,2
46,10,0,1
46,12,0,-17
46,12,1,22
46,13,0,5
46,13,1,-17
46,14,1,2
46,15,0,4
46,16,0,2
46,16,1,-12
46,17,1,6
46,18,0,5
46,18,1,-21
46,19,0,1
46,19,1,1
46,20,0,-5
46,20,1,20
46,21,0,2
46,21,1,5
46,22,0,16
46,22,1,-12
46,23,0,6
46,23,1,8
46,24,0,-6
46,25,0,15
46,25,1,-17
46,26,0,-6
46,26,1,8
46,27,0,5
46,27,1,8
46,28,0,-8
46,28,1,-24
46,29,0,-4
46,29,1,16
46,30,0,5
46,30,1,1
46,31,0,-17
46,31,1,19
46,32,0,-8
46,32,1,7
46,33,0,-7
46,33,1,15
46,34,0,13
46,34,1,-23
46,35,0,13
46,35,1,-20
46,36,0,-7
46,36,1,-6
46,37,0,-2
46,37,1,7
46,38,0,-7
46,38,1,9
46,39,0,-7
46,39,1,11
46,40,0,1
46,41,0,-7
46,41,1,9
46,42,0,-7
46,42,1,11
46,43,0,3
46,43,1,13
46,44,0,-1
46,44,1,2
46,45,0,-4
46,45,1,-16
46,46,0,73
46,46,1,22
46,47,0,-11
46,47,1,16
46,48,0,13
46,48,1,-1
46,49,0,-8
46,49,1,9
46,50,0,2
46,50,1,-7
46,51,0,3
46,51,1,2
46,52,0,-15
46,52,1,-18
46,53,0,-12
46,53,1,14
46,54,0,-2
46,54,1,13
46,55,0,4
46,55,1,1
46,56,0,-24
46,56,1,36
46,57,0,2
46,57,1,-9
46,58,0,-5
46,59,0,-3
46,59,1,4
46,60,0,-6
46,60,1,-7
46,61,0,4
46,61,1,-13
46,62,0,4
46,62,1,-14
46,63,0,15
46,63,1,-44
46,64,0,18
46,64,1,-31
46,65,0,-10
46,65,1,9
46,66,0,-28
46,66,1,37
46,67,0,-4
46,67,1,33
46,68,0,11
46,68,1,-27
46,69,1,-12
46,70,0,-7
46,70,1,15
46,71,0,-7
46,71,1,-17
46,72,0,-9
46,72,1,16
46,73,0,8
46,73,1,-7
46,74,0,-3
46,74,1,5
46,75,0,10
46,75,1,11
47,1,0,2
47,2,0,1
47,3,0,-1
47,4,0,1
47,6,0,1
47,7,0,-1
47,8,0,1
47,10,0,-2
47,11,0,1
47,12,0,-9
47,12,1,7
47,13,0,10
47,13,1,-19
47,14,0,-8
47,14,1,44
47,15,0,-7
47,15,1,-10
47,16,0,18
47,16,1,-21
47,17,0,11
47,17,1,-17
47,18,0,5
47,18,1,-5
47,19,0,9
47,19,1,-20
47,20,0,3
47,21,0,9
47,21,1,-33
47,22,0,11
47,22,1,-15
47,23,0,11
47,23,1,4
47,24,0,3
47,25,0,11
47,25,1,-13
47,26,0,11
47,26,1,-30
47,27,0,-2
47,27,1,5
47,28,0,2
47,28,1,25
47,29,0,15
47,29,1,-33
47,30,0,-3
47,30,1,-5
47,31,0,-1
47,31,1,8
47,32,0,20
47,32,1,-39
47,33,0,1
47,33,1,-3
47,34,0,-4
47,34,1,-30
47,35,0,-3
47,35,1,-3
47,36,0,-7
47,36,1,-12
47,37,0,6
47,37,1,-3
47,38,0,3
47,38,1,-1
47,39,0,12
47,39,1,-1
47,40,0,5
47,40,1,-22
47,41,0,1
47,41,1,-10
47,42,0,-9
47,42,1,6
47,43,0,-30
47,43,1,30
47,44,0,6
47,44,1,-38
47,45,0,-6
47,45,1,11
47,46,0,-11
47,46,1,16
47,47,0,91
47,47,1,22
47,48,0,-39
47,48,1,27
47,49,0,11
47,49,1,-13
47,50,0,1
47,50,1,-3
47,51,0,9
47,51,1,-3
47,52,0,10
47,52,1,-10
47,53,0,-2
47,53,1,9
47,54,0,-16
47,54,1,23
47,55,0,3
47,56,0,-11
47,56,1,10
47,57,0,3
47,57,1,23
47,58,0,-10
47,58,1,-5
47,59,0,8
47,59,1,-13
47,60,0,-2
47,60,1,4
47,61,0,6
47,61,1,-3
47,62,0,-1
47,62,1,-5
47,63,0,6
47,63,1,-4
47,64,0,1
47,64,1,4
47,65,0,-10
47,65,1,24
47,66,0,11
47,66,1,-15
47,67,0,7
47,67,1,24
47,68,0,-14
47,68,1,5
47,69,0,6
47,69,1,-13
47,70,0,13
47,70,1,-3
47,71,0,-15
47,71,1,9
47,72,1,3
47,73,1,1
47,74,0,-14
47,74,1,23
47,75,0,-20
47,75,1,-1
48,1,0,-2
48,3,0,-1
48,4,0,-2
48,5,0,-2
48,6,0,2
48,7,0,1
48,8,0,2
48,9,0,1
48,11,0,1
48,12,1,14
48,13,0,-8
48,13,1,2
48,14,0,21
48,14,1,-16
48,15,0,-21
48,15,1,21
48,16,0,-18
48,16,1,15
48,17,0,10
48,17,1,-12
48,18,0,4
48,18,1,-12
48,19,0,-19
48,19,1,22
48,20,0,-3
48,20,1,13
48,21,0,-13
48,21,1,29
48,22,1,-15
48,23,1,20
48,24,0,-5
48,24,1,22
48,25,0,3
48,25,1,-1
48,26,0,-5
48,26,1,9
48,27,0,20
48,27,1,-10
48,28,0,-15
48,28,1,15
48,29,0,-5
48,29,1,-1
48,30,0,2
48,31,0,-6
48,31,1,11
48,32,0,-14
48,32,1,37
48,33,0,15
48,33,1,-22
48,34,0,4
48,34,1,3
48,35,0,2
48,35,1,16
48,36,1,23
48,37,0,1
48,37,1,-12
48,38,0,-1
48,38,1,4
48,39,0,-8
48,39,1,14
48,40,0,-16
48,40,1,26
48,41,0,-1
48,41,1,-30
48,42,0,-14
48,42,1,16
48,43,0,23
48,43,1,-15
48,44,0,-1
48,45,0,-11
48,45,1,27
48,46,0,13
48,46,1,-1
48,47,0,-39
48,47,1,27
48,48,0,93
48,48,1,-3
48,49,0,-12
48,49,1,1
48,50,0,-18
48,50,1,11
48,51,0,-21
48,51,1,12
48,52,0,17
48,52,1,-9
48,53,0,6
48,53,1,-21
48,54,0,6
48,54,1,1
48,55,0,-6
48,55,1,11
48,56,0,-7
48,56,1,4
48,57,0,16
48,57,1,-14
48,58,0,10
48,58,1,-8
48,59,0,3
48,59,1,-13
48,60,0,11
48,60,1,-24
48,61,0,-18
48,61,1,27
48,62,0,-6
48,62,1,-4
48,63,0,30
48,63,1,-42
48,64,0,12
48,64,1,-25
48,65,0,8
48,65,1,-10
48,66,0,-8
48,66,1,-3
48,67,0,-9
48,67,1,19
48,68,0,7
48,68,1,-4
48,69,0,-10
48,69,1,1
48,70,0,-13
48,70,1,11
48,71,0,11
48,71,1,-26
48,72,0,-4
48,72,1,7
48,73,0,-6
48,73,1,10
48,74,0,-6
48,74,1,-9
48,75,0,8
48,75,1,13
49,1,0,2
49,2,0,-1
49,4,0,-1
49,5,0,1
49,6,0,1
49,8,0,-2
49,9,0,1
49,10,0,-2
49,11,0,-1
49,12,0,-8
49,12,1,29
49,13,0,-4
49,13,1,2
49,14,0,-3
49,14,1,21
49,15,0,14
49,15,1,10
49,16,0,-7
49,16,1,-25
49,17,0,-8
49,17,1,-9
49,18,0,8
49,18,1,-15
49,19,0,25
49,19,1,-38
49,20,0,14
49,20,1,-22
49,21,0,3
49,21,1,-23
49,22,0,7
49,22,1,18
49,23,0,-3
49,23,1,-10
49,24,0,5
49,24,1,-20
49,25,0,8
49,25,1,-12
49,26,0,9
49,26,1,-4
49,27,0,12
49,27,1,-18
49,28,0,-9
49,28,1,10
49,29,0,4
49,29,1,-13
49,30,0,-8
49,30,1,23
49,31,0,-11
49,31,1,22
49,32,0,16
49,32,1,-17
49,33,0,-26
49,33,1,13
49,34,0,-15
49,34,1,18
49,35,0,4
49,35,1,-18
49,36,1,2
49,37,0,-7
49,37,1,6
49,38,0,2
49,38,1,2
49,39,0,6
49,39,1,14
49,40,0,23
49,40,1,-42
49,41,0,1
49,41,1,19
49,42,0,11
49,42,1,-12
49,43,0,4
49,43,1,-10
49,44,0,-2
49,44,1,-14
49,45,0,-1
49,45,1,6
49,46,0,-8
49,46,1,9
49,47,0,11
49,47,1,-13
49,48,0,-12
49,48,1,1
49,49,0,85
49,49,1,10
49,50,0,3
49,50,1,18
49,51,0,8
49,51,1,-16
49,52,0,21
49,52,1,-50
49,53,0,11
49,53,1,7
49,54,0,-6
49,54,1,-3
49,55,0,3
49,55,1,-3
49,56,0,4
49,56,1,-13
49,57,0,-6
49,57,1,18
49,58,0,-4
49,58,1,19
49,59,0,10
49,59,1,1
49,60,0,-11
49,60,1,32
49,61,0,20
49,61,1,-39
49,62,0,-8
49,62,1,6
49,63,0,-4
49,63,1,-1
49,64,0,-12
49,64,1,10
49,65,0,-4
49,65,1,-1
49,66,0,3
49,66,1,-18
49,67,0,5
49,67,1,-14
49,68,0,-11
49,68,1,17
49,69,0,15
49,69,1,-18
49,70,0,-18
49,70,1,10
49,71,0,-2
49,71,1,-8
49,72,0,16
49,72,1,-25
49,73,0,-9
49,73,1,12
49,74,0,-1
49,74,1,-7
49,75,0,11
49,75,1,-6
50,1,0,-2
50,2,0,-1
50,3,0,1
50,4,0,1
50,5,0,1
50,6,0,-2
50,7,0,-1
50,8,0,2
50,9,0,-1
50,10,0,-1
50,11,0,1
50,12,0,-1
50,12,1,3
50,13,0,13
50,14,0,16
50,14,1,-9
50,15,0,16
50,15,1,-17
50,16,0,21
50,16,1,-29
50,17,0,-6
50,17,1,16
50,18,0,-1
50,18,1,18
50,19,0,2
50,19,1,-1
50,20,0,1
50,20,1,-7
50,21,0,-10
50,21,1,8
50,22,0,7
50,22,1,-14
50,23,0,24
50,23,1,-38
50,24,0,2
50,24,1,-27
50,25,0,14
50,25,1,-27
50,26,0,-10
50,26,1,-1
50,27,0,25
50,27,1,-21
50,28,0,-16
50,28,1,11
50,29,0,-1
50,29,1,-3
50,30,0,-27
50,30,1,27
50,31,0,6
50,31,1,-24
50,32,0,10
50,32,1,-21
50,33,0,9
50,33,1,-10
50,34,0,27
50,34,1,-35
50,35,0,5
50,35,1,13
50,36,0,21
50,36,1,-24
50,37,0,-7
50,37,1,-15
50,38,0,-9
50,38,1,8
50,39,0,10
50,39,1,-8
50,40,0,4
50,40,1,13
50,41,0,-2
50,41,1,20
50,42,0,-2
50,42,1,-1
50,43,0,-6
50,43,1,-2
50,44,0,7
50,44,1,-29
50,45,0,10
50,45,1,-9
50,46,0,2
50,46,1,-7
50,47,0,1
50,47,1,-3
50,48,0,-18
50,48,1,11
50,49,0,3
50,49,1,18
50,50,0,91
50,50,1,5
50,51,0,-13
50,51,1,6
50,52,0,-21
50,52,1,16
50,53,0,-10
50,53,1,12
50,54,0,-21
50,54,1,-17
50,55,0,13
50,55,1,-31
50,56,0,-11
50,56,1,10
50,57,0,-3
50,57,1,12
50,58,0,8
50,58,1,-4
50,59,0,-10
50,59,1,13
50,60,0,16
50,60,1,-26
50,61,0,6
50,61,1,-2
50,62,0,40
50,62,1,-45
50,63,0,-10
50,63,1,5
50,64,0,1
50,64,1,-5
50,65,0,-7
50,65,1,35
50,66,0,28
50,66,1,-25
50,67,0,-2
50,67,1,-14
50,68,0,-8
50,68,1,30
50,69,0,7
50,69,1,19
50,70,0,-17
50,70,1,10
50,71,0,-12
50,71,1,12
50,72,0,-9
50,72,1,9
50,73,0,-17
50,73,1,23
50,74,0,-7
50,74,1,28
50,75,0,8
50,75,1,-39
51,1,0,1
51,3,0,-2
51,4,0,2
51,5,0,1
51,8,0,1
51,9,0,1
51,10,0,-1
51,11,0,2
51,12,0,-3
51,12,1,7
51,13,0,-4
51,13,1,9
51,14,0,-14
51,14,1,16
51,15,0,2
51,15,1,-11
51,16,0,-22
51,16,1,40
51,17,0,-10
51,17,1,7
51,18,0,10
51,18,1,-3
51,19,0,8
51,19,1,11
51,20,0,-2
51,20,1,11
51,21,0,-2
51,21,1,10
51,22,0,-17
51,22,1,13
51,23,0,-7
51,23,1,-14
51,24,0,-12
51,24,1,42
51,25,0,11
51,25,1,-24
51,26,0,4
51,26,1,-10
51,27,0,-31
51,27,1,37
51,28,0,2
51,28,1,-16
51,29,0,12
51,29,1,5
51,30,0,13
51,30,1,-16
51,31,0,2
51,31,1,-3
51,32,0,-4
51,32,1,10
51,33,0,-30
51,33,1,52
51,34,0,-20
51,34,1,13
51,35,0,18
51,35,1,-15
51,36,0,13
51,36,1,-25
51,37,0,-6
51,37,1,11
51,38,0,-3
51,38,1,20
51,39,0,4
51,39,1,16
51,40,0,-9
51,40,1,-5
51,41,0,12
51,41,1,6
51,42,0,8
51,42,1,-13
51,43,0,-11
51,43,1,11
51,44,0,-12
51,44,1,9
51,45,0,-15
51,45,1,-3
51,46,0,3
51,46,1,2
51,47,0,9
51,47,1,-3
51,48,0,-21
51,48,1,12
51,49,0,8
51,49,1,-16
51,50,0,-13
51,50,1,6
51,51,0,107
51,51,1,-18
51,52,0,-22
51,52,1,28
51,53,0,21
51,53,1,-36
51,54,0,-30
51,54,1,30
51,55,0,27
51,55,1,-41
51,56,0,3
51,56,1,-13
51,57,0,15
51,57,1,-15
51,58,0,-36
51,58,1,31
51,59,0,-25
51,59,1,25
51,60,0,-24
51,60,1,28
51,61,0,-2
51,61,1,17
51,62,0,-21
51,62,1,17
51,63,0,3
51,63,1,-10
51,64,0,5
51,64,1,-3
51,65,0,-16
51,65,1,10
51,66,0,3
51,66,1,3
51,67,0,34
51,67,1,-51
51,68,0,15
51,68,1,-19
51,69,0,3
51,69,1,5
51,70,0,7
51,70,1,13
51,71,0,-5
51,71,1,8
51,72,0,16
51,72,1,-25
51,73,0,-7
51,73,1,12
51,74,0,-11
51,74,1,-2
51,75,0,14
51,75,1,-24
52,1,0,-1
52,2,0,1
52,4,0,-1
52,5,0,1
52,6,0,1
52,7,0,-2
52,8,0,2
52,9,0,1
52,11,0,1
52,12,0,23
52,12,1,-27
52,13,0,11
52,13,1,-10
52,14,0,1
52,14,1,-26
52,15,0,-19
52,15,1,-3
52,16,0,-9
52,16,1,38
52,17,0,25
52,17,1,-14
52,18,0,13
52,18,1,5
52,19,0,3
52,19,1,-3
52,20,0,2
52,20,1,10
52,21,0,10
52,21,1,-25
52,22,0,-9
52,22,1,11
52,23,0,-3
52,23,1,8
52,24,0,-14
52,24,1,28
52,25,0,-9
52,25,1,6
52,26,0,10
52,26,1,-14
52,27,0,-14
52,27,1,14
52,28,0,-2
52,28,1,27
52,29,0,-7
52,29,1,11
52,30,0,5
52,30,1,-6
52,31,0,-8
52,31,1,-2
52,32,0,20
52,32,1,2
52,33,0,-1
52,33,1,2
52,34,0,-26
52,34,1,25
52,35,0,-15
52,35,1,14
52,36,0,-11
52,37,0,7
52,37,1,-22
52,38,0,-4
52,39,0,5
52,39,1,-20
52,40,0,1
52,40,1,-8
52,41,0,17
52,41,1,-39
52,42,0,-11
52,42,1,2
52,43,0,9
52,43,1,-15
52,44,0,-11
52,44,1,4
52,45,0,-23
52,45,1,20
52,46,0,-15
52,46,1,-18
52,47,0,10
52,47,1,-10
52,48,0,17
52,48,1,-9
52,49,0,21
52,49,1,-50
52,50,0,-21
52,50,1,16
52,51,0,-22
52,51,1,28
52,52,0,119
52,52,1,-28
52,53,0,4
52,53,1,-16
52,54,0,-15
52,54,1,13
52,55,0,-18
52,55,1,8
52,56,0,4
52,56,1,-6
52,57,0,-22
52,57,1,25
52,58,0,3
52,58,1,4
52,59,0,23
52,59,1,-43
52,60,0,4
52,60,1,14
52,61,0,-7
52,61,1,3
52,62,0,-33
52,62,1,40
52,63,0,3
52,64,0,-12
52,64,1,18
52,65,1,2
52,66,0,-9
52,66,1,-11
52,67,0,-7
52,67,1,14
52,68,0,-11
52,68,1,8
52,69,0,-12
52,69,1,11
52,70,0,16
52,70,1,-41
52,71,0,-3
52,71,1,16
52,72,0,-8
52,72,1,10
52,73,0,5
52,73,1,6
52,74,0,11
52,74,1,-31
52,75,1,-3
53,1,0,2
53,3,0,1
53,4,0,-1
53,5,0,-2
53,6,0,2
53,7,0,-2
53,8,0,-2
53,9,0,-1
53,10,0,-2
53,11,0,2
53,12,0,24
53,12,1,-24
53,13,0,2
53,13,1,5
53,14,0,3
53,14,1,13
53,15,1,7
53,16,0,-22
53,16,1,8
53,17,0,8
53,17,1,-19
53,18,0,-15
53,18,1,-3
53,19,0,23
53,19,1,-17
53,20,0,-5
53,20,1,-1
53,21,0,11
53,21,1,-10
53,22,1,-3
53,23,0,-9
53,23,1,9
53,24,0,2
53,24,1,-10
53,25,0,3
53,25,1,-25
53,26,0,5
53,26,1,-12
53,27,0,-19
53,27,1,10
53,28,0,-9
53,28,1,19
53,29,0,-7
53,29,1,-10
53,30,0,5
53,30,1,-5
53,31,0,4
53,31,1,-3
53,32,0,-19
53,32,1,22
53,33,0,-43
53,33,1,38
53,34,0,-4
53,34,1,21
53,35,0,-5
53,35,1,5
53,36,0,6
53,36,1,-11
53,37,0,-20
53,37,1,-1
53,38,0,-7
53,38,1,20
53,39,0,-4
53,39,1,6
53,40,0,-15
53,40,1,10
53,41,0,5
53,41,1,-11
53,42,0,11
53,42,1,-26
53,43,0,-12
53,43,1,-6
53,44,0,1
53,44,1,-4
53,45,0,-15
53,45,1,35
53,46,0,-12
53,46,1,14
53,47,0,-2
53,47,1,9
53,48,0,6
53,48,1,-21
53,49,0,11
53,49,1,7
53,50,0,-10
53,50,1,12
53,51,0,21
53,51,1,-36
53,52,0,4
53,52,1,-16
53,53,0,93
53,53,1,23
53,54,0,5
53,54,1,-35
53,55,0,-14
53,56,0,11
53,56,1,8
53,57,0,7
53,57,1,-22
53,58,0,-1
53,58,1,17
53,59,0,18
53,59,1,-20
53,60,0,-11
53,60,1,2
53,61,0,-1
53,61,1,1
53,62,0,-26
53,62,1,33
53,63,0,-11
53,63,1,-7
53,64,0,5
53,64,1,-1
53,65,0,-19
53,65,1,35
53,66,1,-10
53,67,0,25
53,67,1,-33
53,68,0,-21
53,68,1,25
53,69,0,-9
53,69,1,9
53,70,0,-37
53,70,1,30
53,71,0,-6
53,71,1,12
53,72,0,-2
53,72,1,10
53,73,0,7
53,73,1,-17
53,74,0,-9
53,74,1,12
53,75,0,19
53,75,1,-19
54,1,0,-2
54,2,0,2
54,3,0,1
54,4,0,1
54,5,0,-2
54,6,0,1
54,7,0,2
54,8,0,-1
54,9,0,-1
54,10,0,1
54,11,0,2
54,12,0,8
54,12,1,-2
54,13,0,1
54,13,1,-23
54,14,0,10
54,14,1,-11
54,15,0,25
54,15,1,-20
54,16,0,8
54,16,1,12
54,17,0,2
54,17,1,-16
54,18,0,-14
54,18,1,13
54,19,0,14
54,19,1,-20
54,20,0,-20
54,20,1,17
54,21,0,27
54,21,1,-14
54,22,0,10
54,22,1,-14
54,23,1,9
54,24,0,7
54,24,1,2
54,25,0,-17
54,25,1,52
54,26,0,-5
54,26,1,-8
54,27,0,7
54,27,1,-2
54,28,0,16
54,28,1,-15
54,29,0,-13
54,29,1,3
54,30,0,5
54,30,1,-6
54,31,0,-5
54,31,1,18
54,32,0,-2
54,32,1,-6
54,33,0,21
54,33,1,-18
54,34,0,10
54,34,1,-6
54,35,1,2
54,36,0,-1
54,36,1,2
54,38,0,-3
54,38,1,8
54,39,0,-40
54,39,1,23
54,40,0,-5
54,40,1,17
54,41,0,-5
54,41,1,-1
54,42,0,9
54,42,1,12
54,43,0,5
54,43,1,-12
54,44,0,-3
54,44,1,6
54,45,0,22
54,45,1,-31
54,46,0,-2
54,46,1,13
54,47,0,-16
54,47,1,23
54,48,0,6
54,48,1,1
54,49,0,-6
54,49,1,-3
54,50,0,-21
54,50,1,-17
54,51,0,-30
54,51,1,30
54,52,0,-15
54,52,1,13
54,53,0,5
54,53,1,-35
54,54,0,105
54,54,1,3
54,55,0,-23
54,55,1,38
54,56,0,6
54,56,1,-9
54,57,0,10
54,57,1,3
54,58,0,-7
54,59,0,-2
54,59,1,36
54,60,0,1
54,60,1,8
54,61,0,-2
54,61,1,3
54,62,0,-19
54,62,1,17
54,63,0,2
54,63,1,5
54,64,0,3
54,64,1,3
54,65,0,7
54,65,1,-5
54,66,0,6
54,66,1,-1
54,67,0,-22
54,67,1,44
54,68,0,-3
54,68,1,-10
54,69,0,16
54,69,1,-21
54,70,0,-18
54,70,1,51
54,71,0,-6
54,71,1,5
54,72,0,-9
54,72,1,3
54,73,0,1
54,73,1,-8
54,74,0,8
54,74,1,3
54,75,1,8
55,1,0,-1
55,3,0,2
55,4,0,-2
55,7,0,1
55,8,0,-1
55,9,0,-2
55,10,0,-1
55,11,0,-1
55,12,0,12
55,12,1,-4
55,13,0,-2
55,13,1,-17
55,14,0,-7
55,14,1,21
55,15,0,-14
55,15,1,19
55,16,0,35
55,16,1,-40
55,17,0,-21
55,17,1,28
55,18,1,-5
55,19,0,1
55,19,1,-1
55,20,0,8
55,20,1,-9
55,21,0,3
55,21,1,-19
55,22,0,-11
55,22,1,12
55,23,0,-1
55,23,1,20
55,24,0,-16
55,24,1,20
55,25,0,1
55,25,1,10
55,26,0,-3
55,26,1,-13
55,27,0,-2
55,27,1,19
55,28,0,-5
55,28,1,6
55,29,0,4
55,29,1,3
55,30,0,-22
55,30,1,29
55,31,0,-1
55,31,1,3
55,32,0,-1
55,32,1,8
55,33,0,-31
55,33,1,27
55,34,0,-2
55,34,1,-13
55,35,0,-6
55,35,1,15
55,36,0,20
55,36,1,-20
55,37,0,-20
55,37,1,36
55,38,0,-19
55,38,1,31
55,39,0,13
55,39,1,-9
55,40,0,-9
55,40,1,8
55,41,0,-4
55,41,1,-19
55,42,0,-8
55,42,1,21
55,43,0,-22
55,43,1,23
55,44,0,-27
55,44,1,16
55,45,0,-11
55,45,1,9
55,46,0,4
55,46,1,1
55,47,0,3
55,48,0,-6
55,48,1,11
55,49,0,3
55,49,1,-3
55,50,0,13
55,50,1,-31
55,51,0,27
55,51,1,-41
55,52,0,-18
55,52,1,8
55,53,0,-14
55,54,0,-23
55,54,1,38
55,55,0,118
55,55,1,-30
55,56,0,-8
55,56,1,-1
55,57,0,7
55,57,1,-2
55,58,0,16
55,58,1,-19
55,59,0,-11
55,59,1,36
55,60,0,2
55,60,1,12
55,61,0,5
55,62,0,-9
55,62,1,-14
55,63,0,-10
55,63,1,10
55,64,0,3
55,64,1,9
55,65,0,17
55,65,1,-1
55,66,0,9
55,66,1,-30
55,67,0,2
55,67,1,-1
55,68,0,-1
55,68,1,-6
55,69,0,15
55,69,1,-38
55,70,0,14
55,70,1,3
55,71,0,-19
55,71,1,-1
55,72,0,-24
55,72,1,32
55,73,0,19
55,73,1,-16
55,74,0,16
55,74,1,-24
55,75,0,13
55,75,1,-18
56,2,0,-1
56,4,0,2
56,6,0,2
56,7,0,2
56,8,0,-2
56,10,0,2
56,11,0,-2
56,12,0,-6
56,12,1,-3
56,13,1,-11
56,14,0,-12
56,14,1,20
56,15,0,1
56,15,1,-7
56,16,0,-20
56,16,1,10
56,17,0,3
56,17,1,-6
56,18,0,4
56,18,1,-1
56,19,0,-10
56,19,1,19
56,20,0,-30
56,20,1,31
56,21,0,10
56,21,1,-7
56,22,0,-6
56,22,1,4
56,23,0,-2
56,23,1,12
56,24,0,1
56,24,1,8
56,25,0,-4
56,25,1,3
56,26,0,18
56,26,1,-14
56,27,0,-7
56,27,1,19
56,28,0,5
56,28,1,-30
56,29,0,-4
56,29,1,-16
56,30,0,27
56,30,1,-30
56,31,0,10
56,31,1,-4
56,32,0,-1
56,32,1,12
56,33,0,-6
56,33,1,2
56,34,0,-9
56,34,1,13
56,35,0,-12
56,35,1,20
56,36,0,-8
56,36,1,2
56,37,0,-4
56,37,1,-3
56,38,0,-5
56,38,1,-14
56,39,0,-1
56,39,1,12
56,40,1,-13
56,41,0,4
56,41,1,7
56,42,0,6
56,42,1,-22
56,43,0,-19
56,43,1,31
56,44,0,7
56,44,1,-5
56,45,0,9
56,45,1,-9
56,46,0,-24
56,46,1,36
56,47,0,-11
56,47,1,10
56,48,0,-7
56,48,1,4
56,49,0,4
56,49,1,-13
56,50,0,-11
56,50,1,10
56,51,0,3
56,51,1,-13
56,52,0,4
56,52,1,-6
56,53,0,11
56,53,1,8
56,54,0,6
56,54,1,-9
56,55,0,-8
56,55,1,-1
56,56,0,97
56,56,1,-7
56,57,0,-22
56,57,1,21
56,58,0,8
56,58,1,-29
56,59,0,-2
56,60,0,-9
56,60,1,3
56,61,0,11
56,61,1,-18
56,62,0,8
56,62,1,-27
56,63,0,-7
56,63,1,-1
56,64,0,-12
56,64,1,9
56,65,0,27
56,65,1,9
56,66,0,16
56,66,1,-20
56,67,0,-9
56,67,1,14
56,68,0,9
56,68,1,-3
56,69,0,-2
56,69,1,18
56,70,0,7
56,70,1,-32
56,71,0,-5
56,71,1,7
56,72,0,14
56,72,1,10
56,73,0,6
56,73,1,-9
56,74,0,10
56,74,1,10
56,75,0,12
56,75,1,-22
57,1,0,-2
57,2,0,-2
57,3,0,-1
57,4,0,-1
57,5,0,2
57,6,0,2
57,7,0,-2
57,9,0,-1
57,10,0,1
57,11,0,-1
57,12,0,8
57,12,1,-4
57,13,0,-10
57,13,1,-7
57,14,0,32
57,14,1,-24
57,15,0,-1
57,15,1,6
57,16,0,-1
57,16,1,7
57,17,0,13
57,17,1,-19
57,18,0,-13
57,18,1,17
57,19,0,-6
57,19,1,-7
57,20,0,4
57,20,1,-5
57,21,0,-23
57,21,1,13
57,22,0,-2
57,22,1,6
57,23,0,6
57,23,1,-11
57,24,0,3
57,24,1,-8
57,25,0,-6
57,25,1,18
57,26,0,-23
57,26,1,33
57,27,0,10
57,28,0,-5
57,28,1,6
57,29,0,18
57,29,1,-27
57,30,0,-8
57,30,1,32
57,31,0,12
57,31,1,-16
57,32,0,7
57,32,1,-15
57,33,0,-4
57,33,1,-15
57,34,0,4
57,34,1,-20
57,35,0,5
57,36,0,8
57,36,1,9
57,37,0,-1
57,37,1,4
57,38,0,-1
57,39,0,-14
57,39,1,25
57,40,0,8
57,40,1,-10
57,41,0,14
57,41,1,1
57,42,0,16
57,42,1,-28
57,43,0,10
57,43,1,-14
57,44,0,-11
57,44,1,-1
57,45,0,-7
57,45,1,5
57,46,0,2
57,46,1,-9
57,47,0,3
57,47,1,23
57,48,0,16
57,48,1,-14
57,49,0,-6
57,49,1,18
57,50,0,-3
57,50,1,12
57,51,0,15
57,51,1,-15
57,52,0,-22
57,52,1,25
57,53,0,7
57,53,1,-22
57,54,0,10
57,54,1,3
57,55,0,7
57,55,1,-2
57,56,0,-22
57,56,1,21
57,57,0,98
57,57,1,-2
57,58,0,-29
57,58,1,34
57,59,0,-2
57,59,1,4
57,60,0,-1
57,60,1,3
57,61,0,-3
57,61,1,4
57,62,0,-12
57,62,1,-3
57,63,0,5
57,63,1,3
57,64,0,-1
57,64,1,-19
57,65,0,1
57,65,1,19
57,66,1,-12
57,67,0,12
57,67,1,-4
57,68,0,-2
57,68,1,8
57,69,0,-6
57,69,1,6
57,70,0,-23
57,70,1,20
57,71,0,-7
57,71,1,18
57,72,0,-4
57,72,1,21
57,73,0,-19
57,73,1,29
57,74,0,-10
57,74,1,9
57,75,0,-10
57,75,1,-7
58,1,0,-1
58,2,0,2
58,3,0,-1
58,4,0,-1
58,5,0,1
58,6,0,-1
58,8,0,1
58,9,0,2
58,10,0,2
58,11,0,-2
58,12,0,-27
58,12,1,37
58,13,0,5
58,13,1,10
58,14,0,-3
58,14,1,6
58,15,0,-22
58,15,1,38
58,16,0,9
58,16,1,10
58,17,0,-30
58,17,1,57
58,18,0,12
58,18,1,-7
58,19,0,-9
58,19,1,-11
58,20,0,11
58,20,1,-5
58,21,0,8
58,21,1,-31
58,22,0,11
58,22,1,9
58,23,0,-4
58,23,1,-17
58,24,0,-2
58,24,1,-17
58,25,0,-3
58,25,1,-1
58,26,0,18
58,26,1,5
58,27,0,18
58,27,1,-28
58,28,0,3
58,28,1,21
58,29,0,9
58,29,1,-33
58,30,0,19
58,30,1,4
58,31,0,28
58,31,1,-33
58,32,0,-15
58,32,1,17
58,33,0,-12
58,34,0,9
58,34,1,13
58,35,0,-17
58,35,1,21
58,36,0,-13
58,36,1,24
58,37,0,3
58,37,1,7
58,38,0,-2
58,38,1,18
58,39,0,-3
58,39,1,-11
58,40,0,-21
58,40,1,12
58,41,0,-29
58,41,1,17
58,42,0,-5
58,42,1,-10
58,43,0,-10
58,44,0,-10
58,44,1,5
58,45,0,2
58,45,1,5
58,46,0,-5
58,47,0,-10
58,47,1,-5
58,48,0,10
58,48,1,-8
58,49,0,-4
58,49,1,19
58,50,0,8
58,50,1,-4
58,51,0,-36
58,51,1,31
58,52,0,3
58,52,1,4
58,53,0,-1
58,53,1,17
58,54,0,-7
58,55,0,16
58,55,1,-19
58,56,0,8
58,56,1,-29
58,57,0,-29
58,57,1,34
58,58,0,132
58,58,1,-32
58,59,0,-1
58,59,1,2
58,60,0,12
58,60,1,-18
58,61,0,3
58,61,1,-18
58,62,0,4
58,62,1,4
58,63,0,13
58,63,1,-11
58,64,0,6
58,64,1,-25
58,65,0,3
58,65,1,-22
58,66,0,-1
58,66,1,-11
58,67,0,-16
58,67,1,9
58,68,0,-16
58,68,1,23
58,69,0,-11
58,69,1,5
58,70,0,11
58,70,1,-22
58,71,0,5
58,71,1,2
58,72,0,3
58,72,1,5
58,73,0,1
58,73,1,1
58,74,0,-2
58,74,1,9
58,75,0,22
58,75,1,-31
59,1,0,2
59,2,0,-1
59,3,0,1
59,5,0,-1
59,6,0,-1
59,7,0,1
59,8,0,2
59,9,0,2
59,10,0,1
59,11,0,-2
59,12,0,1
59,12,1,-1
59,13,0,-8
59,13,1,-7
59,14,0,3
59,14,1,9
59,15,0,7
59,15,1,-11
59,16,0,7
59,16,1,-22
59,17,0,8
59,17,1,-26
59,18,0,15
59,18,1,-3
59,19,0,3
59,19,1,-3
59,20,0,15
59,20,1,-21
59,21,0,4
59,21,1,-18
59,22,0,-2
59,22,1,12
59,23,0,-5
59,23,1,23
59,24,0,9
59,24,1,-23
59,25,0,10
59,25,1,8
59,26,0,-6
59,26,1,-20
59,27,0,10
59,27,1,5
59,28,0,13
59,28,1,-23
59,29,0,14
59,29,1,-21
59,30,0,-5
59,30,1,-9
59,31,0,-10
59,31,1,25
59,33,0,-7
59,33,1,9
59,34,0,11
59,34,1,-6
59,35,0,5
59,35,1,20
59,36,1,8
59,37,0,4
59,37,1,5
59,38,0,8
59,38,1,13
59,39,0,4
59,39,1,-12
59,40,0,-6
59,40,1,18
59,41,0,-18
59,41,1,35
59,42,0,-8
59,42,1,-3
59,43,0,20
59,43,1,-54
59,44,0,10
59,44,1,-4
59,45,0,-14
59,45,1,20
59,46,0,-3
59,46,1,4
59,47,0,8
59,47,1,-13
59,48,0,3
59,48,1,-13
59,49,0,10
59,49,1,1
59,50,0,-10
59,50,1,13
59,51,0,-25
59,51,1,25
59,52,0,23
59,52,1,-43
59,53,0,18
59,53,1,-20
59,54,0,-2
59,54,1,36
59,55,0,-11
59,55,1,36
59,56,0,-2
59,57,0,-2
59,57,1,4
59,58,0,-1
59,58,1,2
59,59,0,82
59,59,1,42
59,60,0,-5
59,60,1,3
59,61,0,-11
59,61,1,9
59,62,0,-27
59,62,1,20
59,63,0,-9
59,63,1,10
59,64,0,6
59,64,1,5
59,65,0,-2
59,65,1,14
59,66,0,-9
59,66,1,14
59,67,0,5
59,67,1,6
59,68,0,-6
59,68,1,-5
59,69,0,7
59,69,1,18
59,70,0,-14
59,70,1,25
59,71,0,-7
59,71,1,21
59,72,0,-2
59,72,1,-6
59,73,0,8
59,73,1,-36
59,74,0,-8
59,74,1,32
59,75,0,-7
59,75,1,-16
60,1,0,1
60,2,0,-1
60,3,0,1
60,4,0,-2
60,5,0,-1
60,7,0,1
60,8,0,-2
60,9,0,2
60,10,0,-2
60,12,0,-2
60,12,1,2
60,13,0,-2
60,13,1,12
60,14,0,-1
60,14,1,-12
60,15,0,-8
60,15,1,-9
60,16,0,6
60,16,1,-12
60,17,0,18
60,17,1,-16
60,18,0,-15
60,18,1,12
60,19,0,-16
60,19,1,5
60,20,0,6
60,20,1,-10
60,21,0,4
60,21,1,-4
60,22,0,-5
60,22,1,4
60,23,0,-5
60,23,1,3
60,24,0,-2
60,24,1,15
60,25,0,-11
60,25,1,26
60,26,0,3
60,26,1,-1
60,27,0,12
60,27,1,-9
60,28,0,17
60,28,1,-13
60,29,0,2
60,29,1,9
60,30,0,-18
60,30,1,30
60,31,0,13
60,31,1,-1
60,32,0,-11
60,32,1,16
60,33,0,15
60,33,1,-26
60,34,0,9
60,34,1,-7
60,35,0,-18
60,35,1,12
60,36,0,19
60,36,1,-49
60,37,0,-6
60,37,1,10
60,38,1,-18
60,39,0,22
60,39,1,4
60,40,0,6
60,40,1,-28
60,41,0,-5
60,41,1,-6
60,42,0,-16
60,42,1,48
60,43,0,8
60,43,1,-11
60,44,0,-5
60,44,1,10
60,45,0,15
60,45,1,-33
60,46,0,-6
60,46,1,-7
60,47,0,-2
60,47,1,4
60,48,0,11
60,48,1,-24
60,49,0,-11
60,49,1,32
60,50,0,16
60,50,1,-26
60,51,0,-24
60,51,1,28
60,52,0,4
60,52,1,14
60,53,0,-11
60,53,1,2
60,54,0,1
60,54,1,8
60,55,0,2
60,55,1,12
60,56,0,-9
60,56,1,3
60,57,0,-1
60,57,1,3
60,58,0,12
60,58,1,-18
60,59,0,-5
60,59,1,3
60,60,0,95
60,60,1,26
60,61,0,-13
60,62,0,11
60,62,1,-31
60,63,0,14
60,63,1,-19
60,64,0,-16
60,64,1,20
60,65,0,-7
60,65,1,8
60,66,0,-2
60,66,1,3
60,67,0,13
60,67,1,9
60,68,0,3
60,68,1,22
60,69,0,7
60,69,1,-12
60,70,0,19
60,70,1,-47
60,71,0,-16
60,71,1,2
60,72,0,-12
60,72,1,2
60,73,0,-16
60,73,1,21
60,74,0,9
60,74,1,-43
60,75,0,-14
60,75,1,17
61,1,0,-2
61,2,0,-2
61,4,0,2
61,5,0,-1
61,7,0,2
61,8,0,2
61,9,0,-2
61,10,0,-1
61,11,0,-2
61,12,0,-3
61,12,1,4
61,13,0,3
61,13,1,11
61,14,0,4
61,14,1,-19
61,15,0,12
61,15,1,-11
61,16,0,16
61,16,1,-15
61,17,0,-2
61,17,1,-9
61,18,0,-6
61,18,1,15
61,19,0,5
61,19,1,5
61,20,0,-3
61,21,0,-15
61,21,1,39
61,22,0,-17
61,22,1,1
61,23,0,13
61,23,1,-4
61,24,0,-4
61,24,1,9
61,25,0,12
61,26,0,6
61,26,1,-5
61,27,0,-14
61,27,1,15
61,28,0,7
61,28,1,-9
61,29,0,-9
61,29,1,-2
61,30,0,-2
61,30,1,12
61,31,0,-6
61,31,1,1
61,32,0,10
61,32,1,-9
61,33,0,-8
61,33,1,29
61,34,0,-20
61,34,1,11
61,35,0,17
61,35,1,1
61,36,0,-10
61,36,1,9
61,37,0,7
61,37,1,-5
61,38,0,-6
61,38,1,30
61,39,0,-2
61,39,1,17
61,40,0,5
61,40,1,1
61,41,0,4
61,41,1,-3
61,42,0,28
61,42,1,-33
61,43,0,-7
61,43,1,11
61,44,0,25
61,44,1,-33
61,45,0,5
61,45,1,9
61,46,0,4
61,46,1,-13
61,47,0,6
61,47,1,-3
61,48,0,-18
61,48,1,27
61,49,0,20
61,49,1,-39
61,50,0,6
61,50,1,-2
61,51,0,-2
61,51,1,17
61,52,0,-7
61,52,1,3
61,53,0,-1
61,53,1,1
61,54,0,-2
61,54,1,3
61,55,0,5
61,56,0,11
61,56,1,-18
61,57,0,-3
61,57,1,4
61,58,0,3
61,58,1,-18
61,59,0,-11
61,59,1,9
61,60,0,-13
61,61,0,93
61,61,1,8
61,62,0,2
61,62,1,-14
61,63,0,-6
61,63,1,24
61,64,0,-2
61,64,1,24
61,65,0,-5
61,65,1,7
61,66,0,-5
61,66,1,14
61,67,0,-22
61,67,1,13
61,68,0,-7
61,69,0,-15
61,69,1,3
61,70,0,-1
61,70,1,4
61,71,0,11
61,72,0,9
61,72,1,-14
61,73,0,-16
61,73,1,20
61,74,0,-12
61,74,1,22
61,75,0,-1
61,75,1,5
62,1,0,-2
62,2,0,-1
62,3,0,-2
62,4,0,2
62,5,0,1
62,7,0,1
62,8,0,2
62,9,0,2
62,10,0,-2
62,11,0,-1
62,12,0,-13
62,12,1,1
62,13,0,2
62,13,1,3
62,14,0,-4
62,14,1,1
62,15,0,12
62,15,1,-4
62,16,0,15
62,16,1,5
62,17,0,3
62,17,1,-4
62,18,0,-7
62,18,1,-1
62,19,0,-17
62,19,1,29
62,20,0,-16
62,20,1,-5
62,21,0,-16
62,21,1,14
62,22,0,14
62,22,1,-16
62,23,0,8
62,23,1,-18
62,24,0,8
62,24,1,-10
62,25,0,9
62,25,1,-18
62,26,0,10
62,26,1,-14
62,27,0,25
62,27,1,-39
62,28,0,-9
62,28,1,22
62,29,0,8
62,29,1,-10
62,30,0,-5
62,30,1,-3
62,31,0,11
62,31,1,-20
62,32,0,2
62,32,1,4
62,33,0,36
62,33,1,-31
62,34,0,16
62,34,1,-15
62,35,0,-7
62,35,1,-3
62,36,0,13
62,36,1,2
62,37,0,15
62,37,1,-21
62,38,0,6
62,38,1,-8
62,39,0,-2
62,39,1,-14
62,40,0,9
62,40,1,-10
62,41,0,13
62,41,1,-22
62,42,0,-13
62,42,1,26
62,43,0,-6
62,43,1,-4
62,44,0,26
62,44,1,-40
62,45,0,14
62,45,1,-6
62,46,0,4
62,46,1,-14
62,47,0,-1
62,47,1,-5
62,48,0,-6
62,48,1,-4
62,49,0,-8
62,49,1,6
62,50,0,40
62,50,1,-45
62,51,0,-21
62,51,1,17
62,52,0,-33
62,52,1,40
62,53,0,-26
62,53,1,33
62,54,0,-19
62,54,1,17
62,55,0,-9
62,55,1,-14
62,56,0,8
62,56,1,-27
62,57,0,-12
62,57,1,-3
62,58,0,4
62,58,1,4
62,59,0,-27
62,59,1,20
62,60,0,11
62,60,1,-31
62,61,0,2
62,61,1,-14
62,62,0,102
62,62,1,-14
62,63,1,-7
62,64,0,-2
62,64,1,-15
62,65,0,9
62,65,1,-28
62,66,0,17
62,66,1,-23
62,67,0,-8
62,67,1,-7
62,68,0,28
62,68,1,-33
62,69,0,-2
62,69,1,2
62,70,0,5
62,70,1,-4
62,71,0,10
62,71,1,15
62,72,0,6
62,72,1,-23
62,73,0,-7
62,73,1,-23
62,74,0,13
62,74,1,-5
62,75,0,-2
62,75,1,22
63,1,0,2
63,2,0,2
63,3,0,-2
63,5,0,2
63,6,0,1
63,7,0,-2
63,8,0,-1
63,9,0,2
63,10,0,-2
63,11,0,-2
63,12,0,-22
63,12,1,14
63,13,0,-6
63,13,1,6
63,14,0,17
63,14,1,-23
63,15,0,-2
63,15,1,13
63,16,0,16
63,16,1,-30
63,17,0,6
63,17,1,-13
63,18,0,19
63,18,1,-6
63,19,0,-34
63,19,1,23
63,20,0,-6
63,20,1,8
63,21,0,-8
63,21,1,21
63,22,0,8
63,22,1,-10
63,23,0,-8
63,23,1,15
63,24,0,-18
63,24,1,31
63,25,0,6
63,25,1,-4
63,26,0,7
63,26,1,10
63,27,0,19
63,27,1,-23
63,28,0,1
63,28,1,5
63,29,0,11
63,29,1,-30
63,30,0,-2
63,30,1,19
63,31,0,16
63,31,1,-24
63,32,0,2
63,32,1,-26
63,33,0,18
63,33,1,-2
63,34,0,-11
63,34,1,19
63,35,0,13
63,35,1,-5
63,36,0,-23
63,36,1,28
63,37,0,21
63,37,1,-4
63,38,0,1
63,38,1,-8
63,39,0,-14
63,39,1,-2
63,40,0,-6
63,40,1,12
63,41,0,-10
63,41,1,19
63,42,0,-19
63,42,1,-1
63,43,0,9
63,43,1,-5
63,44,0,2
63,44,1,2
63,45,0,10
63,45,1,13
63,46,0,15
63,46,1,-44
63,47,0,6
63,47,1,-4
63,48,0,30
63,48,1,-42
63,49,0,-4
63,49,1,-1
63,50,0,-10
63,50,1,5
63,51,0,3
63,51,1,-10
63,52,0,3
63,53,0,-11
63,53,1,-7
63,54,0,2
63,54,1,5
63,55,0,-10
63,55,1,10
63,56,0,-7
63,56,1,-1
63,57,0,5
63,57,1,3
63,58,0,13
63,58,1,-11
63,59,0,-9
63,59,1,10
63,60,0,14
63,60,1,-19
63,61,0,-6
63,61,1,24
63,62,1,-7
63,63,0,89
63,63,1,8
63,64,0,6
63,64,1,3
63,65,0,-14
63,65,1,-5
63,66,0,2
63,66,1,-1
63,67,0,14
63,67,1,-19
63,68,0,7
63,68,1,-15
63,69,0,-18
63,69,1,21
63,70,0,22
63,70,1,-22
63,71,0,5
63,71,1,-2
63,72,0,15
63,72,1,-13
63,73,0,-5
63,73,1,20
63,74,0,-7
63,74,1,-10
63,75,0,-13
63,75,1,-5
64,1,0,-1
64,2,0,-2
64,5,0,-2
64,6,0,2
64,7,0,2
64,9,0,-1
64,10,0,-2
64,11,0,-2
64,12,0,2
64,13,1,5
64,14,0,10
64,14,1,-16
64,15,0,2
64,15,1,-4
64,16,0,3
64,16,1,-4
64,17,0,-4
64,17,1,19
64,18,0,12
64,18,1,4
64,19,0,1
64,19,1,3
64,20,0,2
64,20,1,5
64,21,0,-9
64,21,1,21
64,22,0,-6
64,22,1,-1
64,23,0,18
64,23,1,14
64,24,0,-15
64,24,1,24
64,25,0,22
64,25,1,-21
64,26,0,7
64,26,1,-36
64,27,0,10
64,27,1,-25
64,28,0,12
64,28,1,-10
64,29,0,-7
64,29,1,13
64,30,0,-4
64,30,1,7
64,31,0,-34
64,31,1,28
64,32,0,-1
64,32,1,1
64,33,0,3
64,33,1,10
64,34,0,7
64,34,1,-22
64,35,0,20
64,35,1,-19
64,36,0,-14
64,36,1,-6
64,37,0,17
64,37,1,-24
64,38,0,25
64,38,1,-11
64,39,0,5
64,39,1,-1
64,40,0,-4
64,40,1,-7
64,41,0,-22
64,41,1,18
64,42,0,-2
64,42,1,7
64,43,0,11
64,43,1,-18
64,44,0,19
64,44,1,-12
64,45,0,-7
64,45,1,21
64,46,0,18
64,46,1,-31
64,47,0,1
64,47,1,4
64,48,0,12
64,48,1,-25
64,49,0,-12
64,49,1,10
64,50,0,1
64,50,1,-5
64,51,0,5
64,51,1,-3
64,52,0,-12
64,52,1,18
64,53,0,5
64,53,1,-1
64,54,0,3
64,54,1,3
64,55,0,3
64,55,1,9
64,56,0,-12
64,56,1,9
64,57,0,-1
64,57,1,-19
64,58,0,6
64,58,1,-25
64,59,0,6
64,59,1,5
64,60,0,-16
64,60,1,20
64,61,0,-2
64,61,1,24
64,62,0,-2
64,62,1,-15
64,63,0,6
64,63,1,3
64,64,0,95
64,64,1,-10
64,65,0,5
64,65,1,-11
64,66,0,-6
64,66,1,23
64,67,0,14
64,67,1,-10
64,68,0,11
64,68,1,-20
64,69,0,-2
64,69,1,2
64,70,0,-18
64,70,1,43
64,71,0,9
64,71,1,-28
64,72,0,-14
64,72,1,-1
64,73,0,8
64,73,1,-6
64,74,0,-20
64,74,1,33
64,75,0,7
64,75,1,-7
65,2,0,2
65,3,0,-1
65,4,0,2
65,5,0,-2
65,6,0,2
65,7,0,-1
65,8,0,2
65,9,0,1
65,10,0,-1
65,11,0,-1
65,12,0,-5
65,12,1,-1
65,13,0,-7
65,13,1,1
65,14,0,-3
65,14,1,24
65,15,0,4
65,15,1,-35
65,16,0,9
65,16,1,-10
65,17,0,-10
65,17,1,1
65,18,0,10
65,18,1,14
65,19,0,-21
65,19,1,52
65,20,0,-3
65,20,1,7
65,21,0,5
65,21,1,-4
65,22,0,-3
65,22,1,-11
65,23,0,-3
65,23,1,-5
65,24,0,-4
65,24,1,-8
65,25,0,-20
65,25,1,17
65,26,0,-7
65,27,0,18
65,27,1,-16
65,28,0,-25
65,28,1,10
65,29,0,2
65,29,1,-12
65,30,0,15
65,30,1,-20
65,31,0,-5
65,31,1,-5
65,32,0,6
65,33,0,1
65,33,1,-1
65,34,0,-8
65,34,1,8
65,35,0,-12
65,35,1,42
65,36,0,1
65,36,1,11
65,37,0,8
65,37,1,-6
65,38,0,-2
65,38,1,-8
65,39,0,11
65,39,1,-15
65,40,0,-2
65,41,0,7
65,41,1,4
65,42,0,-3
65,43,0,7
65,43,1,-3
65,44,0,1
65,44,1,-21
65,45,0,-3
65,45,1,-21
65,46,0,-10
65,46,1,9
65,47,0,-10
65,47,1,24
65,48,0,8
65,48,1,-10
65,49,0,-4
65,49,1,-1
65,50,0,-7
65,50,1,35
65,51,0,-16
65,51,1,10
65,52,1,2
65,53,0,-19
65,53,1,35
65,54,0,7
65,54,1,-5
65,55,0,17
65,55,1,-1
65,56,0,27
65,56,1,9
65,57,0,1
65,57,1,19
65,58,0,3
65,58,1,-22
65,59,0,-2
65,59,1,14
65,60,0,-7
65,60,1,8
65,61,0,-5
65,61,1,7
65,62,0,9
65,62,1,-28
65,63,0,-14
65,63,1,-5
65,64,0,5
65,64,1,-11
65,65,0,84
65,65,1,33
65,66,0,-12
65,66,1,17
65,67,0,-10
65,67,1,3
65,68,0,-2
65,68,1,-4
65,69,0,25
65,69,1,-40
65,70,0,6
65,70,1,-7
65,71,0,-8
65,71,1,-8
65,72,0,-4
65,72,1,16
65,73,0,-2
65,73,1,-1
65,74,0,17
65,74,1,7
65,75,0,10
65,75,1,-9
66,1,0,2
66,2,0,1
66,3,0,-1
66,4,0,1
66,5,0,-1
66,6,0,-2
66,9,0,1
66,11,0,1
66,12,0,4
66,12,1,-2
66,13,0,9
66,13,1,5
66,14,0,4
66,14,1,-12
66,15,0,5
66,15,1,-29
66,16,0,5
66,17,0,-15
66,17,1,27
66,18,0,1
66,18,1,22
66,19,0,-5
66,19,1,-22
66,20,0,-28
66,20,1,8
66,21,0,-1
66,21,1,24
66,22,0,-18
66,22,1,1
66,23,0,15
66,23,1,-13
66,24,0,-1
66,24,1,21
66,25,0,4
66,25,1,-10
66,26,0,-10
66,26,1,46
66,27,0,9
66,27,1,-29
66,28,0,4
66,28,1,-4
66,29,0,-5
66,29,1,4
66,30,0,-9
66,30,1,29
66,31,0,-1
66,31,1,2
66,32,0,1
66,32,1,-28
66,33,0,14
66,33,1,-12
66,34,0,-7
66,34,1,-6
66,35,0,-1
66,35,1,22
66,36,0,-8
66,36,1,17
66,37,0,-2
66,37,1,-3
66,38,0,-5
66,38,1,-4
66,39,0,-18
66,39,1,-1
66,40,0,1
66,40,1,-11
66,41,0,11
66,41,1,3
66,42,0,3
66,42,1,11
66,43,0,-4
66,43,1,23
66,44,0,12
66,44,1,10
66,45,0,-7
66,45,1,14
66,46,0,-28
66,46,1,37
66,47,0,11
66,47,1,-15
66,48,0,-8
66,48,1,-3
66,49,0,3
66,49,1,-18
66,50,0,28
66,50,1,-25
66,51,0,3
66,51,1,3
66,52,0,-9
66,52,1,-11
66,53,1,-10
66,54,0,6
66,54,1,-1
66,55,0,9
66,55,1,-30
66,56,0,16
66,56,1,-20
66,57,1,-12
66,58,0,-1
66,58,1,-11
66,59,0,-9
66,59,1,14
66,60,0,-2
66,60,1,3
66,61,0,-5
66,61,1,14
66,62,0,17
66,62,1,-23
66,63,0,2
66,63,1,-1
66,64,0,-6
66,64,1,23
66,65,0,-12
66,65,1,17
66,66,0,84
66,66,1,44
66,67,0,-4
66,67,1,14
66,68,0,-10
66,68,1,-9
66,69,0,7
66,69,1,15
66,70,0,3
66,70,1,1
66,71,0,11
66,71,1,-25
66,72,0,21
66,72,1,-44
66,73,0,-2
66,73,1,-33
66,74,0,1
66,74,1,-5
66,75,0,-11
66,75,1,15
67,2,0,-2
67,3,0,-2
67,4,0,-1
67,6,0,1
67,7,0,2
67,10,0,1
67,11,0,1
67,12,0,2
67,12,1,-1
67,13,0,-10
67,13,1,-10
67,14,0,-22
67,14,1,43
67,15,0,4
67,15,1,-30
67,16,0,-10
67,16,1,5
67,17,0,15
67,17,1,-35
67,18,0,12
67,18,1,-25
67,19,0,-7
67,19,1,-9
67,20,0,26
67,20,1,-22
67,21,0,-6
67,21,1,-28
67,22,0,-9
67,22,1,9
67,23,0,-11
67,23,1,39
67,24,0,-5
67,24,1,5
67,25,0,-4
67,25,1,16
67,26,0,-2
67,26,1,-1
67,27,0,-16
67,27,1,24
67,28,0,-6
67,28,1,24
67,29,0,17
67,29,1,-23
67,30,0,-5
67,30,1,17
67,31,0,-2
67,31,1,-5
67,32,0,-16
67,32,1,-7
67,33,0,-12
67,33,1,20
67,34,0,-4
67,34,1,-4
67,35,0,17
67,35,1,-1
67,36,0,10
67,36,1,-30
67,37,0,-14
67,37,1,21
67,38,0,-13
67,38,1,16
67,39,0,33
67,39,1,-36
67,40,0,-12
67,40,1,28
67,41,0,-11
67,41,1,9
67,42,1,-3
67,43,0,25
67,43,1,-27
67,44,0,13
67,44,1,10
67,45,0,7
67,45,1,4
67,46,0,-4
67,46,1,33
67,47,0,7
67,47,1,24
67,48,0,-9
67,48,1,19
67,49,0,5
67,49,1,-14
67,50,0,-2
67,50,1,-14
67,51,0,34
67,51,1,-51
67,52,0,-7
67,52,1,14
67,53,0,25
67,53,1,-33
67,54,0,-22
67,54,1,44
67,55,0,2
67,55,1,-1
67,56,0,-9
67,56,1,14
67,57,0,12
67,57,1,-4
67,58,0,-16
67,58,1,9
67,59,0,5
67,59,1,6
67,60,0,13
67,60,1,9
67,61,0,-22
67,61,1,13
67,62,0,-8
67,62,1,-7
67,63,0,14
67,63,1,-19
67,64,0,14
67,64,1,-10
67,65,0,-10
67,65,1,3
67,66,0,-4
67,66,1,14
67,67,0,121
67,67,1,9
67,68,0,8
67,68,1,-3
67,69,0,-28
67,69,1,13
67,70,0,-1
67,70,1,7
67,71,0,-16
67,71,1,12
67,72,0,-6
67,72,1,7
67,73,0,-1
67,73,1,-10
67,74,0,-11
67,74,1,27
67,75,0,-3
67,75,1,18
68,1,0,-2
68,3,0,-1
68,4,0,1
68,5,0,-1
68,6,0,-2
68,7,0,-1
68,8,0,-1
68,9,0,-2
68,10,0,-1
68,11,0,-2
68,12,0,-6
68,12,1,-3
68,13,0,9
68,13,1,4
68,14,0,-21
68,14,1,20
68,15,0,9
68,15,1,10
68,16,1,12
68,17,0,22
68,17,1,-33
68,18,1,-7
68,19,0,1
68,19,1,9
68,20,0,-12
68,20,1,16
68,21,0,11
68,21,1,-15
68,22,0,1
68,22,1,-4
68,23,0,38
68,23,1,-58
68,24,0,4
68,24,1,-9
68,25,0,5
68,25,1,5
68,26,0,-13
68,26,1,3
68,27,0,-17
68,27,1,7
68,28,0,3
68,28,1,-1
68,29,0,-2
68,29,1,3
68,30,0,25
68,30,1,-29
68,31,0,-5
68,31,1,8
68,32,0,-22
68,32,1,14
68,33,0,25
68,33,1,-29
68,34,0,1
68,35,0,13
68,35,1,13
68,36,0,4
68,36,1,-25
68,37,0,27
68,37,1,-42
68,38,0,3
68,38,1,-14
68,39,0,5
68,39,1,5
68,40,0,-2
68,40,1,7
68,41,0,-2
68,41,1,15
68,42,0,-12
68,42,1,34
68,43,0,4
68,43,1,-13
68,44,1,30
68,45,0,18
68,45,1,-8
68,46,0,11
68,46,1,-27
68,47,0,-14
68,47,1,5
68,48,0,7
68,48,1,-4
68,49,0,-11
68,49,1,17
68,50,0,-8
68,50,1,30
68,51,0,15
68,51,1,-19
68,52,0,-11
68,52,1,8
68,53,0,-21
68,53,1,25
68,54,0,-3
68,54,1,-10
68,55,0,-1
68,55,1,-6
68,56,0,9
68,56,1,-3
68,57,0,-2
68,57,1,8
68,58,0,-16
68,58,1,23
68,59,0,-6
68,59,1,-5
68,60,0,3
68,60,1,22
68,61,0,-7
68,62,0,28
68,62,1,-33
68,63,0,7
68,63,1,-15
68,64,0,11
68,64,1,-20
68,65,0,-2
68,65,1,-4
68,66,0,-10
68,66,1,-9
68,67,0,8
68,67,1,-3
68,68,0,125
68,68,1,-35
68,69,0,-9
68,69,1,15
68,70,0,10
68,70,1,-23
68,71,0,-5
68,71,1,24
68,72,0,-14
68,72,1,14
68,73,0,1
68,73,1,24
68,74,0,-8
68,74,1,13
68,75,0,27
68,75,1,-36
69,1,0,-2
69,2,0,-2
69,4,0,-1
69,5,0,1
69,9,0,2
69,10,0,2
69,11,0,1
69,12,0,-13
69,12,1,16
69,13,0,14
69,13,1,-5
69,14,0,-3
69,14,1,1
69,15,0,14
69,15,1,-22
69,16,0,6
69,16,1,-1
69,17,0,-26
69,17,1,14
69,18,0,5
69,18,1,3
69,19,0,12
69,19,1,-4
69,20,0,-5
69,20,1,-13
69,21,0,28
69,21,1,-34
69,22,0,-3
69,22,1,4
69,23,0,-10
69,23,1,11
69,24,0,9
69,24,1,-12
69,25,0,4
69,25,1,2
69,26,0,3
69,26,1,-6
69,27,0,19
69,27,1,-25
69,28,0,3
69,28,1,-16
69,29,0,4
69,29,1,-10
69,30,0,14
69,30,1,-27
69,31,0,17
69,31,1,-12
69,32,0,11
69,32,1,-6
69,33,1,25
69,34,0,20
69,34,1,-24
69,35,0,-2
69,35,1,-1
69,36,0,12
69,36,1,-4
69,37,0,-11
69,37,1,4
69,38,0,-8
69,39,0,13
69,39,1,-14
69,40,0,-17
69,40,1,13
69,41,0,-17
69,41,1,37
69,42,0,-5
69,42,1,6
69,43,0,-7
69,43,1,11
69,44,0,-3
69,44,1,6
69,45,0,-13
69,45,1,15
69,46,1,-12
69,47,0,6
69,47,1,-13
69,48,0,-10
69,48,1,1
69,49,0,15
69,49,1,-18
69,50,0,7
69,50,1,19
69,51,0,3
69,51,1,5
69,52,0,-12
69,52,1,11
69,53,0,-9
69,53,1,9
69,54,0,16
69,54,1,-21
69,55,0,15
69,55,1,-38
69,56,0,-2
69,56,1,18
69,57,0,-6
69,57,1,6
69,58,0,-11
69,58,1,5
69,59,0,7
69,59,1,18
69,60,0,7
69,60,1,-12
69,61,0,-15
69,61,1,3
69,62,0,-2
69,62,1,2
69,63,0,-18
69,63,1,21
69,64,0,-2
69,64,1,2
69,65,0,25
69,65,1,-40
69,66,0,7
69,66,1,15
69,67,0,-28
69,67,1,13
69,68,0,-9
69,68,1,15
69,69,0,111
69,69,1,-13
69,70,0,-10
69,71,0,-6
69,71,1,25
69,72,0,5
69,72,1,4
69,73,0,6
69,73,1,-28
69,74,0,6
69,74,1,-4
69,75,0,-1
69,75,1,-29
70,1,0,-2
70,2,0,2
70,3,0,1
70,4,0,-1
70,5,0,-1
70,7,0,-1
70,9,0,2
70,11,0,-2
70,12,0,4
70,12,1,-12
70,13,0,5
70,13,1,6
70,14,0,-30
70,14,1,63
70,15,0,-12
70,15,1,25
70,16,0,12
70,16,1,-2
70,17,0,5
70,17,1,2
70,18,0,1
70,18,1,-3
70,19,0,-13
70,19,1,22
70,20,0,6
70,20,1,16
70,21,0,18
70,21,1,-23
70,22,0,-19
70,22,1,15
70,23,0,-7
70,23,1,25
70,24,0,-26
70,24,1,42
70,25,0,-2
70,25,1,5
70,26,0,8
70,26,1,-48
70,27,0,-13
70,27,1,12
70,28,0,-6
70,28,1,-1
70,29,0,8
70,29,1,2
70,30,0,11
70,30,1,-18
70,31,0,17
70,31,1,-26
70,32,0,-4
70,32,1,-25
70,33,0,14
70,33,1,-12
70,34,0,-6
70,34,1,-5
70,35,0,-2
70,35,1,1
70,36,0,-13
70,36,1,24
70,37,0,20
70,37,1,-36
70,38,0,1
70,38,1,22
70,39,0,-2
70,39,1,9
70,40,0,-1
70,40,1,20
70,41,0,-6
70,42,0,-25
70,42,1,32
70,43,0,-1
70,43,1,-22
70,44,0,-14
70,44,1,19
70,45,0,16
70,45,1,-17
70,46,0,-7
70,46,1,15
70,47,0,13
70,47,1,-3
70,48,0,-13
70,48,1,11
70,49,0,-18
70,49,1,10
70,50,0,-17
70,50,1,10
70,51,0,7
70,51,1,13
70,52,0,16
70,52,1,-41
70,53,0,-37
70,53,1,30
70,54,0,-18
70,54,1,51
70,55,0,14
70,55,1,3
70,56,0,7
70,56,1,-32
70,57,0,-23
70,57,1,20
70,58,0,11
70,58,1,-22
70,59,0,-14
70,59,1,25
70,60,0,19
70,60,1,-47
70,61,0,-1
70,61,1,4
70,62,0,5
70,62,1,-4
70,63,0,22
70,63,1,-22
70,64,0,-18
70,64,1,43
70,65,0,6
70,65,1,-7
70,66,0,3
70,66,1,1
70,67,0,-1
70,67,1,7
70,68,0,10
70,68,1,-23
70,69,0,-10
70,70,0,95
70,70,1,6
70,71,0,-2
70,71,1,-5
70,72,0,1
70,72,1,-20
70,73,0,-19
70,73,1,18
70,74,0,2
70,74,1,9
70,75,0,-8
70,75,1,7
71,3,0,-2
71,4,0,1
71,5,0,1
71,6,0,-1
71,7,0,2
71,8,0,1
71,9,0,1
71,10,0,2
71,12,0,8
71,12,1,10
71,13,0,-3
71,13,1,25
71,14,0,15
71,14,1,-17
71,15,0,3
71,15,1,-6
71,16,0,-24
71,16,1,16
71,17,0,-18
71,17,1,9
71,18,1,-22
71,19,0,-4
71,19,1,6
71,20,0,2
71,20,1,-9
71,21,0,-20
71,21,1,9
71,22,0,-2
71,22,1,-1
71,23,0,-10
71,23,1,-18
71,24,0,14
71,24,1,-15
71,25,0,-2
71,25,1,13
71,26,0,-2
71,26,1,4
71,27,0,7
71,27,1,-17
71,28,0,14
71,28,1,-12
71,29,0,11
71,29,1,-26
71,30,0,5
71,30,1,-9
71,31,0,-5
71,31,1,20
71,32,0,-4
71,32,1,6
71,33,0,21
71,33,1,-10
71,34,0,-9
71,34,1,2
71,35,0,2
71,35,1,16
71,36,0,-7
71,36,1,7
71,37,0,4
71,37,1,-19
71,38,0,-1
71,38,1,9
71,39,0,-2
71,39,1,6
71,40,0,-7
71,40,1,4
71,41,0,-1
71,41,1,2
71,42,0,13
71,42,1,-29
71,43,0,20
71,43,1,-57
71,44,0,6
71,44,1,1
71,45,0,-16
71,45,1,29
71,46,0,-7
71,46,1,-17
71,47,0,-15
71,47,1,9
71,48,0,11
71,48,1,-26
71,49,0,-2
71,49,1,-8
71,50,0,-12
71,50,1,12
71,51,0,-5
71,51,1,8
71,52,0,-3
71,52,1,16
71,53,0,-6
71,53,1,12
71,54,0,-6
71,54,1,5
71,55,0,-19
71,55,1,-1
71,56,0,-5
71,56,1,7
71,57,0,-7
71,57,1,18
71,58,0,5
71,58,1,2
71,59,0,-7
71,59,1,21
71,60,0,-16
71,60,1,2
71,61,0,11
71,62,0,10
71,62,1,15
71,63,0,5
71,63,1,-2
71,64,0,9
71,64,1,-28
71,65,0,-8
71,65,1,-8
71,66,0,11
71,66,1,-25
71,67,0,-16
71,67,1,12
71,68,0,-5
71,68,1,24
71,69,0,-6
71,69,1,25
71,70,0,-2
71,70,1,-5
71,71,0,96
71,71,1,9
71,72,0,14
71,72,1,1
71,73,0,-3
71,73,1,-2
71,74,0,-3
71,74,1,-7
71,75,0,-4
71,75,1,-9
72,1,0,2
72,2,0,1
72,4,0,-1
72,5,0,1
72,6,0,1
72,8,0,-2
72,9,0,-2
72,10,0,1
72,12,0,-30
72,12,1,36
72,13,0,-21
72,13,1,24
72,14,0,-11
72,14,1,17
72,15,0,9
72,15,1,-18
72,16,0,-8
72,16,1,-8
72,17,0,-12
72,17,1,-2
72,18,0,18
72,18,1,-20
72,19,0,-26
72,19,1,39
72,20,0,-20
72,20,1,23
72,21,0,-7
72,22,0,8
72,23,0,-15
72,23,1,-9
72,24,0,14
72,24,1,-44
72,25,0,4
72,25,1,-14
72,26,0,4
72,26,1,-5
72,27,1,3
72,28,0,4
72,28,1,-14
72,29,0,11
72,29,1,-23
72,30,0,31
72,30,1,-25
72,31,0,23
72,31,1,-12
72,32,0,-13
72,32,1,15
72,33,0,-11
72,33,1,8
72,34,0,-6
72,34,1,6
72,35,0,-7
72,35,1,-2
72,36,0,-24
72,36,1,36
72,37,0,19
72,37,1,-11
72,38,0,3
72,38,1,-6
72,39,0,-8
72,39,1,14
72,40,0,25
72,40,1,-12
72,41,0,-5
72,41,1,33
72,42,0,4
72,42,1,-22
72,43,0,4
72,43,1,15
72,44,0,9
72,44,1,-2
72,45,0,4
72,45,1,-2
72,46,0,-9
72,46,1,16
72,47,1,3
72,48,0,-4
72,48,1,7
72,49,0,16
72,49,1,-25
72,50,0,-9
72,50,1,9
72,51,0,16
72,51,1,-25
72,52,0,-8
72,52,1,10
72,53,0,-2
72,53,1,10
72,54,0,-9
72,54,1,3
72,55,0,-24
72,55,1,32
72,56,0,14
72,56,1,10
72,57,0,-4
72,57,1,21
72,58,0,3
72,58,1,5
72,59,0,-2
72,59,1,-6
72,60,0,-12
72,60,1,2
72,61,0,9
72,61,1,-14
72,62,0,6
72,62,1,-23
72,63,0,15
72,63,1,-13
72,64,0,-14
72,64,1,-1
72,65,0,-4
72,65,1,16
72,66,0,21
72,66,1,-44
72,67,0,-6
72,67,1,7
72,68,0,-14
72,68,1,14
72,69,0,5
72,69,1,4
72,70,0,1
72,70,1,-20
72,71,0,14
72,71,1,1
72,72,0,89
72,72,1,-9
72,73,0,-5
72,73,1,6
72,74,0,5
72,74,1,-7
72,75,0,-12
72,75,1,10
73,1,0,1
73,2,0,-2
73,3,0,-1
73,4,0,1
73,5,0,-1
73,6,0,1
73,7,0,2
73,9,0,-1
73,10,0,1
73,11,0,-1
73,12,0,-1
73,12,1,21
73,13,0,22
73,13,1,-11
73,14,0,-7
73,14,1,2
73,15,0,-12
73,15,1,24
73,16,0,-4
73,16,1,5
73,17,1,5
73,18,0,15
73,19,0,6
73,19,1,-16
73,20,0,-4
73,20,1,17
73,21,0,21
73,21,1,-10
73,22,0,-6
73,22,1,6
73,23,0,-3
73,23,1,-18
73,24,0,19
73,24,1,-20
73,25,0,6
73,25,1,-18
73,26,0,4
73,26,1,-8
73,27,0,3
73,27,1,-8
73,28,0,12
73,28,1,-29
73,29,1,16
73,30,0,-2
73,30,1,9
73,31,0,1
73,32,0,9
73,32,1,-11
73,33,0,-7
73,33,1,-2
73,34,0,-20
73,34,1,36
73,35,0,-31
73,35,1,27
73,36,0,-11
73,36,1,-4
73,37,0,-19
73,37,1,27
73,38,0,5
73,38,1,6
73,39,0,-4
73,39,1,16
73,40,0,2
73,40,1,10
73,41,0,-8
73,41,1,8
73,42,0,14
73,42,1,6
73,43,0,-15
73,43,1,10
73,44,0,-11
73,44,1,25
73,45,0,-28
73,45,1,23
73,46,0,8
73,46,1,-7
73,47,1,1
73,48,0,-6
73,48,1,10
73,49,0,-9
73,49,1,12
73,50,0,-17
73,50,1,23
73,51,0,-7
73,51,1,12
73,52,0,5
73,52,1,6
73,53,0,7
73,53,1,-17
73,54,0,1
73,54,1,-8
73,55,0,19
73,55,1,-16
73,56,0,6
73,56,1,-9
73,57,0,-19
73,57,1,29
73,58,0,1
73,58,1,1
73,59,0,8
73,59,1,-36
73,60,0,-16
73,60,1,21
73,61,0,-16
73,61,1,20
73,62,0,-7
73,62,1,-23
73,63,0,-5
73,63,1,20
73,64,0,8
73,64,1,-6
73,65,0,-2
73,65,1,-1
73,66,0,-2
73,66,1,-33
73,67,0,-1
73,67,1,-10
73,68,0,1
73,68,1,24
73,69,0,6
73,69,1,-28
73,70,0,-19
73,70,1,18
73,71,0,-3
73,71,1,-2
73,72,0,-5
73,72,1,6
73,73,0,122
73,73,1,-40
73,74,0,28
73,74,1,-25
73,75,0,-12
73,75,1,5
74,1,0,-1
74,2,0,-1
74,3,0,1
74,4,0,-1
74,5,0,-1
74,6,0,-1
74,7,0,-1
74,8,0,-2
74,9,0,-1
74,10,0,2
74,11,0,-2
74,12,0,7
74,12,1,-15
74,13,0,4
74,13,1,-10
74,14,0,7
74,14,1,-6
74,15,0,10
74,15,1,-5
74,16,0,7
74,16,1,8
74,17,0,-7
74,17,1,6
74,18,1,24
74,19,0,-7
74,19,1,23
74,20,0,-28
74,20,1,28
74,21,0,30
74,21,1,-43
74,22,0,11
74,22,1,-10
74,23,0,-28
74,23,1,28
74,24,0,-6
74,24,1,-12
74,25,0,-18
74,25,1,13
74,26,0,2
74,26,1,-11
74,27,0,-1
74,27,1,11
74,28,0,-10
74,28,1,15
74,29,0,-11
74,29,1,-11
74,30,0,-2
74,30,1,5
74,31,0,-2
74,31,1,7
74,32,0,-1
74,32,1,-18
74,33,0,-12
74,33,1,-1
74,34,0,-12
74,34,1,28
74,35,0,-20
74,35,1,20
74,36,0,-3
74,36,1,-7
74,37,0,-16
74,37,1,32
74,38,0,-6
74,38,1,3
74,39,0,-1
74,39,1,-15
74,40,1,15
74,41,0,18
74,41,1,-1
74,42,0,3
74,42,1,-6
74,43,0,-11
74,43,1,9
74,44,0,-4
74,44,1,-1
74,45,0,4
74,45,1,-11
74,46,0,-3
74,46,1,5
74,47,0,-14
74,47,1,23
74,48,0,-6
74,48,1,-9
74,49,0,-1
74,49,1,-7
74,50,0,-7
74,50,1,28
74,51,0,-11
74,51,1,-2
74,52,0,11
74,52,1,-31
74,53,0,-9
74,53,1,12
74,54,0,8
74,54,1,3
74,55,0,16
74,55,1,-24
74,56,0,10
74,56,1,10
74,57,0,-10
74,57,1,9
74,58,0,-2
74,58,1,9
74,59,0,-8
74,59,1,32
74,60,0,9
74,60,1,-43
74,61,0,-12
74,61,1,22
74,62,0,13
74,62,1,-5
74,63,0,-7
74,63,1,-10
74,64,0,-20
74,64,1,33
74,65,0,17
74,65,1,7
74,66,0,1
74,66,1,-5
74,67,0,-11
74,67,1,27
74,68,0,-8
74,68,1,13
74,69,0,6
74,69,1,-4
74,70,0,2
74,70,1,9
74,71,0,-3
74,71,1,-7
74,72,0,5
74,72,1,-7
74,73,0,28
74,73,1,-25
74,74,0,87
74,74,1,28
74,75,0,1
74,75,1,-9
75,1,0,1
75,2,0,-2
75,3,0,2
75,4,0,1
75,6,0,1
75,7,0,1
75,8,0,-2
75,9,0,-1
75,10,0,-1
75,11,0,-2
75,12,0,35
75,12,1,-43
75,13,0,-2
75,13,1,-3
75,14,0,-13
75,14,1,2
75,15,0,11
75,15,1,6
75,16,0,-10
75,16,1,7
75,17,0,-11
75,17,1,-12
75,18,0,2
75,18,1,-7
75,19,0,39
75,19,1,-18
75,20,1,3
75,21,0,18
75,21,1,-4
75,22,0,13
75,22,1,-13
75,23,0,1
75,23,1,8
75,24,0,-6
75,24,1,2
75,25,1,-2
75,26,0,-15
75,26,1,23
75,28,0,-37
75,28,1,41
75,29,1,4
75,30,0,3
75,30,1,19
75,31,0,10
75,31,1,-7
75,32,0,-8
75,32,1,13
75,33,0,-19
75,33,1,21
75,34,0,13
75,34,1,-11
75,35,0,18
75,35,1,-23
75,36,0,11
75,36,1,-6
75,37,0,-7
75,37,1,17
75,38,0,-12
75,38,1,8
75,39,0,2
75,39,1,-4
75,40,0,-14
75,40,1,-3
75,41,0,14
75,41,1,-31
75,42,0,7
75,42,1,8
75,43,0,-4
75,43,1,27
75,44,0,-16
75,44,1,40
75,45,0,6
75,45,1,-2
75,46,0,10
75,46,1,11
75,47,0,-20
75,47,1,-1
75,48,0,8
75,48,1,13
75,49,0,11
75,49,1,-6
75,50,0,8
75,50,1,-39
75,51,0,14
75,51,1,-24
75,52,1,-3
75,53,0,19
75,53,1,-19
75,54,1,8
75,55,0,13
75,55,1,-18
75,56,0,12
75,56,1,-22
75,57,0,-10
75,57,1,-7
75,58,0,22
75,58,1,-31
75,59,0,-7
75,59,1,-16
75,60,0,-14
75,60,1,17
75,61,0,-1
75,61,1,5
75,62,0,-2
75,62,1,22
75,63,0,-13
75,63,1,-5
75,64,0,7
75,64,1,-7
75,65,0,10
75,65,1,-9
75,66,0,-11
75,66,1,15
75,67,0,-3
75,67,1,18
75,68,0,27
75,68,1,-36
75,69,0,-1
75,69,1,-29
75,70,0,-8
75,70,1,7
75,71,0,-4
75,71,1,-9
75,72,0,-12
75,72,1,10
75,73,0,-12
75,73,1,5
75,74,0,1
75,74,1,-9
75,75,0,98
75,75,1,-2

q_data
1,0,9
2,0,-12
3,0,-2
4,0,34
6,0,31
7,0,2
8,0,16
9,0,16
10,0,3
11,0,-31
12,0,-2
12,1,2
13,0,-1
13,1,3
14,0,-2
14,1,3
15,0,-2
16,0,1
17,0,-2
17,1,4
18,0,1
19,0,2
19,1,-3
21,1,-1
23,0,2
24,1,1
25,0,-1
25,1,1
26,0,1
26,1,1
27,0,-2
27,1,2
28,0,1
29,0,1
29,1,1
30,0,-1
31,1,-2
32,0,-2
32,1,1
33,0,-1
34,1,2
35,0,2
35,1,-2
36,0,1
36,1,-3
37,0,-1
37,1,3
38,0,1
39,0,-1
39,1,1
40,0,1
41,0,2
41,1,-2
42,0,1
43,0,1
43,1,-2
44,0,1
44,1,1
45,1,-2
46,0,-1
46,1,-1
48,0,-2
48,1,2
49,0,-1
49,1,3
50,0,-1
50,1,3
51,0,1
51,1,-2
52,1,2
53,0,2
53,1,-3
54,0,-2
54,1,3
55,0,-1
55,1,2
56,0,-1
56,1,2
57,0,2
57,1,-2
58,0,-1
58,1,-1
59,0,1
60,0,-1
60,1,-1
61,0,1
62,0,1
62,1,-3
63,0,1
64,0,2
64,1,-2
65,1,-2
66,0,-2
66,1,3
67,0,-1
67,1,1
68,0,-1
69,1,1
70,1,1
71,0,2
71,1,-2
72,0,-1
72,1,3
74,0,2
74,1,-4
75,0,-1
75,1,1

Param_Space
1,1,-1
2,1,1

Param_Space_RHS
0
1

END
