LCP


h
175

k
1

M_data
1,1,0,137
1,2,0,-14
1,3,0,4
1,4,0,-11
1,5,0,6
1,6,0,4
1,7,0,7
1,8,0,-14
1,9,0,-10
1,11,0,11
1,12,0,28
1,13,0,22
1,14,0,3
1,15,0,18
1,16,0,22
1,17,0,9
1,18,0,-8
1,19,0,1
1,20,0,8
1,21,0,-31
1,22,0,-3
1,23,0,-3
1,24,0,-6
1,25,0,11
1,26,0,-16
1,27,0,-4
1,28,0,30
1,29,0,2
1,30,0,5
1,31,0,5
1,32,0,19
1,34,0,-11
1,35,0,-14
1,36,0,-30
1,37,0,11
1,38,0,8
1,39,0,-7
1,40,0,21
1,41,0,32
1,42,0,15
1,43,0,-15
1,44,0,-2
1,45,0,-8
1,46,0,-4
1,47,0,15
1,48,0,-11
1,49,0,-26
1,50,0,-7
1,51,0,-8
1,52,0,7
1,53,0,-12
1,54,0,4
1,55,0,15
1,56,0,19
1,58,0,-21
1,59,0,-11
1,60,0,11
1,61,0,1
1,62,0,16
1,63,0,13
1,64,0,-10
1,65,0,9
1,66,0,-17
1,67,0,13
1,68,0,20
1,69,0,2
1,70,0,2
1,71,0,-11
1,72,0,-10
1,73,0,16
1,75,0,-1
1,76,0,8
1,77,0,-4
1,78,0,-24
1,79,0,-15
1,80,0,25
1,81,0,-13
1,82,0,-1
1,83,0,13
1,84,0,-18
1,85,0,3
1,86,0,1
1,87,0,1
1,88,0,1
1,89,0,1
1,90,0,1
1,91,0,1
1,92,0,1
1,93,0,1
1,94,0,1
1,95,0,1
1,96,0,1
1,97,0,1
1,98,0,1
1,99,0,1
2,1,0,-14
2,2,0,122
2,3,0,-14
2,4,0,3
2,5,0,9
2,6,0,-6
2,7,0,6
2,8,0,-3
2,9,0,-5
2,10,0,-30
2,11,0,9
2,12,0,-4
2,13,0,-18
2,14,0,-4
2,15,0,14
2,16,0,-7
2,17,0,-18
2,18,0,25
2,19,0,-11
2,20,0,-6
2,21,0,-3
2,22,0,-11
2,23,0,-9
2,24,0,-27
2,25,0,-16
2,26,0,30
2,27,0,21
2,28,0,-6
2,29,0,-13
2,30,0,-11
2,31,0,2
2,32,0,2
2,33,0,13
2,34,0,8
2,35,0,-11
2,36,0,8
2,37,0,-1
2,38,0,-6
2,39,0,4
2,40,0,3
2,41,0,-17
2,42,0,9
2,43,0,6
2,44,0,7
2,45,0,5
2,46,0,8
2,47,0,7
2,48,0,-5
2,49,0,-2
2,50,0,19
2,51,0,29
2,52,0,-23
2,53,0,-25
2,54,0,10
2,55,0,-14
2,56,0,-1
2,57,0,-13
2,58,0,16
2,59,0,12
2,60,0,3
2,61,0,9
2,62,0,-19
2,63,0,11
2,64,0,39
2,65,0,-8
2,66,0,-13
2,67,0,-18
2,68,0,26
2,69,0,4
2,70,0,-14
2,71,0,-3
2,72,0,-6
2,73,0,10
2,74,0,23
2,75,0,4
2,76,0,37
2,77,0,1
2,78,0,5
2,79,0,23
2,80,0,14
2,81,0,-9
2,82,0,18
2,84,0,-8
2,85,0,-1
2,100,0,1
3,1,0,4
3,2,0,-14
3,3,0,134
3,4,0,-6
3,5,0,-3
3,6,0,-23
3,7,0,7
3,8,0,5
3,9,0,12
3,10,0,-4
3,11,0,-9
3,12,0,2
3,13,0,-7
3,14,0,8
3,15,0,-8
3,16,0,-10
3,17,0,-4
3,18,0,-21
3,19,0,4
3,20,0,-31
3,21,0,-4
3,22,0,-9
3,23,0,-6
3,24,0,8
3,25,0,29
3,26,0,7
3,27,0,-13
3,28,0,-20
3,29,0,2
3,30,0,13
3,31,0,-3
3,32,0,-9
3,33,0,-38
3,34,0,23
3,35,0,-4
3,36,0,8
3,37,0,1
3,38,0,-9
3,39,0,39
3,40,0,-17
3,41,0,-10
3,42,0,3
3,43,0,21
3,44,0,13
3,45,0,10
3,46,0,-12
3,47,0,-9
3,48,0,-8
3,49,0,10
3,50,0,-8
3,51,0,16
3,52,0,20
3,53,0,3
3,54,0,-17
3,55,0,-16
3,56,0,-2
3,57,0,5
3,58,0,7
3,60,0,-4
3,61,0,-4
3,62,0,-14
3,63,0,-2
3,64,0,7
3,65,0,7
3,67,0,1
3,68,0,-5
3,69,0,-8
3,70,0,-24
3,71,0,-5
3,72,0,13
3,73,0,-4
3,74,0,-3
3,75,0,9
3,76,0,-13
3,77,0,16
3,78,0,-5
3,79,0,-1
3,80,0,-33
3,81,0,9
3,82,0,11
3,84,0,-11
3,85,0,4
3,101,0,1
4,1,0,-11
4,2,0,3
4,3,0,-6
4,4,0,155
4,5,0,-23
4,6,0,11
4,7,0,-3
4,8,0,4
4,9,0,-23
4,10,0,18
4,11,0,14
4,12,0,-25
4,13,0,12
4,14,0,-33
4,15,0,-18
4,16,0,15
4,17,0,-40
4,18,0,-20
4,19,0,-14
4,21,0,5
4,22,0,-10
4,24,0,29
4,25,0,-13
4,26,0,3
4,27,0,-8
4,28,0,-1
4,29,0,3
4,30,0,-1
4,31,0,17
4,32,0,28
4,33,0,12
4,34,0,-15
4,35,0,13
4,36,0,17
4,37,0,-46
4,38,0,-5
4,39,0,-10
4,40,0,5
4,41,0,5
4,42,0,24
4,43,0,31
4,44,0,-10
4,45,0,16
4,46,0,-11
4,47,0,25
4,48,0,20
4,49,0,-24
4,50,0,21
4,51,0,-15
4,52,0,-4
4,53,0,-15
4,54,0,-1
4,55,0,-7
4,56,0,10
4,57,0,-8
4,58,0,29
4,59,0,1
4,60,0,7
4,61,0,5
4,63,0,-29
4,64,0,17
4,65,0,-1
4,66,0,6
4,67,0,-8
4,68,0,4
4,69,0,-6
4,70,0,3
4,71,0,-5
4,72,0,-10
4,73,0,4
4,74,0,-24
4,75,0,-1
4,76,0,16
4,77,0,19
4,78,0,21
4,79,0,2
4,80,0,2
4,81,0,28
4,82,0,-4
4,83,0,21
4,84,0,19
4,85,0,-13
4,102,0,1
5,1,0,6
5,2,0,9
5,3,0,-3
5,4,0,-23
5,5,0,123
5,6,0,5
5,7,0,13
5,8,0,3
5,9,0,-3
5,10,0,-23
5,11,0,3
5,12,0,12
5,13,0,-9
5,14,0,2
5,15,0,-9
5,16,0,-2
5,17,0,-28
5,18,0,10
5,19,0,31
5,20,0,4
5,21,0,12
5,22,0,8
5,23,0,-16
5,24,0,-3
5,25,0,16
5,26,0,16
5,27,0,-6
5,28,0,-3
5,29,0,6
5,30,0,-3
5,31,0,-16
5,32,0,-8
5,33,0,20
5,34,0,4
5,35,0,6
5,36,0,1
5,37,0,2
5,38,0,9
5,39,0,10
5,40,0,-14
5,41,0,-9
5,42,0,-2
5,43,0,-3
5,44,0,13
5,45,0,6
5,46,0,10
5,47,0,13
5,48,0,-5
5,49,0,-6
5,50,0,-11
5,51,0,-8
5,52,0,-16
5,53,0,-3
5,54,0,-5
5,55,0,-13
5,56,0,-23
5,57,0,-11
5,58,0,13
5,59,0,21
5,60,0,-10
5,61,0,-2
5,62,0,-7
5,63,0,-3
5,64,0,-12
5,66,0,-12
5,67,0,6
5,68,0,16
5,69,0,-9
5,70,0,-24
5,71,0,-1
5,72,0,-5
5,73,0,5
5,74,0,30
5,75,0,-24
5,76,0,2
5,77,0,11
5,78,0,9
5,79,0,-1
5,80,0,-17
5,81,0,-6
5,82,0,17
5,83,0,2
5,84,0,13
5,85,0,-10
5,103,0,1
6,1,0,4
6,2,0,-6
6,3,0,-23
6,4,0,11
6,5,0,5
6,6,0,117
6,7,0,-16
6,8,0,-27
6,9,0,8
6,10,0,-16
6,11,0,4
6,12,0,12
6,13,0,24
6,14,0,-10
6,15,0,-5
6,16,0,10
6,17,0,-14
6,18,0,-11
6,19,0,-16
6,20,0,8
6,21,0,13
6,22,0,10
6,23,0,-1
6,24,0,10
6,25,0,3
6,26,0,-23
6,27,0,15
6,28,0,13
6,29,0,9
6,30,0,-36
6,31,0,12
6,32,0,-7
6,33,0,11
6,35,0,-27
6,36,0,-1
6,37,0,-2
6,38,0,11
6,39,0,9
6,40,0,12
6,41,0,10
6,42,0,-4
6,43,0,4
6,44,0,-17
6,45,0,37
6,46,0,9
6,47,0,22
6,48,0,6
6,49,0,-13
6,50,0,21
6,51,0,-14
6,52,0,-28
6,53,0,2
6,54,0,18
6,55,0,15
6,56,0,11
6,57,0,-22
6,58,0,4
6,59,0,8
6,61,0,-9
6,62,0,1
6,63,0,-19
6,64,0,-8
6,65,0,-15
6,66,0,-10
6,67,0,1
6,68,0,2
6,69,0,5
6,70,0,2
6,71,0,1
6,72,0,1
6,73,0,-26
6,74,0,-4
6,75,0,-1
6,77,0,16
6,78,0,20
6,79,0,3
6,80,0,10
6,81,0,-9
6,82,0,-4
6,83,0,10
6,84,0,21
6,85,0,-9
6,104,0,1
7,1,0,7
7,2,0,6
7,3,0,7
7,4,0,-3
7,5,0,13
7,6,0,-16
7,7,0,113
7,8,0,8
7,9,0,-7
7,10,0,8
7,12,0,-16
7,13,0,-25
7,14,0,-21
7,15,0,7
7,16,0,-10
7,17,0,-9
7,18,0,-6
7,19,0,25
7,20,0,-22
7,21,0,-27
7,22,0,-3
7,23,0,-9
7,24,0,-21
7,25,0,-3
7,26,0,-2
7,27,0,12
7,28,0,-5
7,29,0,-1
7,30,0,-1
7,31,0,-27
7,32,0,-4
7,33,0,2
7,34,0,-21
7,36,0,-25
7,37,0,-17
7,38,0,-10
7,39,0,-16
7,40,0,-2
7,41,0,11
7,42,0,24
7,43,0,6
7,44,0,-12
7,45,0,-14
7,46,0,8
7,47,0,-4
7,48,0,-11
7,49,0,3
7,50,0,9
7,51,0,-1
7,52,0,-24
7,53,0,7
7,54,0,12
7,55,0,5
7,56,0,-18
7,57,0,-18
7,58,0,8
7,59,0,6
7,60,0,14
7,61,0,13
7,62,0,8
7,63,0,25
7,64,0,-6
7,65,0,7
7,66,0,1
7,67,0,11
7,68,0,-17
7,69,0,-10
7,70,0,7
7,71,0,-12
7,72,0,-5
7,73,0,-6
7,74,0,-4
7,75,0,11
7,76,0,-6
7,77,0,-16
7,78,0,-18
7,79,0,-17
7,80,0,-25
7,81,0,-6
7,82,0,-1
7,84,0,-3
7,105,0,1
8,1,0,-14
8,2,0,-3
8,3,0,5
8,4,0,4
8,5,0,3
8,6,0,-27
8,7,0,8
8,8,0,129
8,9,0,12
8,10,0,27
8,11,0,21
8,12,0,-10
8,13,0,10
8,14,0,-13
8,15,0,-16
8,16,0,-27
8,17,0,-14
8,18,0,18
8,19,0,-2
8,20,0,-9
8,21,0,-6
8,22,0,4
8,23,0,-21
8,24,0,-2
8,25,0,-20
8,26,0,19
8,27,0,1
8,28,0,-7
8,29,0,24
8,30,0,23
8,31,0,-20
8,32,0,20
8,33,0,6
8,34,0,5
8,35,0,8
8,36,0,4
8,37,0,2
8,38,0,2
8,39,0,-30
8,40,0,17
8,41,0,6
8,43,0,-19
8,44,0,4
8,45,0,-18
8,46,0,-12
8,47,0,2
8,48,0,16
8,49,0,-20
8,50,0,6
8,51,0,2
8,52,0,20
8,53,0,-13
8,54,0,-19
8,55,0,7
8,56,0,-11
8,57,0,17
8,58,0,9
8,59,0,-18
8,60,0,-12
8,61,0,-3
8,62,0,8
8,63,0,11
8,64,0,7
8,65,0,-7
8,66,0,36
8,67,0,-1
8,68,0,-22
8,69,0,9
8,70,0,-4
8,71,0,12
8,72,0,2
8,73,0,10
8,74,0,2
8,75,0,5
8,76,0,26
8,77,0,-15
8,78,0,2
8,79,0,-8
8,80,0,-7
8,81,0,6
8,82,0,5
8,83,0,-20
8,84,0,-15
8,85,0,-1
8,106,0,1
9,1,0,-10
9,2,0,-5
9,3,0,12
9,4,0,-23
9,5,0,-3
9,6,0,8
9,7,0,-7
9,8,0,12
9,9,0,127
9,10,0,-17
9,11,0,-5
9,12,0,24
9,13,0,-18
9,14,0,18
9,15,0,-13
9,16,0,-27
9,17,0,16
9,18,0,-1
9,19,0,-2
9,20,0,-8
9,21,0,1
9,22,0,9
9,23,0,-16
9,24,0,-13
9,25,0,-1
9,26,0,26
9,27,0,-6
9,28,0,-11
9,29,0,-7
9,30,0,-4
9,31,0,2
9,32,0,-12
9,33,0,2
9,34,0,-8
9,35,0,-3
9,36,0,-11
9,37,0,19
9,38,0,-4
9,39,0,11
9,40,0,-8
9,41,0,11
9,42,0,-7
9,43,0,-9
9,44,0,-21
9,45,0,-16
9,46,0,3
9,47,0,19
9,48,0,-1
9,49,0,19
9,50,0,-17
9,51,0,11
9,52,0,-1
9,53,0,13
9,54,0,11
9,55,0,-20
9,56,0,-14
9,57,0,-3
9,58,0,-11
9,59,0,1
9,60,0,9
9,61,0,13
9,62,0,-7
9,63,0,-21
9,64,0,1
9,65,0,3
9,66,0,14
9,67,0,4
9,68,0,-37
9,69,0,22
9,70,0,12
9,71,0,17
9,72,0,1
9,73,0,-3
9,74,0,7
9,75,0,-12
9,76,0,4
9,77,0,1
9,79,0,6
9,80,0,-11
9,81,0,-2
9,82,0,-1
9,83,0,5
9,84,0,5
9,85,0,-1
9,107,0,1
10,2,0,-30
10,3,0,-4
10,4,0,18
10,5,0,-23
10,6,0,-16
10,7,0,8
10,8,0,27
10,9,0,-17
10,10,0,135
10,12,0,-31
10,13,0,23
10,14,0,-30
10,15,0,-19
10,17,0,-27
10,18,0,20
10,19,0,-1
10,20,0,8
10,21,0,-11
10,22,0,-2
10,23,0,-11
10,24,0,4
10,25,0,-2
10,26,0,-2
10,27,0,4
10,28,0,-18
10,29,0,17
10,30,0,23
10,31,0,-7
10,32,0,18
10,33,0,2
10,34,0,17
10,35,0,13
10,36,0,-3
10,37,0,8
10,38,0,-9
10,39,0,-6
10,40,0,24
10,41,0,12
10,42,0,-20
10,43,0,26
10,44,0,-17
10,45,0,-1
10,46,0,-24
10,47,0,8
10,48,0,2
10,49,0,-18
10,50,0,-15
10,51,0,-3
10,52,0,4
10,53,0,3
10,54,0,-38
10,55,0,12
10,56,0,-14
10,57,0,18
10,58,0,-14
10,59,0,4
10,60,0,6
10,61,0,-14
10,62,0,-5
10,63,0,1
10,64,0,-16
10,65,0,2
10,66,0,5
10,67,0,9
10,68,0,21
10,69,0,9
10,70,0,13
10,71,0,9
10,72,0,2
10,73,0,-3
10,74,0,-26
10,75,0,16
10,76,0,3
10,77,0,-6
10,78,0,1
10,79,0,-19
10,81,0,-3
10,82,0,-5
10,83,0,-5
10,84,0,6
10,85,0,2
10,108,0,1
11,1,0,11
11,2,0,9
11,3,0,-9
11,4,0,14
11,5,0,3
11,6,0,4
11,8,0,21
11,9,0,-5
11,11,0,116
11,12,0,-6
11,13,0,-2
11,14,0,-2
11,15,0,-6
11,16,0,-7
11,17,0,-3
11,18,0,-10
11,19,0,-3
11,20,0,13
11,21,0,-13
11,22,0,-8
11,23,0,-19
11,24,0,-4
11,25,0,26
11,26,0,1
11,27,0,6
11,28,0,-5
11,30,0,12
11,31,0,-3
11,32,0,-7
11,33,0,5
11,34,0,-1
11,35,0,-13
11,36,0,17
11,37,0,6
11,38,0,-17
11,39,0,-15
11,40,0,17
11,41,0,12
11,42,0,4
11,43,0,-26
11,44,0,6
11,45,0,-11
11,46,0,10
11,47,0,-1
11,48,0,31
11,49,0,-7
11,50,0,28
11,51,0,-8
11,52,0,12
11,53,0,-13
11,54,0,-5
11,55,0,-2
11,56,0,-11
11,57,0,-17
11,58,0,16
11,59,0,-10
11,60,0,-4
11,61,0,13
11,62,0,-6
11,63,0,-9
11,64,0,7
11,65,0,15
11,66,0,-7
11,67,0,-1
11,69,0,-11
11,70,0,4
11,71,0,-20
11,72,0,-4
11,73,0,6
11,74,0,26
11,75,0,-9
11,77,0,-29
11,78,0,22
11,79,0,25
11,80,0,-12
11,81,0,-13
11,82,0,7
11,83,0,-2
11,84,0,8
11,85,0,-11
11,109,0,1
12,1,0,28
12,2,0,-4
12,3,0,2
12,4,0,-25
12,5,0,12
12,6,0,12
12,7,0,-16
12,8,0,-10
12,9,0,24
12,10,0,-31
12,11,0,-6
12,12,0,124
12,13,0,-9
12,14,0,8
12,15,0,-1
12,16,0,-4
12,17,0,22
12,18,0,-4
12,19,0,24
12,20,0,-13
12,21,0,-3
12,22,0,7
12,23,0,14
12,24,0,8
12,25,0,1
12,26,0,-6
12,27,0,18
12,28,0,19
12,29,0,1
12,30,0,-8
12,31,0,-1
12,32,0,-30
12,33,0,-3
12,34,0,9
12,35,0,-24
12,36,0,-31
12,37,0,27
12,38,0,11
12,39,0,22
12,40,0,-10
12,41,0,-1
12,42,0,-14
12,43,0,-9
12,44,0,11
12,45,0,-22
12,46,0,3
12,47,0,-6
12,48,0,2
12,49,0,-4
12,50,0,-5
12,51,0,4
12,52,0,10
12,53,0,-25
12,54,0,-2
12,55,0,-3
12,56,0,-4
12,57,0,-4
12,58,0,5
12,59,0,-11
12,60,0,2
12,61,0,3
12,62,0,-14
12,63,0,-16
12,64,0,-2
12,65,0,22
12,66,0,-9
12,67,0,1
12,68,0,12
12,69,0,-6
12,70,0,-9
12,71,0,-1
12,72,0,8
12,73,0,10
12,74,0,-4
12,75,0,-5
12,76,0,-16
12,77,0,9
12,78,0,-10
12,79,0,6
12,80,0,15
12,81,0,-15
12,82,0,-6
12,83,0,-5
12,84,0,-2
12,85,0,8
12,110,0,1
13,1,0,22
13,2,0,-18
13,3,0,-7
13,4,0,12
13,5,0,-9
13,6,0,24
13,7,0,-25
13,8,0,10
13,9,0,-18
13,10,0,23
13,11,0,-2
13,12,0,-9
13,13,0,127
13,14,0,-25
13,16,0,18
13,17,0,15
13,18,0,5
13,19,0,-24
13,20,0,17
13,21,0,19
13,22,0,1
13,23,0,12
13,24,0,26
13,25,0,-5
13,26,0,-19
13,27,0,-2
13,28,0,-7
13,29,0,11
13,30,0,9
13,31,0,4
13,32,0,10
13,33,0,2
13,34,0,-11
13,35,0,-3
13,36,0,-3
13,37,0,16
13,38,0,5
13,39,0,11
13,40,0,9
13,41,0,-6
13,42,0,-4
13,43,0,6
13,44,0,-16
13,45,0,-2
13,46,0,-21
13,47,0,26
13,48,0,-7
13,49,0,-20
13,51,0,-15
13,52,0,3
13,53,0,-16
13,54,0,2
13,55,0,19
13,56,0,7
13,57,0,7
13,58,0,-18
13,59,0,20
13,60,0,-4
13,61,0,-18
13,62,0,-16
13,63,0,14
13,64,0,7
13,65,0,7
13,66,0,-15
13,67,0,21
13,68,0,9
13,69,0,7
13,70,0,14
13,71,0,9
13,72,0,3
13,73,0,3
13,74,0,-44
13,75,0,11
13,76,0,17
13,77,0,-8
13,78,0,-5
13,79,0,-36
13,80,0,14
13,81,0,-16
13,82,0,3
13,83,0,-10
13,84,0,-2
13,85,0,-2
13,111,0,1
14,1,0,3
14,2,0,-4
14,3,0,8
14,4,0,-33
14,5,0,2
14,6,0,-10
14,7,0,-21
14,8,0,-13
14,9,0,18
14,10,0,-30
14,11,0,-2
14,12,0,8
14,13,0,-25
14,14,0,90
14,15,0,14
14,16,0,8
14,17,0,2
14,18,0,8
14,19,0,5
14,20,0,-5
14,21,0,9
14,22,0,-1
14,23,0,-14
14,24,0,-7
14,25,0,14
14,26,0,31
14,27,0,-11
14,28,0,-2
14,29,0,-22
14,30,0,3
14,32,0,3
14,33,0,-14
14,34,0,-3
14,35,0,-3
14,36,0,-4
14,37,0,12
14,38,0,4
14,39,0,-6
14,40,0,-7
14,41,0,-8
14,42,0,-8
14,43,0,-16
14,44,0,8
14,45,0,4
14,46,0,12
14,47,0,-8
14,48,0,-13
14,49,0,27
14,50,0,1
14,51,0,2
14,52,0,15
14,53,0,21
14,54,0,5
14,55,0,-14
14,56,0,5
14,57,0,3
14,58,0,-11
14,59,0,10
14,60,0,-4
14,62,0,8
14,63,0,6
14,64,0,13
14,65,0,21
14,66,0,-14
14,67,0,-18
14,68,0,-13
14,69,0,5
14,70,0,6
14,71,0,3
14,72,0,-6
14,73,0,7
14,74,0,24
14,75,0,4
14,76,0,10
14,77,0,9
14,78,0,6
14,79,0,2
14,80,0,13
14,81,0,11
14,82,0,5
14,83,0,3
14,85,0,-4
14,112,0,1
15,1,0,18
15,2,0,14
15,3,0,-8
15,4,0,-18
15,5,0,-9
15,6,0,-5
15,7,0,7
15,8,0,-16
15,9,0,-13
15,10,0,-19
15,11,0,-6
15,12,0,-1
15,14,0,14
15,15,0,132
15,16,0,10
15,17,0,21
15,18,0,-21
15,19,0,-15
15,20,0,-17
15,21,0,23
15,22,0,-3
15,23,0,-19
15,24,0,4
15,25,0,2
15,26,0,5
15,27,0,-12
15,28,0,1
15,29,0,20
15,30,0,21
15,31,0,-2
15,32,0,-2
15,33,0,-8
15,34,0,-24
15,35,0,9
15,36,0,-24
15,37,0,16
15,39,0,6
15,40,0,14
15,41,0,10
15,42,0,3
15,43,0,-20
15,44,0,22
15,45,0,-9
15,46,0,3
15,47,0,-5
15,48,0,-1
15,49,0,11
15,50,0,-14
15,51,0,14
15,52,0,8
15,53,0,-14
15,54,0,20
15,55,0,-7
15,56,0,33
15,57,0,-13
15,58,0,15
15,59,0,17
15,60,0,3
15,61,0,9
15,62,0,11
15,63,0,16
15,64,0,-7
15,65,0,21
15,66,0,2
15,68,0,14
15,69,0,-4
15,70,0,7
15,71,0,-2
15,72,0,2
15,73,0,19
15,74,0,29
15,75,0,-20
15,76,0,5
15,77,0,-25
15,78,0,-31
15,79,0,-20
15,80,0,-6
15,81,0,10
15,82,0,-4
15,84,0,5
15,85,0,12
15,113,0,1
16,1,0,22
16,2,0,-7
16,3,0,-10
16,4,0,15
16,5,0,-2
16,6,0,10
16,7,0,-10
16,8,0,-27
16,9,0,-27
16,11,0,-7
16,12,0,-4
16,13,0,18
16,14,0,8
16,15,0,10
16,16,0,133
16,17,0,10
16,18,0,7
16,19,0,27
16,20,0,23
16,21,0,3
16,22,0,3
16,23,0,-11
16,24,0,11
16,25,0,-8
16,26,0,15
16,27,0,5
16,28,0,9
16,29,0,-6
16,30,0,1
16,31,0,10
16,32,0,-15
16,33,0,-2
16,34,0,-9
16,35,0,13
16,36,0,34
16,37,0,-23
16,38,0,-7
16,39,0,-1
16,40,0,-3
16,41,0,6
16,42,0,-14
16,43,0,4
16,44,0,-13
16,45,0,6
16,46,0,-17
16,47,0,23
16,48,0,-15
16,49,0,-3
16,50,0,4
16,51,0,-9
16,52,0,27
16,53,0,-11
16,54,0,-6
16,55,0,1
16,56,0,10
16,57,0,13
16,58,0,-18
16,59,0,13
16,60,0,-1
16,61,0,-4
16,62,0,-8
16,63,0,9
16,64,0,8
16,66,0,-8
16,67,0,-3
16,68,0,20
16,69,0,-13
16,70,0,1
16,71,0,-12
16,72,0,-17
16,74,0,-12
16,75,0,8
16,76,0,-25
16,77,0,-5
16,78,0,9
16,79,0,-7
16,80,0,12
16,81,0,-1
16,82,0,26
16,83,0,31
16,84,0,-31
16,85,0,-4
16,114,0,1
17,1,0,9
17,2,0,-18
17,3,0,-4
17,4,0,-40
17,5,0,-28
17,6,0,-14
17,7,0,-9
17,8,0,-14
17,9,0,16
17,10,0,-27
17,11,0,-3
17,12,0,22
17,13,0,15
17,14,0,2
17,15,0,21
17,16,0,10
17,17,0,144
17,18,0,5
17,19,0,-20
17,21,0,14
17,22,0,-4
17,23,0,-6
17,24,0,12
17,25,0,4
17,26,0,-5
17,27,0,-11
17,28,0,-1
17,29,0,-18
17,30,0,-2
17,31,0,11
17,32,0,-3
17,33,0,12
17,34,0,-3
17,35,0,-3
17,36,0,-8
17,37,0,25
17,38,0,-14
17,39,0,9
17,40,0,15
17,41,0,1
17,42,0,5
17,43,0,-19
17,44,0,-5
17,45,0,-41
17,46,0,-7
17,47,0,-10
17,49,0,-2
17,50,0,-7
17,51,0,-3
17,52,0,9
17,53,0,-21
17,54,0,23
17,55,0,-11
17,56,0,10
17,57,0,16
17,58,0,5
17,59,0,13
17,60,0,-24
17,61,0,9
17,62,0,12
17,63,0,-22
17,64,0,-41
17,65,0,-9
17,66,0,-17
17,67,0,23
17,68,0,-11
17,69,0,-12
17,70,0,29
17,71,0,-2
17,72,0,16
17,73,0,-12
17,74,0,14
17,75,0,-12
17,76,0,-3
17,77,0,-12
17,78,0,-15
17,79,0,1
17,80,0,16
17,81,0,-24
17,83,0,-6
17,84,0,1
17,85,0,28
17,115,0,1
18,1,0,-8
18,2,0,25
18,3,0,-21
18,4,0,-20
18,5,0,10
18,6,0,-11
18,7,0,-6
18,8,0,18
18,9,0,-1
18,10,0,20
18,11,0,-10
18,12,0,-4
18,13,0,5
18,14,0,8
18,15,0,-21
18,16,0,7
18,17,0,5
18,18,0,138
18,19,0,-19
18,20,0,23
18,21,0,8
18,22,0,-11
18,23,0,-18
18,24,0,-6
18,25,0,12
18,26,0,4
18,27,0,-2
18,28,0,8
18,29,0,3
18,30,0,3
18,31,0,-16
18,32,0,11
18,33,0,25
18,34,0,10
18,35,0,-7
18,36,0,-22
18,37,0,23
18,38,0,10
18,39,0,-38
18,40,0,18
18,41,0,-23
18,42,0,9
18,43,0,16
18,44,0,-19
18,45,0,-18
18,46,0,-21
18,47,0,-13
18,48,0,-5
18,49,0,14
18,50,0,5
18,51,0,12
18,52,0,-19
18,53,0,4
18,54,0,13
18,55,0,1
18,56,0,9
18,57,0,15
18,58,0,-10
18,59,0,29
18,60,0,-23
18,61,0,-8
18,62,0,-6
18,63,0,16
18,64,0,3
18,65,0,-16
18,66,0,6
18,67,0,-24
18,68,0,31
18,69,0,25
18,70,0,19
18,71,0,-1
18,72,0,2
18,73,0,-10
18,74,0,-2
18,75,0,25
18,76,0,19
18,77,0,11
18,78,0,1
18,79,0,-11
18,80,0,29
18,81,0,-14
18,82,0,8
18,83,0,2
18,84,0,-11
18,85,0,-17
18,116,0,1
19,1,0,1
19,2,0,-11
19,3,0,4
19,4,0,-14
19,5,0,31
19,6,0,-16
19,7,0,25
19,8,0,-2
19,9,0,-2
19,10,0,-1
19,11,0,-3
19,12,0,24
19,13,0,-24
19,14,0,5
19,15,0,-15
19,16,0,27
19,17,0,-20
19,18,0,-19
19,19,0,152
19,20,0,-11
19,21,0,-8
19,22,0,15
19,23,0,4
19,24,0,-2
19,25,0,-6
19,26,0,15
19,27,0,13
19,28,0,15
19,29,0,1
19,31,0,-2
19,32,0,-29
19,33,0,6
19,34,0,2
19,35,0,10
19,36,0,28
19,37,0,4
19,38,0,-13
19,40,0,-33
19,41,0,6
19,42,0,-11
19,43,0,8
19,44,0,13
19,45,0,11
19,46,0,-8
19,47,0,17
19,48,0,-19
19,49,0,-6
19,50,0,-3
19,51,0,6
19,52,0,11
19,53,0,-12
19,54,0,-22
19,56,0,-18
19,57,0,7
19,58,0,-18
19,59,0,16
19,60,0,28
19,61,0,-1
19,62,0,-11
19,63,0,3
19,64,0,17
19,67,0,-9
19,68,0,7
19,69,0,-32
19,70,0,-7
19,71,0,10
19,72,0,-5
19,73,0,-10
19,74,0,-16
19,75,0,-9
19,76,0,-30
19,77,0,-15
19,78,0,-5
19,79,0,-9
19,80,0,6
19,81,0,14
19,82,0,-5
19,83,0,21
19,84,0,11
19,85,0,-4
19,117,0,1
20,1,0,8
20,2,0,-6
20,3,0,-31
20,5,0,4
20,6,0,8
20,7,0,-22
20,8,0,-9
20,9,0,-8
20,10,0,8
20,11,0,13
20,12,0,-13
20,13,0,17
20,14,0,-5
20,15,0,-17
20,16,0,23
20,18,0,23
20,19,0,-11
20,20,0,156
20,21,0,6
20,22,0,-23
20,23,0,-4
20,24,0,-33
20,25,0,-5
20,26,0,-6
20,27,0,-6
20,28,0,11
20,29,0,16
20,30,0,-22
20,31,0,-14
20,32,0,2
20,33,0,4
20,34,0,-9
20,35,0,-5
20,36,0,6
20,37,0,14
20,38,0,2
20,39,0,-27
20,40,0,-11
20,41,0,8
20,42,0,17
20,43,0,6
20,44,0,-30
20,45,0,12
20,46,0,9
20,47,0,10
20,48,0,1
20,49,0,-15
20,51,0,-4
20,52,0,2
20,53,0,11
20,54,0,-21
20,55,0,5
20,56,0,6
20,57,0,11
20,58,0,-22
20,59,0,6
20,60,0,9
20,62,0,-20
20,63,0,5
20,64,0,13
20,65,0,-3
20,66,0,-24
20,67,0,20
20,68,0,5
20,69,0,3
20,70,0,9
20,71,0,-8
20,72,0,4
20,73,0,15
20,74,0,-2
20,75,0,12
20,76,0,-6
20,77,0,-12
20,78,0,14
20,79,0,14
20,80,0,47
20,81,0,-22
20,82,0,-1
20,83,0,-6
20,84,0,-15
20,85,0,-20
20,118,0,1
21,1,0,-31
21,2,0,-3
21,3,0,-4
21,4,0,5
21,5,0,12
21,6,0,13
21,7,0,-27
21,8,0,-6
21,9,0,1
21,10,0,-11
21,11,0,-13
21,12,0,-3
21,13,0,19
21,14,0,9
21,15,0,23
21,16,0,3
21,17,0,14
21,18,0,8
21,19,0,-8
21,20,0,6
21,21,0,132
21,22,0,-18
21,23,0,3
21,24,0,3
21,25,0,-11
21,26,0,6
21,27,0,-38
21,28,0,-6
21,29,0,-6
21,30,0,-3
21,31,0,-30
21,32,0,9
21,33,0,-19
21,34,0,-17
21,35,0,7
21,36,0,2
21,38,0,1
21,39,0,16
21,40,0,-25
21,41,0,-20
21,42,0,9
21,44,0,-4
21,45,0,13
21,46,0,-1
21,47,0,12
21,48,0,-1
21,49,0,12
21,50,0,8
21,51,0,5
21,52,0,-4
21,53,0,1
21,54,0,7
21,55,0,-45
21,56,0,15
21,57,0,16
21,58,0,11
21,59,0,24
21,61,0,-18
21,62,0,-2
21,63,0,-1
21,64,0,1
21,65,0,-4
21,66,0,-8
21,67,0,23
21,68,0,21
21,69,0,-1
21,70,0,-9
21,71,0,9
21,72,0,17
21,73,0,-6
21,74,0,4
21,75,0,11
21,76,0,3
21,77,0,6
21,78,0,7
21,79,0,12
21,80,0,-2
21,81,0,11
21,82,0,6
21,83,0,-4
21,84,0,23
21,85,0,2
21,119,0,1
22,1,0,-3
22,2,0,-11
22,3,0,-9
22,4,0,-10
22,5,0,8
22,6,0,10
22,7,0,-3
22,8,0,4
22,9,0,9
22,10,0,-2
22,11,0,-8
22,12,0,7
22,13,0,1
22,14,0,-1
22,15,0,-3
22,16,0,3
22,17,0,-4
22,18,0,-11
22,19,0,15
22,20,0,-23
22,21,0,-18
22,22,0,117
22,23,0,-13
22,24,0,43
22,25,0,6
22,26,0,6
22,27,0,8
22,28,0,2
22,29,0,-7
22,30,0,1
22,31,0,-14
22,32,0,7
22,33,0,-6
22,34,0,-10
22,35,0,-13
22,36,0,-4
22,37,0,1
22,38,0,-13
22,39,0,-1
22,40,0,-2
22,41,0,-3
22,43,0,-1
22,44,0,-5
22,45,0,-28
22,46,0,-5
22,48,0,-9
22,49,0,7
22,50,0,14
22,51,0,-13
22,52,0,-6
22,53,0,-10
22,54,0,-15
22,55,0,3
22,56,0,-17
22,57,0,-19
22,58,0,-15
22,59,0,2
22,60,0,-10
22,61,0,19
22,62,0,-13
22,63,0,13
22,64,0,-2
22,65,0,7
22,66,0,16
22,67,0,-19
22,68,0,-8
22,69,0,16
22,70,0,5
22,71,0,15
22,72,0,-3
22,73,0,-23
22,74,0,-3
22,75,0,-16
22,77,0,-21
22,78,0,-17
22,79,0,-35
22,80,0,-2
22,81,0,21
22,82,0,-9
22,83,0,10
22,84,0,-7
22,85,0,-2
22,120,0,1
23,1,0,-3
23,2,0,-9
23,3,0,-6
23,5,0,-16
23,6,0,-1
23,7,0,-9
23,8,0,-21
23,9,0,-16
23,10,0,-11
23,11,0,-19
23,12,0,14
23,13,0,12
23,14,0,-14
23,15,0,-19
23,16,0,-11
23,17,0,-6
23,18,0,-18
23,19,0,4
23,20,0,-4
23,21,0,3
23,22,0,-13
23,23,0,143
23,24,0,3
23,25,0,2
23,26,0,-32
23,27,0,7
23,28,0,-12
23,29,0,4
23,30,0,-14
23,31,0,2
23,32,0,-11
23,33,0,-11
23,34,0,-3
23,35,0,-11
23,36,0,-3
23,37,0,7
23,38,0,25
23,39,0,-14
23,40,0,-20
23,41,0,-12
23,42,0,-14
23,43,0,-16
23,44,0,-13
23,45,0,26
23,46,0,24
23,48,0,8
23,49,0,4
23,50,0,-4
23,51,0,23
23,52,0,-5
23,53,0,7
23,54,0,-3
23,55,0,37
23,56,0,-5
23,57,0,-6
23,58,0,-19
23,59,0,4
23,60,0,36
23,61,0,-19
23,62,0,-9
23,63,0,2
23,64,0,-4
23,65,0,-4
23,66,0,-2
23,67,0,18
23,68,0,-10
23,69,0,-5
23,70,0,-2
23,71,0,-2
23,72,0,-1
23,73,0,15
23,74,0,-37
23,75,0,23
23,76,0,1
23,77,0,-5
23,78,0,-9
23,79,0,24
23,80,0,-11
23,81,0,-20
23,82,0,12
23,83,0,-12
23,84,0,-3
23,85,0,4
23,121,0,1
24,1,0,-6
24,2,0,-27
24,3,0,8
24,4,0,29
24,5,0,-3
24,6,0,10
24,7,0,-21
24,8,0,-2
24,9,0,-13
24,10,0,4
24,11,0,-4
24,12,0,8
24,13,0,26
24,14,0,-7
24,15,0,4
24,16,0,11
24,17,0,12
24,18,0,-6
24,19,0,-2
24,20,0,-33
24,21,0,3
24,22,0,43
24,23,0,3
24,24,0,122
24,25,0,11
24,26,0,11
24,27,0,-6
24,28,0,2
24,29,0,-11
24,30,0,-7
24,31,0,2
24,32,0,-2
24,33,0,-1
24,34,0,5
24,35,0,14
24,36,0,-14
24,38,0,-9
24,39,0,13
24,40,0,12
24,41,0,1
24,42,0,-5
24,43,0,6
24,44,0,-3
24,45,0,-22
24,46,0,-10
24,47,0,-24
24,48,0,12
24,49,0,-24
24,50,0,1
24,51,0,-8
24,52,0,9
24,53,0,-31
24,54,0,10
24,55,0,5
24,56,0,12
24,57,0,-8
24,58,0,11
24,59,0,-6
24,60,0,-13
24,61,0,1
24,62,0,-10
24,63,0,-12
24,64,0,6
24,65,0,26
24,66,0,-4
24,67,0,-13
24,68,0,-5
24,69,0,10
24,70,0,2
24,71,0,10
24,72,0,-21
24,73,0,1
24,74,0,-23
24,75,0,-5
24,76,0,8
24,77,0,-14
24,78,0,10
24,79,0,-14
24,81,0,-8
24,82,0,-5
24,83,0,15
24,85,0,19
24,122,0,1
25,1,0,11
25,2,0,-16
25,3,0,29
25,4,0,-13
25,5,0,16
25,6,0,3
25,7,0,-3
25,8,0,-20
25,9,0,-1
25,10,0,-2
25,11,0,26
25,12,0,1
25,13,0,-5
25,14,0,14
25,15,0,2
25,16,0,-8
25,17,0,4
25,18,0,12
25,19,0,-6
25,20,0,-5
25,21,0,-11
25,22,0,6
25,23,0,2
25,24,0,11
25,25,0,131
25,26,0,-8
25,27,0,10
25,28,0,6
25,29,0,-2
25,30,0,19
25,31,0,9
25,32,0,-9
25,33,0,-3
25,34,0,8
25,35,0,-6
25,36,0,-8
25,37,0,14
25,38,0,12
25,39,0,-17
25,40,0,5
25,41,0,11
25,42,0,-17
25,43,0,10
25,44,0,6
25,45,0,12
25,46,0,13
25,47,0,-3
25,48,0,10
25,49,0,-25
25,50,0,-5
25,51,0,-3
25,52,0,-12
25,53,0,-6
25,54,0,13
25,55,0,3
25,56,0,-8
25,57,0,-20
25,58,0,-11
25,59,0,-1
25,60,0,-15
25,61,0,2
25,62,0,-9
25,63,0,-5
25,64,0,-21
25,65,0,23
25,66,0,-6
25,67,0,-7
25,69,0,18
25,70,0,12
25,71,0,-22
25,72,0,-19
25,73,0,-4
25,74,0,15
25,75,0,22
25,76,0,-13
25,77,0,-26
25,78,0,5
25,79,0,-16
25,80,0,-12
25,81,0,-7
25,82,0,-1
25,83,0,20
25,84,0,3
25,85,0,-7
25,123,0,1
26,1,0,-16
26,2,0,30
26,3,0,7
26,4,0,3
26,5,0,16
26,6,0,-23
26,7,0,-2
26,8,0,19
26,9,0,26
26,10,0,-2
26,11,0,1
26,12,0,-6
26,13,0,-19
26,14,0,31
26,15,0,5
26,16,0,15
26,17,0,-5
26,18,0,4
26,19,0,15
26,20,0,-6
26,21,0,6
26,22,0,6
26,23,0,-32
26,24,0,11
26,25,0,-8
26,26,0,141
26,27,0,8
26,28,0,-27
26,29,0,-34
26,30,0,11
26,32,0,-18
26,33,0,13
26,34,0,20
26,35,0,3
26,36,0,16
26,37,0,-20
26,38,0,-17
26,39,0,17
26,40,0,-19
26,41,0,-2
26,42,0,-4
26,43,0,3
26,44,0,-17
26,45,0,-5
26,46,0,-7
26,47,0,6
26,48,0,-5
26,49,0,8
26,50,0,19
26,51,0,6
26,52,0,11
26,53,0,-6
26,54,0,-2
26,55,0,-11
26,56,0,-5
26,57,0,25
26,58,0,40
26,59,0,20
26,60,0,-3
26,61,0,13
26,62,0,-5
26,63,0,-2
26,64,0,22
26,65,0,16
26,66,0,2
26,67,0,-4
26,68,0,-4
26,69,0,15
26,70,0,4
26,71,0,2
26,72,0,-14
26,73,0,13
26,74,0,5
26,76,0,24
26,77,0,7
26,78,0,18
26,80,0,6
26,81,0,6
26,82,0,-14
26,83,0,17
26,85,0,-4
26,124,0,1
27,1,0,-4
27,2,0,21
27,3,0,-13
27,4,0,-8
27,5,0,-6
27,6,0,15
27,7,0,12
27,8,0,1
27,9,0,-6
27,10,0,4
27,11,0,6
27,12,0,18
27,13,0,-2
27,14,0,-11
27,15,0,-12
27,16,0,5
27,17,0,-11
27,18,0,-2
27,19,0,13
27,20,0,-6
27,21,0,-38
27,22,0,8
27,23,0,7
27,24,0,-6
27,25,0,10
27,26,0,8
27,27,0,125
27,28,0,3
27,29,0,-3
27,30,0,-12
27,31,0,3
27,32,0,-10
27,34,0,14
27,35,0,-8
27,36,0,14
27,37,0,6
27,38,0,20
27,39,0,-6
27,40,0,-10
27,41,0,8
27,42,0,-20
27,43,0,-8
27,44,0,-8
27,45,0,-20
27,46,0,8
27,47,0,-18
27,48,0,5
27,49,0,-19
27,50,0,14
27,51,0,25
27,52,0,-22
27,53,0,-34
27,54,0,-1
27,55,0,8
27,56,0,-7
27,57,0,-18
27,58,0,1
27,59,0,2
27,60,0,8
27,61,0,-12
27,62,0,-4
27,63,0,-5
27,64,0,-14
27,65,0,20
27,66,0,15
27,67,0,-1
27,68,0,-5
27,69,0,-1
27,70,0,16
27,71,0,21
27,72,0,-6
27,73,0,1
27,74,0,3
27,75,0,23
27,76,0,-15
27,77,0,-9
27,78,0,-5
27,79,0,-2
27,80,0,14
27,81,0,-7
27,82,0,-6
27,83,0,-9
27,84,0,8
27,85,0,-6
27,125,0,1
28,1,0,30
28,2,0,-6
28,3,0,-20
28,4,0,-1
28,5,0,-3
28,6,0,13
28,7,0,-5
28,8,0,-7
28,9,0,-11
28,10,0,-18
28,11,0,-5
28,12,0,19
28,13,0,-7
28,14,0,-2
28,15,0,1
28,16,0,9
28,17,0,-1
28,18,0,8
28,19,0,15
28,20,0,11
28,21,0,-6
28,22,0,2
28,23,0,-12
28,24,0,2
28,25,0,6
28,26,0,-27
28,27,0,3
28,28,0,110
28,29,0,9
28,30,0,1
28,31,0,7
28,32,0,25
28,33,0,31
28,34,0,-12
28,35,0,9
28,36,0,-16
28,37,0,30
28,38,0,5
28,39,0,-20
28,40,0,9
28,41,0,8
28,42,0,6
28,43,0,2
28,44,0,-4
28,45,0,-7
28,46,0,5
28,47,0,-7
28,48,0,3
28,49,0,-10
28,50,0,9
28,51,0,-25
28,52,0,13
28,53,0,7
28,55,0,4
28,56,0,21
28,57,0,-25
28,58,0,2
28,59,0,-6
28,60,0,-8
28,61,0,3
28,62,0,-7
28,63,0,-10
28,64,0,-4
28,65,0,3
28,66,0,-1
28,67,0,1
28,68,0,18
28,69,0,15
28,70,0,-7
28,71,0,-18
28,72,0,16
28,73,0,-17
28,74,0,9
28,75,0,4
28,76,0,-8
28,77,0,-13
28,78,0,6
28,79,0,-16
28,80,0,21
28,81,0,17
28,82,0,6
28,83,0,13
28,84,0,-9
28,85,0,-14
28,126,0,1
29,1,0,2
29,2,0,-13
29,3,0,2
29,4,0,3
29,5,0,6
29,6,0,9
29,7,0,-1
29,8,0,24
29,9,0,-7
29,10,0,17
29,12,0,1
29,13,0,11
29,14,0,-22
29,15,0,20
29,16,0,-6
29,17,0,-18
29,18,0,3
29,19,0,1
29,20,0,16
29,21,0,-6
29,22,0,-7
29,23,0,4
29,24,0,-11
29,25,0,-2
29,26,0,-34
29,27,0,-3
29,28,0,9
29,29,0,112
29,30,0,-7
29,31,0,-3
29,32,0,-20
29,33,0,4
29,34,0,10
29,35,0,-6
29,36,0,-13
29,37,0,6
29,38,0,10
29,39,0,-5
29,40,0,18
29,41,0,12
29,42,0,29
29,43,0,26
29,44,0,15
29,45,0,-8
29,46,0,-12
29,47,0,14
29,48,0,14
29,49,0,4
29,50,0,-3
29,51,0,-7
29,52,0,-11
29,53,0,-10
29,54,0,3
29,55,0,9
29,56,0,6
29,57,0,15
29,58,0,-18
29,59,0,-9
29,60,0,16
29,61,0,-7
29,62,0,-4
29,63,0,-3
29,64,0,-27
29,65,0,-16
29,66,0,5
29,67,0,3
29,68,0,-19
29,69,0,-3
29,70,0,-16
29,71,0,8
29,72,0,20
29,73,0,9
29,74,0,-3
29,75,0,-13
29,76,0,-18
29,77,0,-23
29,78,0,-30
29,79,0,-1
29,80,0,-3
29,81,0,-1
29,82,0,2
29,83,0,9
29,84,0,8
29,85,0,5
29,127,0,1
30,1,0,5
30,2,0,-11
30,3,0,13
30,4,0,-1
30,5,0,-3
30,6,0,-36
30,7,0,-1
30,8,0,23
30,9,0,-4
30,10,0,23
30,11,0,12
30,12,0,-8
30,13,0,9
30,14,0,3
30,15,0,21
30,16,0,1
30,17,0,-2
30,18,0,3
30,20,0,-22
30,21,0,-3
30,22,0,1
30,23,0,-14
30,24,0,-7
30,25,0,19
30,26,0,11
30,27,0,-12
30,28,0,1
30,29,0,-7
30,30,0,114
30,31,0,7
30,32,0,8
30,33,0,-12
30,34,0,12
30,35,0,-5
30,36,0,-2
30,37,0,1
30,38,0,-9
30,39,0,6
30,40,0,17
30,41,0,3
30,42,0,-4
30,43,0,-23
30,44,0,2
30,45,0,-7
30,46,0,-25
30,47,0,-8
30,48,0,-3
30,49,0,-2
30,50,0,-16
30,51,0,-17
30,52,0,17
30,53,0,13
30,54,0,-10
30,55,0,-8
30,56,0,-12
30,57,0,1
30,58,0,14
30,59,0,5
30,60,0,4
30,61,0,-10
30,62,0,-13
30,63,0,-6
30,64,0,8
30,65,0,3
30,66,0,10
30,67,0,2
30,68,0,2
30,69,0,3
30,70,0,14
30,71,0,9
30,72,0,8
30,73,0,5
30,74,0,6
30,75,0,-23
30,76,0,-8
30,77,0,-7
30,78,0,-5
30,79,0,-16
30,80,0,4
30,81,0,33
30,82,0,-8
30,83,0,-3
30,84,0,-8
30,85,0,2
30,128,0,1
31,1,0,5
31,2,0,2
31,3,0,-3
31,4,0,17
31,5,0,-16
31,6,0,12
31,7,0,-27
31,8,0,-20
31,9,0,2
31,10,0,-7
31,11,0,-3
31,12,0,-1
31,13,0,4
31,15,0,-2
31,16,0,10
31,17,0,11
31,18,0,-16
31,19,0,-2
31,20,0,-14
31,21,0,-30
31,22,0,-14
31,23,0,2
31,24,0,2
31,25,0,9
31,27,0,3
31,28,0,7
31,29,0,-3
31,30,0,7
31,31,0,127
31,32,0,-3
31,33,0,23
31,34,0,28
31,35,0,4
31,36,0,1
31,37,0,-6
31,38,0,4
31,39,0,15
31,41,0,3
31,42,0,-9
31,43,0,-10
31,44,0,8
31,45,0,27
31,46,0,16
31,47,0,-9
31,48,0,35
31,49,0,2
31,50,0,2
31,51,0,-15
31,52,0,5
31,53,0,-16
31,54,0,14
31,55,0,15
31,56,0,13
31,57,0,-4
31,58,0,11
31,59,0,19
31,60,0,-22
31,61,0,2
31,62,0,-15
31,63,0,-15
31,64,0,4
31,65,0,-9
31,66,0,-6
31,67,0,-12
31,68,0,-29
31,69,0,-20
31,70,0,-30
31,71,0,3
31,72,0,8
31,73,0,11
31,74,0,2
31,75,0,-17
31,76,0,-1
31,77,0,20
31,78,0,20
31,79,0,-4
31,80,0,-19
31,82,0,3
31,83,0,11
31,85,0,40
31,129,0,1
32,1,0,19
32,2,0,2
32,3,0,-9
32,4,0,28
32,5,0,-8
32,6,0,-7
32,7,0,-4
32,8,0,20
32,9,0,-12
32,10,0,18
32,11,0,-7
32,12,0,-30
32,13,0,10
32,14,0,3
32,15,0,-2
32,16,0,-15
32,17,0,-3
32,18,0,11
32,19,0,-29
32,20,0,2
32,21,0,9
32,22,0,7
32,23,0,-11
32,24,0,-2
32,25,0,-9
32,26,0,-18
32,27,0,-10
32,28,0,25
32,29,0,-20
32,30,0,8
32,31,0,-3
32,32,0,131
32,33,0,5
32,34,0,-20
32,35,0,-6
32,36,0,6
32,37,0,35
32,38,0,-5
32,39,0,-6
32,40,0,5
32,41,0,26
32,42,0,-5
32,43,0,-5
32,44,0,-7
32,45,0,-8
32,46,0,-3
32,48,0,-2
32,49,0,-3
32,50,0,-29
32,51,0,-3
32,52,0,7
32,53,0,-17
32,54,0,-13
32,55,0,-18
32,56,0,12
32,57,0,-20
32,58,0,-1
32,59,0,1
32,60,0,14
32,61,0,6
32,62,0,-4
32,63,0,9
32,64,0,-2
32,65,0,-1
32,66,0,2
32,67,0,-2
32,68,0,16
32,69,0,2
32,70,0,2
32,71,0,-4
32,72,0,3
32,73,0,1
32,74,0,2
32,75,0,-6
32,76,0,39
32,77,0,3
32,78,0,5
32,79,0,-9
32,80,0,5
32,81,0,10
32,82,0,17
32,83,0,-8
32,84,0,-3
32,85,0,-17
32,130,0,1
33,2,0,13
33,3,0,-38
33,4,0,12
33,5,0,20
33,6,0,11
33,7,0,2
33,8,0,6
33,9,0,2
33,10,0,2
33,11,0,5
33,12,0,-3
33,13,0,2
33,14,0,-14
33,15,0,-8
33,16,0,-2
33,17,0,12
33,18,0,25
33,19,0,6
33,20,0,4
33,21,0,-19
33,22,0,-6
33,23,0,-11
33,24,0,-1
33,25,0,-3
33,26,0,13
33,28,0,31
33,29,0,4
33,30,0,-12
33,31,0,23
33,32,0,5
33,33,0,139
33,34,0,12
33,35,0,13
33,36,0,-10
33,37,0,-2
33,38,0,-13
33,39,0,-15
33,40,0,-1
33,41,0,5
33,42,0,3
33,43,0,18
33,44,0,-12
33,45,0,3
33,46,0,7
33,47,0,8
33,48,0,-3
33,49,0,-25
33,50,0,12
33,51,0,-14
33,52,0,-2
33,54,0,14
33,55,0,-11
33,56,0,9
33,57,0,3
33,58,0,35
33,59,0,14
33,60,0,-35
33,61,0,20
33,62,0,-9
33,63,0,-16
33,64,0,-2
33,65,0,14
33,66,0,-4
33,67,0,3
33,68,0,21
33,69,0,-9
33,70,0,7
33,71,0,-20
33,72,0,-11
33,73,0,8
33,74,0,-1
33,75,0,-6
33,76,0,27
33,77,0,-14
33,78,0,11
33,79,0,-17
33,80,0,11
33,81,0,-23
33,82,0,-8
33,83,0,16
33,84,0,6
33,85,0,-4
33,131,0,1
34,1,0,-11
34,2,0,8
34,3,0,23
34,4,0,-15
34,5,0,4
34,7,0,-21
34,8,0,5
34,9,0,-8
34,10,0,17
34,11,0,-1
34,12,0,9
34,13,0,-11
34,14,0,-3
34,15,0,-24
34,16,0,-9
34,17,0,-3
34,18,0,10
34,19,0,2
34,20,0,-9
34,21,0,-17
34,22,0,-10
34,23,0,-3
34,24,0,5
34,25,0,8
34,26,0,20
34,27,0,14
34,28,0,-12
34,29,0,10
34,30,0,12
34,31,0,28
34,32,0,-20
34,33,0,12
34,34,0,120
34,35,0,1
34,36,0,-3
34,37,0,-18
34,38,0,9
34,39,0,24
34,40,0,11
34,41,0,4
34,42,0,21
34,43,0,18
34,44,0,-4
34,45,0,13
34,46,0,3
34,47,0,-13
34,48,0,25
34,49,0,-14
34,50,0,-1
34,51,0,-8
34,52,0,-6
34,53,0,-19
34,54,0,-9
34,55,0,-6
34,56,0,-9
34,57,0,19
34,58,0,-5
34,59,0,-18
34,60,0,-21
34,61,0,-16
34,62,0,-10
34,63,0,-5
34,64,0,-1
34,65,0,-6
34,66,0,-1
34,67,0,-24
34,68,0,-9
34,69,0,-22
34,70,0,12
34,71,0,10
34,72,0,-3
34,73,0,-4
34,74,0,15
34,75,0,-21
34,76,0,12
34,77,0,6
34,78,0,7
34,79,0,22
34,80,0,10
34,81,0,-3
34,82,0,-6
34,84,0,-15
34,85,0,28
34,132,0,1
35,1,0,-14
35,2,0,-11
35,3,0,-4
35,4,0,13
35,5,0,6
35,6,0,-27
35,8,0,8
35,9,0,-3
35,10,0,13
35,11,0,-13
35,12,0,-24
35,13,0,-3
35,14,0,-3
35,15,0,9
35,16,0,13
35,17,0,-3
35,18,0,-7
35,19,0,10
35,20,0,-5
35,21,0,7
35,22,0,-13
35,23,0,-11
35,24,0,14
35,25,0,-6
35,26,0,3
35,27,0,-8
35,28,0,9
35,29,0,-6
35,30,0,-5
35,31,0,4
35,32,0,-6
35,33,0,13
35,34,0,1
35,35,0,109
35,36,0,-1
35,37,0,-16
35,38,0,2
35,39,0,-16
35,40,0,-21
35,41,0,-5
35,42,0,-3
35,43,0,2
35,44,0,15
35,45,0,-5
35,46,0,8
35,47,0,-11
35,48,0,-1
35,49,0,-6
35,50,0,-25
35,51,0,-18
35,52,0,-1
35,53,0,9
35,54,0,2
35,55,0,-3
35,56,0,-11
35,57,0,-10
35,58,0,-19
35,59,0,17
35,60,0,-4
35,61,0,16
35,62,0,7
35,63,0,-6
35,64,0,10
35,65,0,11
35,66,0,-12
35,67,0,1
35,69,0,19
35,70,0,-4
35,71,0,14
35,72,0,6
35,73,0,13
35,74,0,20
35,75,0,-1
35,76,0,24
35,77,0,1
35,78,0,-18
35,79,0,-7
35,80,0,-17
35,81,0,15
35,82,0,8
35,83,0,-10
35,84,0,-8
35,85,0,-4
35,133,0,1
36,1,0,-30
36,2,0,8
36,3,0,8
36,4,0,17
36,5,0,1
36,6,0,-1
36,7,0,-25
36,8,0,4
36,9,0,-11
36,10,0,-3
36,11,0,17
36,12,0,-31
36,13,0,-3
36,14,0,-4
36,15,0,-24
36,16,0,34
36,17,0,-8
36,18,0,-22
36,19,0,28
36,20,0,6
36,21,0,2
36,22,0,-4
36,23,0,-3
36,24,0,-14
36,25,0,-8
36,26,0,16
36,27,0,14
36,28,0,-16
36,29,0,-13
36,30,0,-2
36,31,0,1
36,32,0,6
36,33,0,-10
36,34,0,-3
36,35,0,-1
36,36,0,134
36,37,0,-13
36,38,0,-15
36,39,0,28
36,40,0,-30
36,41,0,5
36,42,0,-29
36,43,0,15
36,44,0,3
36,45,0,8
36,46,0,-3
36,47,0,27
36,49,0,-3
36,50,0,9
36,51,0,14
36,52,0,7
36,53,0,12
36,54,0,-28
36,55,0,12
36,56,0,-17
36,57,0,-14
36,58,0,-4
36,60,0,4
36,61,0,-15
36,62,0,-8
36,63,0,-3
36,64,0,2
36,65,0,-9
36,66,0,-2
36,67,0,-12
36,68,0,17
36,69,0,-21
36,70,0,-17
36,71,0,23
36,72,0,-12
36,73,0,-15
36,74,0,-4
36,75,0,-6
36,76,0,-27
36,77,0,-13
36,78,0,5
36,79,0,25
36,80,0,-1
36,81,0,7
36,82,0,14
36,83,0,24
36,84,0,10
36,85,0,-17
36,134,0,1
37,1,0,11
37,2,0,-1
37,3,0,1
37,4,0,-46
37,5,0,2
37,6,0,-2
37,7,0,-17
37,8,0,2
37,9,0,19
37,10,0,8
37,11,0,6
37,12,0,27
37,13,0,16
37,14,0,12
37,15,0,16
37,16,0,-23
37,17,0,25
37,18,0,23
37,19,0,4
37,20,0,14
37,22,0,1
37,23,0,7
37,25,0,14
37,26,0,-20
37,27,0,6
37,28,0,30
37,29,0,6
37,30,0,1
37,31,0,-6
37,32,0,35
37,33,0,-2
37,34,0,-18
37,35,0,-16
37,36,0,-13
37,37,0,136
37,38,0,-2
37,39,0,-10
37,40,0,8
37,41,0,-2
37,42,0,-28
37,43,0,-16
37,44,0,1
37,45,0,-31
37,46,0,18
37,47,0,-4
37,48,0,-12
37,49,0,17
37,50,0,-21
37,51,0,24
37,52,0,6
37,53,0,2
37,54,0,-24
37,55,0,10
37,56,0,17
37,57,0,-43
37,58,0,-12
37,59,0,14
37,60,0,11
37,61,0,-9
37,62,0,-19
37,63,0,5
37,64,0,-41
37,65,0,7
37,66,0,-6
37,67,0,3
37,68,0,27
37,69,0,21
37,70,0,7
37,71,0,6
37,72,0,-9
37,73,0,-6
37,74,0,-4
37,75,0,-5
37,76,0,17
37,77,0,1
37,78,0,-4
37,79,0,-3
37,80,0,10
37,81,0,-22
37,82,0,-4
37,83,0,-12
37,84,0,22
37,85,0,-6
37,135,0,1
38,1,0,8
38,2,0,-6
38,3,0,-9
38,4,0,-5
38,5,0,9
38,6,0,11
38,7,0,-10
38,8,0,2
38,9,0,-4
38,10,0,-9
38,11,0,-17
38,12,0,11
38,13,0,5
38,14,0,4
38,16,0,-7
38,17,0,-14
38,18,0,10
38,19,0,-13
38,20,0,2
38,21,0,1
38,22,0,-13
38,23,0,25
38,24,0,-9
38,25,0,12
38,26,0,-17
38,27,0,20
38,28,0,5
38,29,0,10
38,30,0,-9
38,31,0,4
38,32,0,-5
38,33,0,-13
38,34,0,9
38,35,0,2
38,36,0,-15
38,37,0,-2
38,38,0,102
38,39,0,-12
38,40,0,-14
38,41,0,-7
38,42,0,-2
38,43,0,-4
38,44,0,17
38,45,0,1
38,46,0,1
38,47,0,-3
38,48,0,2
38,49,0,7
38,50,0,-5
38,51,0,-1
38,52,0,-16
38,53,0,-4
38,54,0,-2
38,55,0,9
38,56,0,-18
38,57,0,-2
38,58,0,-1
38,59,0,11
38,60,0,-6
38,61,0,5
38,62,0,10
38,63,0,14
38,64,0,-14
38,65,0,-10
38,66,0,13
38,67,0,-8
38,69,0,6
38,70,0,4
38,71,0,8
38,72,0,-8
38,73,0,12
38,74,0,16
38,75,0,10
38,76,0,-3
38,77,0,15
38,78,0,-8
38,79,0,2
38,80,0,-16
38,81,0,-4
38,82,0,2
38,83,0,-8
38,84,0,-9
38,85,0,-26
38,136,0,1
39,1,0,-7
39,2,0,4
39,3,0,39
39,4,0,-10
39,5,0,10
39,6,0,9
39,7,0,-16
39,8,0,-30
39,9,0,11
39,10,0,-6
39,11,0,-15
39,12,0,22
39,13,0,11
39,14,0,-6
39,15,0,6
39,16,0,-1
39,17,0,9
39,18,0,-38
39,20,0,-27
39,21,0,16
39,22,0,-1
39,23,0,-14
39,24,0,13
39,25,0,-17
39,26,0,17
39,27,0,-6
39,28,0,-20
39,29,0,-5
39,30,0,6
39,31,0,15
39,32,0,-6
39,33,0,-15
39,34,0,24
39,35,0,-16
39,36,0,28
39,37,0,-10
39,38,0,-12
39,39,0,135
39,40,0,-18
39,41,0,-12
39,42,0,-9
39,43,0,16
39,44,0,2
39,45,0,19
39,46,0,-19
39,47,0,9
39,48,0,16
39,49,0,-2
39,50,0,-1
39,52,0,1
39,53,0,3
39,54,0,-15
39,55,0,-12
39,56,0,6
39,57,0,8
39,58,0,9
39,59,0,-5
39,60,0,7
39,61,0,-13
39,62,0,-12
39,63,0,-14
39,64,0,-1
39,65,0,-1
39,66,0,-39
39,67,0,2
39,68,0,-3
39,69,0,-28
39,70,0,-27
39,71,0,15
39,72,0,3
39,73,0,12
39,74,0,-8
39,75,0,-26
39,76,0,-17
39,77,0,-4
39,78,0,-2
39,79,0,-13
39,80,0,-4
39,81,0,4
39,82,0,-16
39,83,0,7
39,84,0,8
39,85,0,19
39,137,0,1
40,1,0,21
40,2,0,3
40,3,0,-17
40,4,0,5
40,5,0,-14
40,6,0,12
40,7,0,-2
40,8,0,17
40,9,0,-8
40,10,0,24
40,11,0,17
40,12,0,-10
40,13,0,9
40,14,0,-7
40,15,0,14
40,16,0,-3
40,17,0,15
40,18,0,18
40,19,0,-33
40,20,0,-11
40,21,0,-25
40,22,0,-2
40,23,0,-20
40,24,0,12
40,25,0,5
40,26,0,-19
40,27,0,-10
40,28,0,9
40,29,0,18
40,30,0,17
40,32,0,5
40,33,0,-1
40,34,0,11
40,35,0,-21
40,36,0,-30
40,37,0,8
40,38,0,-14
40,39,0,-18
40,40,0,115
40,41,0,9
40,42,0,10
40,43,0,-9
40,44,0,14
40,45,0,7
40,46,0,-11
40,47,0,5
40,48,0,12
40,49,0,-10
40,50,0,-8
40,51,0,2
40,52,0,-8
40,53,0,-11
40,54,0,6
40,55,0,14
40,56,0,30
40,57,0,18
40,58,0,-6
40,59,0,-38
40,60,0,-20
40,61,0,1
40,62,0,16
40,63,0,-5
40,64,0,-19
40,65,0,-3
40,66,0,5
40,67,0,-14
40,68,0,-9
40,69,0,16
40,70,0,19
40,71,0,-1
40,72,0,2
40,74,0,18
40,75,0,-20
40,76,0,7
40,77,0,13
40,78,0,-1
40,79,0,5
40,80,0,15
40,81,0,4
40,82,0,2
40,83,0,3
40,84,0,-7
40,85,0,11
40,138,0,1
41,1,0,32
41,2,0,-17
41,3,0,-10
41,4,0,5
41,5,0,-9
41,6,0,10
41,7,0,11
41,8,0,6
41,9,0,11
41,10,0,12
41,11,0,12
41,12,0,-1
41,13,0,-6
41,14,0,-8
41,15,0,10
41,16,0,6
41,17,0,1
41,18,0,-23
41,19,0,6
41,20,0,8
41,21,0,-20
41,22,0,-3
41,23,0,-12
41,24,0,1
41,25,0,11
41,26,0,-2
41,27,0,8
41,28,0,8
41,29,0,12
41,30,0,3
41,31,0,3
41,32,0,26
41,33,0,5
41,34,0,4
41,35,0,-5
41,36,0,5
41,37,0,-2
41,38,0,-7
41,39,0,-12
41,40,0,9
41,41,0,118
41,42,0,11
41,43,0,1
41,44,0,-3
41,45,0,-9
41,46,0,-1
41,47,0,11
41,49,0,-28
41,50,0,-7
41,51,0,-29
41,52,0,9
41,53,0,2
41,54,0,8
41,55,0,-2
41,56,0,1
41,57,0,21
41,58,0,-9
41,59,0,-18
41,60,0,25
41,61,0,1
41,62,0,13
41,63,0,-15
41,64,0,-15
41,65,0,8
41,66,0,-1
41,67,0,-3
41,68,0,-13
41,69,0,3
41,70,0,16
41,71,0,-5
41,72,0,-9
41,73,0,-12
41,74,0,10
41,75,0,-37
41,76,0,1
41,77,0,-35
41,78,0,4
41,79,0,-1
41,80,0,-6
41,81,0,3
41,82,0,-31
41,83,0,16
41,84,0,-8
41,85,0,21
41,139,0,1
42,1,0,15
42,2,0,9
42,3,0,3
42,4,0,24
42,5,0,-2
42,6,0,-4
42,7,0,24
42,9,0,-7
42,10,0,-20
42,11,0,4
42,12,0,-14
42,13,0,-4
42,14,0,-8
42,15,0,3
42,16,0,-14
42,17,0,5
42,18,0,9
42,19,0,-11
42,20,0,17
42,21,0,9
42,23,0,-14
42,24,0,-5
42,25,0,-17
42,26,0,-4
42,27,0,-20
42,28,0,6
42,29,0,29
42,30,0,-4
42,31,0,-9
42,32,0,-5
42,33,0,3
42,34,0,21
42,35,0,-3
42,36,0,-29
42,37,0,-28
42,38,0,-2
42,39,0,-9
42,40,0,10
42,41,0,11
42,42,0,149
42,43,0,-4
42,44,0,15
42,45,0,4
42,46,0,21
42,47,0,12
42,48,0,12
42,49,0,5
42,50,0,33
42,51,0,-16
42,52,0,-29
42,53,0,-32
42,54,0,24
42,55,0,-27
42,56,0,5
42,57,0,9
42,58,0,-37
42,59,0,-32
42,60,0,2
42,61,0,-4
42,62,0,11
42,63,0,-4
42,64,0,10
42,65,0,-13
42,66,0,-18
42,67,0,-1
42,68,0,-22
42,69,0,-14
42,70,0,-1
42,71,0,-5
42,72,0,23
42,73,0,-18
42,74,0,20
42,75,0,-24
42,76,0,32
42,77,0,12
42,78,0,-41
42,79,0,15
42,80,0,27
42,81,0,15
42,82,0,10
42,83,0,7
42,84,0,12
42,85,0,14
42,140,0,1
43,1,0,-15
43,2,0,6
43,3,0,21
43,4,0,31
43,5,0,-3
43,6,0,4
43,7,0,6
43,8,0,-19
43,9,0,-9
43,10,0,26
43,11,0,-26
43,12,0,-9
43,13,0,6
43,14,0,-16
43,15,0,-20
43,16,0,4
43,17,0,-19
43,18,0,16
43,19,0,8
43,20,0,6
43,22,0,-1
43,23,0,-16
43,24,0,6
43,25,0,10
43,26,0,3
43,27,0,-8
43,28,0,2
43,29,0,26
43,30,0,-23
43,31,0,-10
43,32,0,-5
43,33,0,18
43,34,0,18
43,35,0,2
43,36,0,15
43,37,0,-16
43,38,0,-4
43,39,0,16
43,40,0,-9
43,41,0,1
43,42,0,-4
43,43,0,124
43,44,0,-13
43,45,0,-2
43,46,0,-23
43,47,0,18
43,48,0,-28
43,49,0,-22
43,50,0,-2
43,51,0,8
43,52,0,-13
43,53,0,4
43,54,0,-16
43,55,0,-2
43,56,0,5
43,57,0,27
43,58,0,6
43,59,0,13
43,60,0,-11
43,61,0,-11
43,62,0,-7
43,63,0,-14
43,65,0,-3
43,66,0,-9
43,67,0,-10
43,68,0,17
43,69,0,10
43,70,0,2
43,71,0,-16
43,72,0,13
43,73,0,-15
43,74,0,-35
43,75,0,27
43,76,0,-3
43,77,0,-27
43,79,0,-1
43,80,0,12
43,81,0,-5
43,82,0,-8
43,83,0,32
43,84,0,-10
43,85,0,-11
43,141,0,1
44,1,0,-2
44,2,0,7
44,3,0,13
44,4,0,-10
44,5,0,13
44,6,0,-17
44,7,0,-12
44,8,0,4
44,9,0,-21
44,10,0,-17
44,11,0,6
44,12,0,11
44,13,0,-16
44,14,0,8
44,15,0,22
44,16,0,-13
44,17,0,-5
44,18,0,-19
44,19,0,13
44,20,0,-30
44,21,0,-4
44,22,0,-5
44,23,0,-13
44,24,0,-3
44,25,0,6
44,26,0,-17
44,27,0,-8
44,28,0,-4
44,29,0,15
44,30,0,2
44,31,0,8
44,32,0,-7
44,33,0,-12
44,34,0,-4
44,35,0,15
44,36,0,3
44,37,0,1
44,38,0,17
44,39,0,2
44,40,0,14
44,41,0,-3
44,42,0,15
44,43,0,-13
44,44,0,95
44,45,0,11
44,46,0,-1
44,47,0,5
44,48,0,2
44,50,0,-8
44,51,0,-4
44,52,0,9
44,53,0,-21
44,54,0,-4
44,55,0,-12
44,56,0,-1
44,57,0,7
44,58,0,-10
44,59,0,-27
44,60,0,-8
44,61,0,5
44,62,0,23
44,63,0,2
44,64,0,-2
44,65,0,3
44,66,0,-10
44,67,0,-18
44,68,0,2
44,69,0,-15
44,70,0,-28
44,71,0,14
44,72,0,-1
44,73,0,15
44,74,0,38
44,75,0,-24
44,76,0,-2
44,77,0,15
44,78,0,-38
44,79,0,3
44,80,0,-17
44,81,0,6
44,82,0,10
44,83,0,-16
44,84,0,6
44,85,0,-4
44,142,0,1
45,1,0,-8
45,2,0,5
45,3,0,10
45,4,0,16
45,5,0,6
45,6,0,37
45,7,0,-14
45,8,0,-18
45,9,0,-16
45,10,0,-1
45,11,0,-11
45,12,0,-22
45,13,0,-2
45,14,0,4
45,15,0,-9
45,16,0,6
45,17,0,-41
45,18,0,-18
45,19,0,11
45,20,0,12
45,21,0,13
45,22,0,-28
45,23,0,26
45,24,0,-22
45,25,0,12
45,26,0,-5
45,27,0,-20
45,28,0,-7
45,29,0,-8
45,30,0,-7
45,31,0,27
45,32,0,-8
45,33,0,3
45,34,0,13
45,35,0,-5
45,36,0,8
45,37,0,-31
45,38,0,1
45,39,0,19
45,40,0,7
45,41,0,-9
45,42,0,4
45,43,0,-2
45,44,0,11
45,45,0,140
45,46,0,-1
45,47,0,17
45,48,0,12
45,49,0,-7
45,50,0,7
45,51,0,1
45,52,0,-2
45,53,0,3
45,54,0,-2
45,55,0,16
45,56,0,15
45,57,0,25
45,58,0,-19
45,59,0,-20
45,60,0,21
45,61,0,-17
45,62,0,8
45,63,0,-7
45,64,0,7
45,65,0,-7
45,66,0,-14
45,67,0,2
45,68,0,-1
45,69,0,-19
45,70,0,-30
45,71,0,-12
45,72,0,-6
45,73,0,1
45,74,0,9
45,75,0,-2
45,76,0,-6
45,77,0,25
45,78,0,7
45,79,0,-2
45,80,0,-17
45,81,0,1
45,82,0,11
45,83,0,9
45,84,0,17
45,85,0,-18
45,143,0,1
46,1,0,-4
46,2,0,8
46,3,0,-12
46,4,0,-11
46,5,0,10
46,6,0,9
46,7,0,8
46,8,0,-12
46,9,0,3
46,10,0,-24
46,11,0,10
46,12,0,3
46,13,0,-21
46,14,0,12
46,15,0,3
46,16,0,-17
46,17,0,-7
46,18,0,-21
46,19,0,-8
46,20,0,9
46,21,0,-1
46,22,0,-5
46,23,0,24
46,24,0,-10
46,25,0,13
46,26,0,-7
46,27,0,8
46,28,0,5
46,29,0,-12
46,30,0,-25
46,31,0,16
46,32,0,-3
46,33,0,7
46,34,0,3
46,35,0,8
46,36,0,-3
46,37,0,18
46,38,0,1
46,39,0,-19
46,40,0,-11
46,41,0,-1
46,42,0,21
46,43,0,-23
46,44,0,-1
46,45,0,-1
46,46,0,103
46,47,0,2
46,48,0,20
46,49,0,2
46,50,0,18
46,51,0,-5
46,52,0,-30
46,53,0,3
46,54,0,-3
46,55,0,18
46,56,0,-5
46,57,0,-41
46,58,0,4
46,59,0,-3
46,60,0,-13
46,61,0,10
46,63,0,-8
46,64,0,-10
46,65,0,4
46,66,0,-26
46,67,0,1
46,68,0,-18
46,69,0,-7
46,70,0,-12
46,71,0,8
46,72,0,-7
46,73,0,-16
46,74,0,14
46,75,0,-6
46,76,0,21
46,77,0,7
46,78,0,3
46,79,0,17
46,80,0,-10
46,81,0,-11
46,82,0,15
46,83,0,-11
46,84,0,22
46,85,0,8
46,144,0,1
47,1,0,15
47,2,0,7
47,3,0,-9
47,4,0,25
47,5,0,13
47,6,0,22
47,7,0,-4
47,8,0,2
47,9,0,19
47,10,0,8
47,11,0,-1
47,12,0,-6
47,13,0,26
47,14,0,-8
47,15,0,-5
47,16,0,23
47,17,0,-10
47,18,0,-13
47,19,0,17
47,20,0,10
47,21,0,12
47,24,0,-24
47,25,0,-3
47,26,0,6
47,27,0,-18
47,28,0,-7
47,29,0,14
47,30,0,-8
47,31,0,-9
47,33,0,8
47,34,0,-13
47,35,0,-11
47,36,0,27
47,37,0,-4
47,38,0,-3
47,39,0,9
47,40,0,5
47,41,0,11
47,42,0,12
47,43,0,18
47,44,0,5
47,45,0,17
47,46,0,2
47,47,0,110
47,48,0,4
47,49,0,-13
47,50,0,-3
47,51,0,-11
47,52,0,-8
47,53,0,18
47,54,0,-24
47,55,0,-11
47,56,0,11
47,57,0,16
47,58,0,-17
47,59,0,-3
47,60,0,-7
47,61,0,-8
47,62,0,5
47,63,0,-15
47,64,0,-3
47,65,0,-15
47,66,0,-5
47,67,0,11
47,68,0,-1
47,69,0,-15
47,70,0,1
47,71,0,13
47,72,0,-4
47,73,0,-15
47,74,0,7
47,75,0,-6
47,76,0,15
47,77,0,-7
47,78,0,-2
47,79,0,-6
47,80,0,-4
47,82,0,23
47,83,0,7
47,84,0,3
47,85,0,-3
47,145,0,1
48,1,0,-11
48,2,0,-5
48,3,0,-8
48,4,0,20
48,5,0,-5
48,6,0,6
48,7,0,-11
48,8,0,16
48,9,0,-1
48,10,0,2
48,11,0,31
48,12,0,2
48,13,0,-7
48,14,0,-13
48,15,0,-1
48,16,0,-15
48,18,0,-5
48,19,0,-19
48,20,0,1
48,21,0,-1
48,22,0,-9
48,23,0,8
48,24,0,12
48,25,0,10
48,26,0,-5
48,27,0,5
48,28,0,3
48,29,0,14
48,30,0,-3
48,31,0,35
48,32,0,-2
48,33,0,-3
48,34,0,25
48,35,0,-1
48,37,0,-12
48,38,0,2
48,39,0,16
48,40,0,12
48,42,0,12
48,43,0,-28
48,44,0,2
48,45,0,12
48,46,0,20
48,47,0,4
48,48,0,106
48,49,0,-2
48,50,0,10
48,51,0,-7
48,52,0,3
48,53,0,-28
48,54,0,1
48,55,0,1
48,56,0,10
48,57,0,-17
48,59,0,-20
48,60,0,-15
48,61,0,5
48,62,0,-3
48,63,0,-23
48,64,0,-17
48,66,0,8
48,67,0,-5
48,68,0,-29
48,69,0,-16
48,70,0,-12
48,71,0,22
48,72,0,19
48,73,0,1
48,74,0,32
48,75,0,-16
48,77,0,3
48,78,0,5
48,79,0,4
48,80,0,-13
48,81,0,-6
48,82,0,3
48,84,0,10
48,85,0,30
48,146,0,1
49,1,0,-26
49,2,0,-2
49,3,0,10
49,4,0,-24
49,5,0,-6
49,6,0,-13
49,7,0,3
49,8,0,-20
49,9,0,19
49,10,0,-18
49,11,0,-7
49,12,0,-4
49,13,0,-20
49,14,0,27
49,15,0,11
49,16,0,-3
49,17,0,-2
49,18,0,14
49,19,0,-6
49,20,0,-15
49,21,0,12
49,22,0,7
49,23,0,4
49,24,0,-24
49,25,0,-25
49,26,0,8
49,27,0,-19
49,28,0,-10
49,29,0,4
49,30,0,-2
49,31,0,2
49,32,0,-3
49,33,0,-25
49,34,0,-14
49,35,0,-6
49,36,0,-3
49,37,0,17
49,38,0,7
49,39,0,-2
49,40,0,-10
49,41,0,-28
49,42,0,5
49,43,0,-22
49,45,0,-7
49,46,0,2
49,47,0,-13
49,48,0,-2
49,49,0,127
49,50,0,2
49,51,0,12
49,52,0,14
49,53,0,23
49,54,0,-3
49,55,0,-8
49,56,0,4
49,57,0,-14
49,58,0,-3
49,59,0,7
49,61,0,6
49,62,0,-3
49,63,0,14
49,64,0,-17
49,65,0,-7
49,66,0,18
49,67,0,-22
49,68,0,-5
49,69,0,-2
49,70,0,-7
49,71,0,10
49,72,0,-6
49,74,0,17
49,75,0,-7
49,76,0,-12
49,77,0,37
49,78,0,-8
49,79,0,12
49,80,0,-28
49,81,0,-2
49,82,0,4
49,83,0,-4
49,84,0,-1
49,85,0,-21
49,147,0,1
50,1,0,-7
50,2,0,19
50,3,0,-8
50,4,0,21
50,5,0,-11
50,6,0,21
50,7,0,9
50,8,0,6
50,9,0,-17
50,10,0,-15
50,11,0,28
50,12,0,-5
50,14,0,1
50,15,0,-14
50,16,0,4
50,17,0,-7
50,18,0,5
50,19,0,-3
50,21,0,8
50,22,0,14
50,23,0,-4
50,24,0,1
50,25,0,-5
50,26,0,19
50,27,0,14
50,28,0,9
50,29,0,-3
50,30,0,-16
50,31,0,2
50,32,0,-29
50,33,0,12
50,34,0,-1
50,35,0,-25
50,36,0,9
50,37,0,-21
50,38,0,-5
50,39,0,-1
50,40,0,-8
50,41,0,-7
50,42,0,33
50,43,0,-2
50,44,0,-8
50,45,0,7
50,46,0,18
50,47,0,-3
50,48,0,10
50,49,0,2
50,50,0,108
50,51,0,-15
50,52,0,-15
50,53,0,6
50,54,0,3
50,55,0,15
50,56,0,5
50,57,0,-1
50,58,0,24
50,59,0,5
50,60,0,-17
50,61,0,-6
50,62,0,4
50,63,0,5
50,64,0,14
50,65,0,-5
50,66,0,-14
50,67,0,-2
50,68,0,-7
50,69,0,-17
50,70,0,-14
50,71,0,7
50,72,0,-7
50,73,0,-11
50,74,0,-1
50,75,0,7
50,76,0,-13
50,77,0,1
50,78,0,12
50,80,0,9
50,81,0,-7
50,82,0,-10
50,83,0,-9
50,84,0,18
50,85,0,1
50,148,0,1
51,1,0,-8
51,2,0,29
51,3,0,16
51,4,0,-15
51,5,0,-8
51,6,0,-14
51,7,0,-1
51,8,0,2
51,9,0,11
51,10,0,-3
51,11,0,-8
51,12,0,4
51,13,0,-15
51,14,0,2
51,15,0,14
51,16,0,-9
51,17,0,-3
51,18,0,12
51,19,0,6
51,20,0,-4
51,21,0,5
51,22,0,-13
51,23,0,23
51,24,0,-8
51,25,0,-3
51,26,0,6
51,27,0,25
51,28,0,-25
51,29,0,-7
51,30,0,-17
51,31,0,-15
51,32,0,-3
51,33,0,-14
51,34,0,-8
51,35,0,-18
51,36,0,14
51,37,0,24
51,38,0,-1
51,40,0,2
51,41,0,-29
51,42,0,-16
51,43,0,8
51,44,0,-4
51,45,0,1
51,46,0,-5
51,47,0,-11
51,48,0,-7
51,49,0,12
51,50,0,-15
51,51,0,123
51,52,0,-3
51,53,0,-27
51,54,0,2
51,55,0,-7
51,56,0,24
51,57,0,-15
51,58,0,-8
51,59,0,6
51,60,0,-2
51,61,0,-5
51,62,0,-8
51,63,0,8
51,64,0,-13
51,65,0,10
51,66,0,14
51,67,0,-3
51,68,0,12
51,69,0,-5
51,70,0,20
51,71,0,-15
51,72,0,-6
51,73,0,6
51,74,0,-17
51,75,0,30
51,76,0,-3
51,78,0,-5
51,79,0,18
51,80,0,8
51,81,0,-25
51,82,0,11
51,83,0,16
51,84,0,-11
51,85,0,-7
51,149,0,1
52,1,0,7
52,2,0,-23
52,3,0,20
52,4,0,-4
52,5,0,-16
52,6,0,-28
52,7,0,-24
52,8,0,20
52,9,0,-1
52,10,0,4
52,11,0,12
52,12,0,10
52,13,0,3
52,14,0,15
52,15,0,8
52,16,0,27
52,17,0,9
52,18,0,-19
52,19,0,11
52,20,0,2
52,21,0,-4
52,22,0,-6
52,23,0,-5
52,24,0,9
52,25,0,-12
52,26,0,11
52,27,0,-22
52,28,0,13
52,29,0,-11
52,30,0,17
52,31,0,5
52,32,0,7
52,33,0,-2
52,34,0,-6
52,35,0,-1
52,36,0,7
52,37,0,6
52,38,0,-16
52,39,0,1
52,40,0,-8
52,41,0,9
52,42,0,-29
52,43,0,-13
52,44,0,9
52,45,0,-2
52,46,0,-30
52,47,0,-8
52,48,0,3
52,49,0,14
52,50,0,-15
52,51,0,-3
52,52,0,127
52,53,0,-5
52,54,0,-1
52,56,0,7
52,57,0,16
52,58,0,11
52,59,0,-17
52,60,0,-6
52,61,0,-7
52,62,0,-1
52,63,0,-11
52,64,0,4
52,65,0,21
52,66,0,29
52,67,0,-6
52,68,0,-11
52,69,0,-15
52,70,0,-23
52,71,0,-23
52,72,0,7
52,73,0,11
52,74,0,-16
52,75,0,4
52,76,0,-16
52,77,0,-11
52,78,0,33
52,79,0,4
52,80,0,-4
52,81,0,-22
52,82,0,-18
52,83,0,1
52,84,0,-16
52,85,0,-6
52,150,0,1
53,1,0,-12
53,2,0,-25
53,3,0,3
53,4,0,-15
53,5,0,-3
53,6,0,2
53,7,0,7
53,8,0,-13
53,9,0,13
53,10,0,3
53,11,0,-13
53,12,0,-25
53,13,0,-16
53,14,0,21
53,15,0,-14
53,16,0,-11
53,17,0,-21
53,18,0,4
53,19,0,-12
53,20,0,11
53,21,0,1
53,22,0,-10
53,23,0,7
53,24,0,-31
53,25,0,-6
53,26,0,-6
53,27,0,-34
53,28,0,7
53,29,0,-10
53,30,0,13
53,31,0,-16
53,32,0,-17
53,34,0,-19
53,35,0,9
53,36,0,12
53,37,0,2
53,38,0,-4
53,39,0,3
53,40,0,-11
53,41,0,2
53,42,0,-32
53,43,0,4
53,44,0,-21
53,45,0,3
53,46,0,3
53,47,0,18
53,48,0,-28
53,49,0,23
53,50,0,6
53,51,0,-27
53,52,0,-5
53,53,0,165
53,54,0,-14
53,55,0,17
53,56,0,-7
53,57,0,-1
53,58,0,8
53,59,0,12
53,60,0,-9
53,61,0,3
53,62,0,2
53,63,0,24
53,65,0,-10
53,66,0,-14
53,67,0,1
53,69,0,37
53,70,0,3
53,71,0,5
53,72,0,-4
53,73,0,-19
53,74,0,4
53,75,0,14
53,76,0,-3
53,77,0,2
53,78,0,23
53,79,0,-6
53,80,0,-18
53,81,0,17
53,82,0,-13
53,83,0,-14
53,84,0,-23
53,85,0,-18
53,151,0,1
54,1,0,4
54,2,0,10
54,3,0,-17
54,4,0,-1
54,5,0,-5
54,6,0,18
54,7,0,12
54,8,0,-19
54,9,0,11
54,10,0,-38
54,11,0,-5
54,12,0,-2
54,13,0,2
54,14,0,5
54,15,0,20
54,16,0,-6
54,17,0,23
54,18,0,13
54,19,0,-22
54,20,0,-21
54,21,0,7
54,22,0,-15
54,23,0,-3
54,24,0,10
54,25,0,13
54,26,0,-2
54,27,0,-1
54,29,0,3
54,30,0,-10
54,31,0,14
54,32,0,-13
54,33,0,14
54,34,0,-9
54,35,0,2
54,36,0,-28
54,37,0,-24
54,38,0,-2
54,39,0,-15
54,40,0,6
54,41,0,8
54,42,0,24
54,43,0,-16
54,44,0,-4
54,45,0,-2
54,46,0,-3
54,47,0,-24
54,48,0,1
54,49,0,-3
54,50,0,3
54,51,0,2
54,52,0,-1
54,53,0,-14
54,54,0,124
54,55,0,9
54,56,0,-1
54,57,0,18
54,58,0,16
54,60,0,-5
54,61,0,-6
54,62,0,6
54,63,0,-8
54,64,0,4
54,65,0,-4
54,66,0,5
54,67,0,-13
54,68,0,-26
54,69,0,11
54,70,0,5
54,71,0,-21
54,72,0,11
54,73,0,-2
54,74,0,5
54,76,0,14
54,77,0,15
54,78,0,2
54,79,0,8
54,80,0,11
54,81,0,2
54,82,0,-6
54,83,0,10
54,84,0,3
54,85,0,6
54,152,0,1
55,1,0,15
55,2,0,-14
55,3,0,-16
55,4,0,-7
55,5,0,-13
55,6,0,15
55,7,0,5
55,8,0,7
55,9,0,-20
55,10,0,12
55,11,0,-2
55,12,0,-3
55,13,0,19
55,14,0,-14
55,15,0,-7
55,16,0,1
55,17,0,-11
55,18,0,1
55,20,0,5
55,21,0,-45
55,22,0,3
55,23,0,37
55,24,0,5
55,25,0,3
55,26,0,-11
55,27,0,8
55,28,0,4
55,29,0,9
55,30,0,-8
55,31,0,15
55,32,0,-18
55,33,0,-11
55,34,0,-6
55,35,0,-3
55,36,0,12
55,37,0,10
55,38,0,9
55,39,0,-12
55,40,0,14
55,41,0,-2
55,42,0,-27
55,43,0,-2
55,44,0,-12
55,45,0,16
55,46,0,18
55,47,0,-11
55,48,0,1
55,49,0,-8
55,50,0,15
55,51,0,-7
55,53,0,17
55,54,0,9
55,55,0,112
55,56,0,-12
55,57,0,-18
55,58,0,7
55,59,0,-1
55,60,0,8
55,61,0,-5
55,62,0,3
55,63,0,19
55,64,0,-7
55,65,0,-10
55,66,0,-4
55,67,0,-8
55,68,0,-7
55,69,0,3
55,70,0,-7
55,71,0,-1
55,72,0,-3
55,73,0,5
55,74,0,-21
55,75,0,-1
55,76,0,-22
55,77,0,-1
55,78,0,-2
55,79,0,-18
55,80,0,10
55,82,0,-2
55,83,0,-5
55,84,0,4
55,85,0,-14
55,153,0,1
56,1,0,19
56,2,0,-1
56,3,0,-2
56,4,0,10
56,5,0,-23
56,6,0,11
56,7,0,-18
56,8,0,-11
56,9,0,-14
56,10,0,-14
56,11,0,-11
56,12,0,-4
56,13,0,7
56,14,0,5
56,15,0,33
56,16,0,10
56,17,0,10
56,18,0,9
56,19,0,-18
56,20,0,6
56,21,0,15
56,22,0,-17
56,23,0,-5
56,24,0,12
56,25,0,-8
56,26,0,-5
56,27,0,-7
56,28,0,21
56,29,0,6
56,30,0,-12
56,31,0,13
56,32,0,12
56,33,0,9
56,34,0,-9
56,35,0,-11
56,36,0,-17
56,37,0,17
56,38,0,-18
56,39,0,6
56,40,0,30
56,41,0,1
56,42,0,5
56,43,0,5
56,44,0,-1
56,45,0,15
56,46,0,-5
56,47,0,11
56,48,0,10
56,49,0,4
56,50,0,5
56,51,0,24
56,52,0,7
56,53,0,-7
56,54,0,-1
56,55,0,-12
56,56,0,110
56,57,0,15
56,58,0,5
56,59,0,-5
56,60,0,-1
56,61,0,-12
56,62,0,17
56,63,0,6
56,64,0,-10
56,65,0,1
56,66,0,-10
56,67,0,-11
56,68,0,7
56,69,0,-10
56,70,0,5
56,71,0,-4
56,72,0,-5
56,73,0,2
56,74,0,-1
56,75,0,4
56,76,0,-7
56,77,0,6
56,78,0,1
56,79,0,-6
56,80,0,14
56,81,0,-8
56,82,0,1
56,83,0,9
56,84,0,-5
56,85,0,5
56,154,0,1
57,2,0,-13
57,3,0,5
57,4,0,-8
57,5,0,-11
57,6,0,-22
57,7,0,-18
57,8,0,17
57,9,0,-3
57,10,0,18
57,11,0,-17
57,12,0,-4
57,13,0,7
57,14,0,3
57,15,0,-13
57,16,0,13
57,17,0,16
57,18,0,15
57,19,0,7
57,20,0,11
57,21,0,16
57,22,0,-19
57,23,0,-6
57,24,0,-8
57,25,0,-20
57,26,0,25
57,27,0,-18
57,28,0,-25
57,29,0,15
57,30,0,1
57,31,0,-4
57,32,0,-20
57,33,0,3
57,34,0,19
57,35,0,-10
57,36,0,-14
57,37,0,-43
57,38,0,-2
57,39,0,8
57,40,0,18
57,41,0,21
57,42,0,9
57,43,0,27
57,44,0,7
57,45,0,25
57,46,0,-41
57,47,0,16
57,48,0,-17
57,49,0,-14
57,50,0,-1
57,51,0,-15
57,52,0,16
57,53,0,-1
57,54,0,18
57,55,0,-18
57,56,0,15
57,57,0,159
57,58,0,-7
57,59,0,-14
57,60,0,1
57,61,0,-19
57,62,0,33
57,63,0,-15
57,64,0,13
57,65,0,-22
57,66,0,-3
57,67,0,5
57,68,0,-13
57,69,0,-3
57,70,0,-9
57,71,0,-6
57,72,0,12
57,73,0,13
57,74,0,4
57,75,0,-5
57,76,0,2
57,77,0,-12
57,78,0,-6
57,79,0,1
57,80,0,7
57,82,0,6
57,83,0,-7
57,84,0,-16
57,155,0,1
58,1,0,-21
58,2,0,16
58,3,0,7
58,4,0,29
58,5,0,13
58,6,0,4
58,7,0,8
58,8,0,9
58,9,0,-11
58,10,0,-14
58,11,0,16
58,12,0,5
58,13,0,-18
58,14,0,-11
58,15,0,15
58,16,0,-18
58,17,0,5
58,18,0,-10
58,19,0,-18
58,20,0,-22
58,21,0,11
58,22,0,-15
58,23,0,-19
58,24,0,11
58,25,0,-11
58,26,0,40
58,27,0,1
58,28,0,2
58,29,0,-18
58,30,0,14
58,31,0,11
58,32,0,-1
58,33,0,35
58,34,0,-5
58,35,0,-19
58,36,0,-4
58,37,0,-12
58,38,0,-1
58,39,0,9
58,40,0,-6
58,41,0,-9
58,42,0,-37
58,43,0,6
58,44,0,-10
58,45,0,-19
58,46,0,4
58,47,0,-17
58,49,0,-3
58,50,0,24
58,51,0,-8
58,52,0,11
58,53,0,8
58,54,0,16
58,55,0,7
58,56,0,5
58,57,0,-7
58,58,0,135
58,59,0,33
58,60,0,-21
58,61,0,15
58,62,0,-12
58,63,0,-12
58,64,0,15
58,65,0,10
58,66,0,25
58,68,0,3
58,69,0,-2
58,70,0,8
58,71,0,-17
58,72,0,-5
58,73,0,6
58,74,0,-8
58,75,0,-18
58,76,0,-14
58,77,0,16
58,78,0,47
58,79,0,9
58,80,0,-13
58,81,0,8
58,82,0,-17
58,83,0,-6
58,84,0,1
58,85,0,-16
58,156,0,1
59,1,0,-11
59,2,0,12
59,4,0,1
59,5,0,21
59,6,0,8
59,7,0,6
59,8,0,-18
59,9,0,1
59,10,0,4
59,11,0,-10
59,12,0,-11
59,13,0,20
59,14,0,10
59,15,0,17
59,16,0,13
59,17,0,13
59,18,0,29
59,19,0,16
59,20,0,6
59,21,0,24
59,22,0,2
59,23,0,4
59,24,0,-6
59,25,0,-1
59,26,0,20
59,27,0,2
59,28,0,-6
59,29,0,-9
59,30,0,5
59,31,0,19
59,32,0,1
59,33,0,14
59,34,0,-18
59,35,0,17
59,37,0,14
59,38,0,11
59,39,0,-5
59,40,0,-38
59,41,0,-18
59,42,0,-32
59,43,0,13
59,44,0,-27
59,45,0,-20
59,46,0,-3
59,47,0,-3
59,48,0,-20
59,49,0,7
59,50,0,5
59,51,0,6
59,52,0,-17
59,53,0,12
59,55,0,-1
59,56,0,-5
59,57,0,-14
59,58,0,33
59,59,0,133
59,60,0,2
59,61,0,11
59,62,0,-35
59,63,0,-6
59,64,0,5
59,65,0,-6
59,66,0,-12
59,67,0,6
59,68,0,20
59,69,0,2
59,70,0,11
59,71,0,7
59,72,0,19
59,74,0,-15
59,75,0,12
59,76,0,3
59,77,0,-1
59,78,0,7
59,79,0,-19
59,80,0,-12
59,81,0,7
59,82,0,-5
59,83,0,9
59,84,0,7
59,85,0,-5
59,157,0,1
60,1,0,11
60,2,0,3
60,3,0,-4
60,4,0,7
60,5,0,-10
60,7,0,14
60,8,0,-12
60,9,0,9
60,10,0,6
60,11,0,-4
60,12,0,2
60,13,0,-4
60,14,0,-4
60,15,0,3
60,16,0,-1
60,17,0,-24
60,18,0,-23
60,19,0,28
60,20,0,9
60,22,0,-10
60,23,0,36
60,24,0,-13
60,25,0,-15
60,26,0,-3
60,27,0,8
60,28,0,-8
60,29,0,16
60,30,0,4
60,31,0,-22
60,32,0,14
60,33,0,-35
60,34,0,-21
60,35,0,-4
60,36,0,4
60,37,0,11
60,38,0,-6
60,39,0,7
60,40,0,-20
60,41,0,25
60,42,0,2
60,43,0,-11
60,44,0,-8
60,45,0,21
60,46,0,-13
60,47,0,-7
60,48,0,-15
60,50,0,-17
60,51,0,-2
60,52,0,-6
60,53,0,-9
60,54,0,-5
60,55,0,8
60,56,0,-1
60,57,0,1
60,58,0,-21
60,59,0,2
60,60,0,126
60,61,0,-7
60,62,0,3
60,63,0,10
60,64,0,18
60,65,0,10
60,67,0,5
60,68,0,-2
60,69,0,-10
60,70,0,-1
60,71,0,2
60,72,0,5
60,73,0,18
60,74,0,-32
60,75,0,-13
60,76,0,-10
60,77,0,-18
60,78,0,-27
60,79,0,-1
60,80,0,4
60,81,0,28
60,82,0,-8
60,83,0,5
60,84,0,27
60,85,0,-26
60,158,0,1
61,1,0,1
61,2,0,9
61,3,0,-4
61,4,0,5
61,5,0,-2
61,6,0,-9
61,7,0,13
61,8,0,-3
61,9,0,13
61,10,0,-14
61,11,0,13
61,12,0,3
61,13,0,-18
61,15,0,9
61,16,0,-4
61,17,0,9
61,18,0,-8
61,19,0,-1
61,21,0,-18
61,22,0,19
61,23,0,-19
61,24,0,1
61,25,0,2
61,26,0,13
61,27,0,-12
61,28,0,3
61,29,0,-7
61,30,0,-10
61,31,0,2
61,32,0,6
61,33,0,20
61,34,0,-16
61,35,0,16
61,36,0,-15
61,37,0,-9
61,38,0,5
61,39,0,-13
61,40,0,1
61,41,0,1
61,42,0,-4
61,43,0,-11
61,44,0,5
61,45,0,-17
61,46,0,10
61,47,0,-8
61,48,0,5
61,49,0,6
61,50,0,-6
61,51,0,-5
61,52,0,-7
61,53,0,3
61,54,0,-6
61,55,0,-5
61,56,0,-12
61,57,0,-19
61,58,0,15
61,59,0,11
61,60,0,-7
61,61,0,90
61,62,0,-16
61,63,0,13
61,64,0,17
61,65,0,8
61,66,0,2
61,67,0,10
61,68,0,-4
61,69,0,6
61,70,0,9
61,71,0,-11
61,72,0,5
61,73,0,6
61,74,0,8
61,75,0,-7
61,76,0,2
61,77,0,6
61,78,0,-6
61,79,0,-8
61,80,0,-18
61,81,0,4
61,82,0,-6
61,83,0,3
61,84,0,1
61,85,0,-14
61,159,0,1
62,1,0,16
62,2,0,-19
62,3,0,-14
62,5,0,-7
62,6,0,1
62,7,0,8
62,8,0,8
62,9,0,-7
62,10,0,-5
62,11,0,-6
62,12,0,-14
62,13,0,-16
62,14,0,8
62,15,0,11
62,16,0,-8
62,17,0,12
62,18,0,-6
62,19,0,-11
62,20,0,-20
62,21,0,-2
62,22,0,-13
62,23,0,-9
62,24,0,-10
62,25,0,-9
62,26,0,-5
62,27,0,-4
62,28,0,-7
62,29,0,-4
62,30,0,-13
62,31,0,-15
62,32,0,-4
62,33,0,-9
62,34,0,-10
62,35,0,7
62,36,0,-8
62,37,0,-19
62,38,0,10
62,39,0,-12
62,40,0,16
62,41,0,13
62,42,0,11
62,43,0,-7
62,44,0,23
62,45,0,8
62,47,0,5
62,48,0,-3
62,49,0,-3
62,50,0,4
62,51,0,-8
62,52,0,-1
62,53,0,2
62,54,0,6
62,55,0,3
62,56,0,17
62,57,0,33
62,58,0,-12
62,59,0,-35
62,60,0,3
62,61,0,-16
62,62,0,98
62,63,0,-17
62,64,0,-24
62,65,0,-27
62,66,0,5
62,67,0,-8
62,68,0,-3
62,69,0,-6
62,70,0,9
62,71,0,-4
62,72,0,-20
62,73,0,-9
62,74,0,25
62,75,0,-14
62,76,0,10
62,77,0,2
62,78,0,-14
62,79,0,-5
62,80,0,-2
62,81,0,7
62,82,0,-13
62,83,0,-6
62,84,0,13
62,85,0,1
62,160,0,1
63,1,0,13
63,2,0,11
63,3,0,-2
63,4,0,-29
63,5,0,-3
63,6,0,-19
63,7,0,25
63,8,0,11
63,9,0,-21
63,10,0,1
63,11,0,-9
63,12,0,-16
63,13,0,14
63,14,0,6
63,15,0,16
63,16,0,9
63,17,0,-22
63,18,0,16
63,19,0,3
63,20,0,5
63,21,0,-1
63,22,0,13
63,23,0,2
63,24,0,-12
63,25,0,-5
63,26,0,-2
63,27,0,-5
63,28,0,-10
63,29,0,-3
63,30,0,-6
63,31,0,-15
63,32,0,9
63,33,0,-16
63,34,0,-5
63,35,0,-6
63,36,0,-3
63,37,0,5
63,38,0,14
63,39,0,-14
63,40,0,-5
63,41,0,-15
63,42,0,-4
63,43,0,-14
63,44,0,2
63,45,0,-7
63,46,0,-8
63,47,0,-15
63,48,0,-23
63,49,0,14
63,50,0,5
63,51,0,8
63,52,0,-11
63,53,0,24
63,54,0,-8
63,55,0,19
63,56,0,6
63,57,0,-15
63,58,0,-12
63,59,0,-6
63,60,0,10
63,61,0,13
63,62,0,-17
63,63,0,126
63,64,0,29
63,65,0,12
63,66,0,2
63,67,0,1
63,68,0,12
63,69,0,2
63,70,0,24
63,71,0,7
63,72,0,-28
63,73,0,22
63,75,0,17
63,76,0,-9
63,77,0,-9
63,78,0,-15
63,79,0,-14
63,80,0,-16
63,82,0,21
63,83,0,-9
63,84,0,-24
63,85,0,-23
63,161,0,1
64,1,0,-10
64,2,0,39
64,3,0,7
64,4,0,17
64,5,0,-12
64,6,0,-8
64,7,0,-6
64,8,0,7
64,9,0,1
64,10,0,-16
64,11,0,7
64,12,0,-2
64,13,0,7
64,14,0,13
64,15,0,-7
64,16,0,8
64,17,0,-41
64,18,0,3
64,19,0,17
64,20,0,13
64,21,0,1
64,22,0,-2
64,23,0,-4
64,24,0,6
64,25,0,-21
64,26,0,22
64,27,0,-14
64,28,0,-4
64,29,0,-27
64,30,0,8
64,31,0,4
64,32,0,-2
64,33,0,-2
64,34,0,-1
64,35,0,10
64,36,0,2
64,37,0,-41
64,38,0,-14
64,39,0,-1
64,40,0,-19
64,41,0,-15
64,42,0,10
64,44,0,-2
64,45,0,7
64,46,0,-10
64,47,0,-3
64,48,0,-17
64,49,0,-17
64,50,0,14
64,51,0,-13
64,52,0,4
64,54,0,4
64,55,0,-7
64,56,0,-10
64,57,0,13
64,58,0,15
64,59,0,5
64,60,0,18
64,61,0,17
64,62,0,-24
64,63,0,29
64,64,0,134
64,65,0,7
64,66,0,4
64,67,0,-13
64,68,0,8
64,69,0,12
64,70,0,-9
64,71,0,-13
64,72,0,10
64,73,0,27
64,74,0,-9
64,75,0,1
64,76,0,25
64,77,0,-13
64,78,0,22
64,79,0,2
64,80,0,25
64,81,0,26
64,82,0,15
64,83,0,-15
64,84,0,-34
64,85,0,-6
64,162,0,1
65,1,0,9
65,2,0,-8
65,3,0,7
65,4,0,-1
65,6,0,-15
65,7,0,7
65,8,0,-7
65,9,0,3
65,10,0,2
65,11,0,15
65,12,0,22
65,13,0,7
65,14,0,21
65,15,0,21
65,17,0,-9
65,18,0,-16
65,20,0,-3
65,21,0,-4
65,22,0,7
65,23,0,-4
65,24,0,26
65,25,0,23
65,26,0,16
65,27,0,20
65,28,0,3
65,29,0,-16
65,30,0,3
65,31,0,-9
65,32,0,-1
65,33,0,14
65,34,0,-6
65,35,0,11
65,36,0,-9
65,37,0,7
65,38,0,-10
65,39,0,-1
65,40,0,-3
65,41,0,8
65,42,0,-13
65,43,0,-3
65,44,0,3
65,45,0,-7
65,46,0,4
65,47,0,-15
65,49,0,-7
65,50,0,-5
65,51,0,10
65,52,0,21
65,53,0,-10
65,54,0,-4
65,55,0,-10
65,56,0,1
65,57,0,-22
65,58,0,10
65,59,0,-6
65,60,0,10
65,61,0,8
65,62,0,-27
65,63,0,12
65,64,0,7
65,65,0,105
65,67,0,1
65,68,0,-5
65,69,0,-12
65,70,0,10
65,71,0,-15
65,72,0,-2
65,73,0,28
65,74,0,-10
65,75,0,9
65,76,0,-11
65,77,0,-22
65,78,0,-4
65,79,0,-20
65,80,0,-2
65,81,0,-9
65,82,0,-3
65,83,0,-7
65,84,0,-2
65,85,0,-17
65,163,0,1
66,1,0,-17
66,2,0,-13
66,4,0,6
66,5,0,-12
66,6,0,-10
66,7,0,1
66,8,0,36
66,9,0,14
66,10,0,5
66,11,0,-7
66,12,0,-9
66,13,0,-15
66,14,0,-14
66,15,0,2
66,16,0,-8
66,17,0,-17
66,18,0,6
66,20,0,-24
66,21,0,-8
66,22,0,16
66,23,0,-2
66,24,0,-4
66,25,0,-6
66,26,0,2
66,27,0,15
66,28,0,-1
66,29,0,5
66,30,0,10
66,31,0,-6
66,32,0,2
66,33,0,-4
66,34,0,-1
66,35,0,-12
66,36,0,-2
66,37,0,-6
66,38,0,13
66,39,0,-39
66,40,0,5
66,41,0,-1
66,42,0,-18
66,43,0,-9
66,44,0,-10
66,45,0,-14
66,46,0,-26
66,47,0,-5
66,48,0,8
66,49,0,18
66,50,0,-14
66,51,0,14
66,52,0,29
66,53,0,-14
66,54,0,5
66,55,0,-4
66,56,0,-10
66,57,0,-3
66,58,0,25
66,59,0,-12
66,61,0,2
66,62,0,5
66,63,0,2
66,64,0,4
66,66,0,121
66,67,0,-18
66,68,0,-8
66,69,0,3
66,70,0,12
66,71,0,-10
66,72,0,10
66,73,0,3
66,74,0,-8
66,75,0,-2
66,76,0,-5
66,77,0,12
66,78,0,13
66,79,0,7
66,80,0,-28
66,81,0,18
66,82,0,-24
66,83,0,15
66,84,0,-6
66,85,0,-3
66,164,0,1
67,1,0,13
67,2,0,-18
67,3,0,1
67,4,0,-8
67,5,0,6
67,6,0,1
67,7,0,11
67,8,0,-1
67,9,0,4
67,10,0,9
67,11,0,-1
67,12,0,1
67,13,0,21
67,14,0,-18
67,16,0,-3
67,17,0,23
67,18,0,-24
67,19,0,-9
67,20,0,20
67,21,0,23
67,22,0,-19
67,23,0,18
67,24,0,-13
67,25,0,-7
67,26,0,-4
67,27,0,-1
67,28,0,1
67,29,0,3
67,30,0,2
67,31,0,-12
67,32,0,-2
67,33,0,3
67,34,0,-24
67,35,0,1
67,36,0,-12
67,37,0,3
67,38,0,-8
67,39,0,2
67,40,0,-14
67,41,0,-3
67,42,0,-1
67,43,0,-10
67,44,0,-18
67,45,0,2
67,46,0,1
67,47,0,11
67,48,0,-5
67,49,0,-22
67,50,0,-2
67,51,0,-3
67,52,0,-6
67,53,0,1
67,54,0,-13
67,55,0,-8
67,56,0,-11
67,57,0,5
67,59,0,6
67,60,0,5
67,61,0,10
67,62,0,-8
67,63,0,1
67,64,0,-13
67,65,0,1
67,66,0,-18
67,67,0,99
67,69,0,3
67,70,0,-4
67,71,0,1
67,72,0,22
67,73,0,5
67,74,0,-13
67,75,0,22
67,76,0,-18
67,77,0,1
67,78,0,-13
67,79,0,-13
67,80,0,-10
67,81,0,-17
67,82,0,8
67,83,0,-23
67,84,0,14
67,85,0,9
67,165,0,1
68,1,0,20
68,2,0,26
68,3,0,-5
68,4,0,4
68,5,0,16
68,6,0,2
68,7,0,-17
68,8,0,-22
68,9,0,-37
68,10,0,21
68,12,0,12
68,13,0,9
68,14,0,-13
68,15,0,14
68,16,0,20
68,17,0,-11
68,18,0,31
68,19,0,7
68,20,0,5
68,21,0,21
68,22,0,-8
68,23,0,-10
68,24,0,-5
68,26,0,-4
68,27,0,-5
68,28,0,18
68,29,0,-19
68,30,0,2
68,31,0,-29
68,32,0,16
68,33,0,21
68,34,0,-9
68,36,0,17
68,37,0,27
68,39,0,-3
68,40,0,-9
68,41,0,-13
68,42,0,-22
68,43,0,17
68,44,0,2
68,45,0,-1
68,46,0,-18
68,47,0,-1
68,48,0,-29
68,49,0,-5
68,50,0,-7
68,51,0,12
68,52,0,-11
68,54,0,-26
68,55,0,-7
68,56,0,7
68,57,0,-13
68,58,0,3
68,59,0,20
68,60,0,-2
68,61,0,-4
68,62,0,-3
68,63,0,12
68,64,0,8
68,65,0,-5
68,66,0,-8
68,68,0,114
68,69,0,6
68,70,0,-1
68,71,0,-11
68,72,0,-15
68,74,0,14
68,75,0,8
68,76,0,4
68,77,0,3
68,78,0,-3
68,79,0,-6
68,80,0,25
68,81,0,-10
68,82,0,11
68,83,0,4
68,84,0,1
68,85,0,-10
68,166,0,1
69,1,0,2
69,2,0,4
69,3,0,-8
69,4,0,-6
69,5,0,-9
69,6,0,5
69,7,0,-10
69,8,0,9
69,9,0,22
69,10,0,9
69,11,0,-11
69,12,0,-6
69,13,0,7
69,14,0,5
69,15,0,-4
69,16,0,-13
69,17,0,-12
69,18,0,25
69,19,0,-32
69,20,0,3
69,21,0,-1
69,22,0,16
69,23,0,-5
69,24,0,10
69,25,0,18
69,26,0,15
69,27,0,-1
69,28,0,15
69,29,0,-3
69,30,0,3
69,31,0,-20
69,32,0,2
69,33,0,-9
69,34,0,-22
69,35,0,19
69,36,0,-21
69,37,0,21
69,38,0,6
69,39,0,-28
69,40,0,16
69,41,0,3
69,42,0,-14
69,43,0,10
69,44,0,-15
69,45,0,-19
69,46,0,-7
69,47,0,-15
69,48,0,-16
69,49,0,-2
69,50,0,-17
69,51,0,-5
69,52,0,-15
69,53,0,37
69,54,0,11
69,55,0,3
69,56,0,-10
69,57,0,-3
69,58,0,-2
69,59,0,2
69,60,0,-10
69,61,0,6
69,62,0,-6
69,63,0,2
69,64,0,12
69,65,0,-12
69,66,0,3
69,67,0,3
69,68,0,6
69,69,0,115
69,70,0,16
69,71,0,5
69,73,0,-19
69,74,0,-5
69,75,0,10
69,76,0,27
69,77,0,10
69,78,0,-7
69,79,0,-4
69,80,0,18
69,81,0,4
69,82,0,-14
69,83,0,3
69,84,0,-29
69,85,0,-18
69,167,0,1
70,1,0,2
70,2,0,-14
70,3,0,-24
70,4,0,3
70,5,0,-24
70,6,0,2
70,7,0,7
70,8,0,-4
70,9,0,12
70,10,0,13
70,11,0,4
70,12,0,-9
70,13,0,14
70,14,0,6
70,15,0,7
70,16,0,1
70,17,0,29
70,18,0,19
70,19,0,-7
70,20,0,9
70,21,0,-9
70,22,0,5
70,23,0,-2
70,24,0,2
70,25,0,12
70,26,0,4
70,27,0,16
70,28,0,-7
70,29,0,-16
70,30,0,14
70,31,0,-30
70,32,0,2
70,33,0,7
70,34,0,12
70,35,0,-4
70,36,0,-17
70,37,0,7
70,38,0,4
70,39,0,-27
70,40,0,19
70,41,0,16
70,42,0,-1
70,43,0,2
70,44,0,-28
70,45,0,-30
70,46,0,-12
70,47,0,1
70,48,0,-12
70,49,0,-7
70,50,0,-14
70,51,0,20
70,52,0,-23
70,53,0,3
70,54,0,5
70,55,0,-7
70,56,0,5
70,57,0,-9
70,58,0,8
70,59,0,11
70,60,0,-1
70,61,0,9
70,62,0,9
70,63,0,24
70,64,0,-9
70,65,0,10
70,66,0,12
70,67,0,-4
70,68,0,-1
70,69,0,16
70,70,0,133
70,71,0,-16
70,72,0,-39
70,73,0,-22
70,74,0,-14
70,75,0,-11
70,76,0,13
70,77,0,-15
70,78,0,7
70,79,0,-9
70,80,0,28
70,81,0,9
70,82,0,-16
70,83,0,10
70,84,0,-7
70,85,0,-24
70,168,0,1
71,1,0,-11
71,2,0,-3
71,3,0,-5
71,4,0,-5
71,5,0,-1
71,6,0,1
71,7,0,-12
71,8,0,12
71,9,0,17
71,10,0,9
71,11,0,-20
71,12,0,-1
71,13,0,9
71,14,0,3
71,15,0,-2
71,16,0,-12
71,17,0,-2
71,18,0,-1
71,19,0,10
71,20,0,-8
71,21,0,9
71,22,0,15
71,23,0,-2
71,24,0,10
71,25,0,-22
71,26,0,2
71,27,0,21
71,28,0,-18
71,29,0,8
71,30,0,9
71,31,0,3
71,32,0,-4
71,33,0,-20
71,34,0,10
71,35,0,14
71,36,0,23
71,37,0,6
71,38,0,8
71,39,0,15
71,40,0,-1
71,41,0,-5
71,42,0,-5
71,43,0,-16
71,44,0,14
71,45,0,-12
71,46,0,8
71,47,0,13
71,48,0,22
71,49,0,10
71,50,0,7
71,51,0,-15
71,52,0,-23
71,53,0,5
71,54,0,-21
71,55,0,-1
71,56,0,-4
71,57,0,-6
71,58,0,-17
71,59,0,7
71,60,0,2
71,61,0,-11
71,62,0,-4
71,63,0,7
71,64,0,-13
71,65,0,-15
71,66,0,-10
71,67,0,1
71,68,0,-11
71,69,0,5
71,70,0,-16
71,71,0,135
71,73,0,-5
71,74,0,8
71,75,0,-7
71,76,0,-11
71,77,0,17
71,78,0,-38
71,79,0,-4
71,80,0,13
71,81,0,-4
71,82,0,-5
71,83,0,-14
71,84,0,21
71,85,0,24
71,169,0,1
72,1,0,-10
72,2,0,-6
72,3,0,13
72,4,0,-10
72,5,0,-5
72,6,0,1
72,7,0,-5
72,8,0,2
72,9,0,1
72,10,0,2
72,11,0,-4
72,12,0,8
72,13,0,3
72,14,0,-6
72,15,0,2
72,16,0,-17
72,17,0,16
72,18,0,2
72,19,0,-5
72,20,0,4
72,21,0,17
72,22,0,-3
72,23,0,-1
72,24,0,-21
72,25,0,-19
72,26,0,-14
72,27,0,-6
72,28,0,16
72,29,0,20
72,30,0,8
72,31,0,8
72,32,0,3
72,33,0,-11
72,34,0,-3
72,35,0,6
72,36,0,-12
72,37,0,-9
72,38,0,-8
72,39,0,3
72,40,0,2
72,41,0,-9
72,42,0,23
72,43,0,13
72,44,0,-1
72,45,0,-6
72,46,0,-7
72,47,0,-4
72,48,0,19
72,49,0,-6
72,50,0,-7
72,51,0,-6
72,52,0,7
72,53,0,-4
72,54,0,11
72,55,0,-3
72,56,0,-5
72,57,0,12
72,58,0,-5
72,59,0,19
72,60,0,5
72,61,0,5
72,62,0,-20
72,63,0,-28
72,64,0,10
72,65,0,-2
72,66,0,10
72,67,0,22
72,68,0,-15
72,70,0,-39
72,72,0,128
72,73,0,-6
72,74,0,11
72,75,0,5
72,76,0,-6
72,77,0,12
72,78,0,-29
72,79,0,-2
72,80,0,3
72,81,0,34
72,82,0,7
72,83,0,-4
72,84,0,16
72,85,0,17
72,170,0,1
73,1,0,16
73,2,0,10
73,3,0,-4
73,4,0,4
73,5,0,5
73,6,0,-26
73,7,0,-6
73,8,0,10
73,9,0,-3
73,10,0,-3
73,11,0,6
73,12,0,10
73,13,0,3
73,14,0,7
73,15,0,19
73,17,0,-12
73,18,0,-10
73,19,0,-10
73,20,0,15
73,21,0,-6
73,22,0,-23
73,23,0,15
73,24,0,1
73,25,0,-4
73,26,0,13
73,27,0,1
73,28,0,-17
73,29,0,9
73,30,0,5
73,31,0,11
73,32,0,1
73,33,0,8
73,34,0,-4
73,35,0,13
73,36,0,-15
73,37,0,-6
73,38,0,12
73,39,0,12
73,41,0,-12
73,42,0,-18
73,43,0,-15
73,44,0,15
73,45,0,1
73,46,0,-16
73,47,0,-15
73,48,0,1
73,50,0,-11
73,51,0,6
73,52,0,11
73,53,0,-19
73,54,0,-2
73,55,0,5
73,56,0,2
73,57,0,13
73,58,0,6
73,60,0,18
73,61,0,6
73,62,0,-9
73,63,0,22
73,64,0,27
73,65,0,28
73,66,0,3
73,67,0,5
73,69,0,-19
73,70,0,-22
73,71,0,-5
73,72,0,-6
73,73,0,110
73,74,0,17
73,75,0,-5
73,76,0,-1
73,77,0,-4
73,78,0,-13
73,79,0,8
73,80,0,-3
73,81,0,5
73,82,0,-16
73,83,0,-10
73,84,0,2
73,85,0,2
73,171,0,1
74,2,0,23
74,3,0,-3
74,4,0,-24
74,5,0,30
74,6,0,-4
74,7,0,-4
74,8,0,2
74,9,0,7
74,10,0,-26
74,11,0,26
74,12,0,-4
74,13,0,-44
74,14,0,24
74,15,0,29
74,16,0,-12
74,17,0,14
74,18,0,-2
74,19,0,-16
74,20,0,-2
74,21,0,4
74,22,0,-3
74,23,0,-37
74,24,0,-23
74,25,0,15
74,26,0,5
74,27,0,3
74,28,0,9
74,29,0,-3
74,30,0,6
74,31,0,2
74,32,0,2
74,33,0,-1
74,34,0,15
74,35,0,20
74,36,0,-4
74,37,0,-4
74,38,0,16
74,39,0,-8
74,40,0,18
74,41,0,10
74,42,0,20
74,43,0,-35
74,44,0,38
74,45,0,9
74,46,0,14
74,47,0,7
74,48,0,32
74,49,0,17
74,50,0,-1
74,51,0,-17
74,52,0,-16
74,53,0,4
74,54,0,5
74,55,0,-21
74,56,0,-1
74,57,0,4
74,58,0,-8
74,59,0,-15
74,60,0,-32
74,61,0,8
74,62,0,25
74,64,0,-9
74,65,0,-10
74,66,0,-8
74,67,0,-13
74,68,0,14
74,69,0,-5
74,70,0,-14
74,71,0,8
74,72,0,11
74,73,0,17
74,74,0,140
74,75,0,-45
74,76,0,13
74,78,0,-14
74,79,0,17
74,80,0,-19
74,81,0,18
74,82,0,28
74,83,0,-10
74,84,0,-2
74,85,0,4
74,172,0,1
75,1,0,-1
75,2,0,4
75,3,0,9
75,4,0,-1
75,5,0,-24
75,6,0,-1
75,7,0,11
75,8,0,5
75,9,0,-12
75,10,0,16
75,11,0,-9
75,12,0,-5
75,13,0,11
75,14,0,4
75,15,0,-20
75,16,0,8
75,17,0,-12
75,18,0,25
75,19,0,-9
75,20,0,12
75,21,0,11
75,22,0,-16
75,23,0,23
75,24,0,-5
75,25,0,22
75,27,0,23
75,28,0,4
75,29,0,-13
75,30,0,-23
75,31,0,-17
75,32,0,-6
75,33,0,-6
75,34,0,-21
75,35,0,-1
75,36,0,-6
75,37,0,-5
75,38,0,10
75,39,0,-26
75,40,0,-20
75,41,0,-37
75,42,0,-24
75,43,0,27
75,44,0,-24
75,45,0,-2
75,46,0,-6
75,47,0,-6
75,48,0,-16
75,49,0,-7
75,50,0,7
75,51,0,30
75,52,0,4
75,53,0,14
75,55,0,-1
75,56,0,4
75,57,0,-5
75,58,0,-18
75,59,0,12
75,60,0,-13
75,61,0,-7
75,62,0,-14
75,63,0,17
75,64,0,1
75,65,0,9
75,66,0,-2
75,67,0,22
75,68,0,8
75,69,0,10
75,70,0,-11
75,71,0,-7
75,72,0,5
75,73,0,-5
75,74,0,-45
75,75,0,127
75,76,0,4
75,77,0,1
75,78,0,7
75,79,0,-5
75,80,0,12
75,81,0,-25
75,82,0,14
75,83,0,10
75,84,0,-19
75,85,0,-3
75,173,0,1
76,1,0,8
76,2,0,37
76,3,0,-13
76,4,0,16
76,5,0,2
76,7,0,-6
76,8,0,26
76,9,0,4
76,10,0,3
76,12,0,-16
76,13,0,17
76,14,0,10
76,15,0,5
76,16,0,-25
76,17,0,-3
76,18,0,19
76,19,0,-30
76,20,0,-6
76,21,0,3
76,23,0,1
76,24,0,8
76,25,0,-13
76,26,0,24
76,27,0,-15
76,28,0,-8
76,29,0,-18
76,30,0,-8
76,31,0,-1
76,32,0,39
76,33,0,27
76,34,0,12
76,35,0,24
76,36,0,-27
76,37,0,17
76,38,0,-3
76,39,0,-17
76,40,0,7
76,41,0,1
76,42,0,32
76,43,0,-3
76,44,0,-2
76,45,0,-6
76,46,0,21
76,47,0,15
76,49,0,-12
76,50,0,-13
76,51,0,-3
76,52,0,-16
76,53,0,-3
76,54,0,14
76,55,0,-22
76,56,0,-7
76,57,0,2
76,58,0,-14
76,59,0,3
76,60,0,-10
76,61,0,2
76,62,0,10
76,63,0,-9
76,64,0,25
76,65,0,-11
76,66,0,-5
76,67,0,-18
76,68,0,4
76,69,0,27
76,70,0,13
76,71,0,-11
76,72,0,-6
76,73,0,-1
76,74,0,13
76,75,0,4
76,76,0,134
76,77,0,-6
76,78,0,4
76,79,0,6
76,80,0,9
76,81,0,6
76,82,0,7
76,83,0,-8
76,84,0,-15
76,85,0,2
76,174,0,1
77,1,0,-4
77,2,0,1
77,3,0,16
77,4,0,19
77,5,0,11
77,6,0,16
77,7,0,-16
77,8,0,-15
77,9,0,1
77,10,0,-6
77,11,0,-29
77,12,0,9
77,13,0,-8
77,14,0,9
77,15,0,-25
77,16,0,-5
77,17,0,-12
77,18,0,11
77,19,0,-15
77,20,0,-12
77,21,0,6
77,22,0,-21
77,23,0,-5
77,24,0,-14
77,25,0,-26
77,26,0,7
77,27,0,-9
77,28,0,-13
77,29,0,-23
77,30,0,-7
77,31,0,20
77,32,0,3
77,33,0,-14
77,34,0,6
77,35,0,1
77,36,0,-13
77,37,0,1
77,38,0,15
77,39,0,-4
77,40,0,13
77,41,0,-35
77,42,0,12
77,43,0,-27
77,44,0,15
77,45,0,25
77,46,0,7
77,47,0,-7
77,48,0,3
77,49,0,37
77,50,0,1
77,52,0,-11
77,53,0,2
77,54,0,15
77,55,0,-1
77,56,0,6
77,57,0,-12
77,58,0,16
77,59,0,-1
77,60,0,-18
77,61,0,6
77,62,0,2
77,63,0,-9
77,64,0,-13
77,65,0,-22
77,66,0,12
77,67,0,1
77,68,0,3
77,69,0,10
77,70,0,-15
77,71,0,17
77,72,0,12
77,73,0,-4
77,75,0,1
77,76,0,-6
77,77,0,157
77,78,0,-16
77,79,0,17
77,80,0,-5
77,81,0,14
77,82,0,-6
77,83,0,-18
77,84,0,30
77,85,0,2
77,175,0,1
78,1,0,-24
78,2,0,5
78,3,0,-5
78,4,0,21
78,5,0,9
78,6,0,20
78,7,0,-18
78,8,0,2
78,10,0,1
78,11,0,22
78,12,0,-10
78,13,0,-5
78,14,0,6
78,15,0,-31
78,16,0,9
78,17,0,-15
78,18,0,1
78,19,0,-5
78,20,0,14
78,21,0,7
78,22,0,-17
78,23,0,-9
78,24,0,10
78,25,0,5
78,26,0,18
78,27,0,-5
78,28,0,6
78,29,0,-30
78,30,0,-5
78,31,0,20
78,32,0,5
78,33,0,11
78,34,0,7
78,35,0,-18
78,36,0,5
78,37,0,-4
78,38,0,-8
78,39,0,-2
78,40,0,-1
78,41,0,4
78,42,0,-41
78,44,0,-38
78,45,0,7
78,46,0,3
78,47,0,-2
78,48,0,5
78,49,0,-8
78,50,0,12
78,51,0,-5
78,52,0,33
78,53,0,23
78,54,0,2
78,55,0,-2
78,56,0,1
78,57,0,-6
78,58,0,47
78,59,0,7
78,60,0,-27
78,61,0,-6
78,62,0,-14
78,63,0,-15
78,64,0,22
78,65,0,-4
78,66,0,13
78,67,0,-13
78,68,0,-3
78,69,0,-7
78,70,0,7
78,71,0,-38
78,72,0,-29
78,73,0,-13
78,74,0,-14
78,75,0,7
78,76,0,4
78,77,0,-16
78,78,0,140
78,79,0,22
78,80,0,-11
78,81,0,-6
78,82,0,-8
78,83,0,-6
78,84,0,-16
78,85,0,11
79,1,0,-15
79,2,0,23
79,3,0,-1
79,4,0,2
79,5,0,-1
79,6,0,3
79,7,0,-17
79,8,0,-8
79,9,0,6
79,10,0,-19
79,11,0,25
79,12,0,6
79,13,0,-36
79,14,0,2
79,15,0,-20
79,16,0,-7
79,17,0,1
79,18,0,-11
79,19,0,-9
79,20,0,14
79,21,0,12
79,22,0,-35
79,23,0,24
79,24,0,-14
79,25,0,-16
79,27,0,-2
79,28,0,-16
79,29,0,-1
79,30,0,-16
79,31,0,-4
79,32,0,-9
79,33,0,-17
79,34,0,22
79,35,0,-7
79,36,0,25
79,37,0,-3
79,38,0,2
79,39,0,-13
79,40,0,5
79,41,0,-1
79,42,0,15
79,43,0,-1
79,44,0,3
79,45,0,-2
79,46,0,17
79,47,0,-6
79,48,0,4
79,49,0,12
79,51,0,18
79,52,0,4
79,53,0,-6
79,54,0,8
79,55,0,-18
79,56,0,-6
79,57,0,1
79,58,0,9
79,59,0,-19
79,60,0,-1
79,61,0,-8
79,62,0,-5
79,63,0,-14
79,64,0,2
79,65,0,-20
79,66,0,7
79,67,0,-13
79,68,0,-6
79,69,0,-4
79,70,0,-9
79,71,0,-4
79,72,0,-2
79,73,0,8
79,74,0,17
79,75,0,-5
79,76,0,6
79,77,0,17
79,78,0,22
79,79,0,110
79,80,0,-4
79,81,0,-19
79,82,0,6
79,83,0,4
79,84,0,6
79,85,0,-1
80,1,0,25
80,2,0,14
80,3,0,-33
80,4,0,2
80,5,0,-17
80,6,0,10
80,7,0,-25
80,8,0,-7
80,9,0,-11
80,11,0,-12
80,12,0,15
80,13,0,14
80,14,0,13
80,15,0,-6
80,16,0,12
80,17,0,16
80,18,0,29
80,19,0,6
80,20,0,47
80,21,0,-2
80,22,0,-2
80,23,0,-11
80,25,0,-12
80,26,0,6
80,27,0,14
80,28,0,21
80,29,0,-3
80,30,0,4
80,31,0,-19
80,32,0,5
80,33,0,11
80,34,0,10
80,35,0,-17
80,36,0,-1
80,37,0,10
80,38,0,-16
80,39,0,-4
80,40,0,15
80,41,0,-6
80,42,0,27
80,43,0,12
80,44,0,-17
80,45,0,-17
80,46,0,-10
80,47,0,-4
80,48,0,-13
80,49,0,-28
80,50,0,9
80,51,0,8
80,52,0,-4
80,53,0,-18
80,54,0,11
80,55,0,10
80,56,0,14
80,57,0,7
80,58,0,-13
80,59,0,-12
80,60,0,4
80,61,0,-18
80,62,0,-2
80,63,0,-16
80,64,0,25
80,65,0,-2
80,66,0,-28
80,67,0,-10
80,68,0,25
80,69,0,18
80,70,0,28
80,71,0,13
80,72,0,3
80,73,0,-3
80,74,0,-19
80,75,0,12
80,76,0,9
80,77,0,-5
80,78,0,-11
80,79,0,-4
80,80,0,129
80,81,0,2
80,82,0,-10
80,83,0,6
80,84,0,-10
80,85,0,7
81,1,0,-13
81,2,0,-9
81,3,0,9
81,4,0,28
81,5,0,-6
81,6,0,-9
81,7,0,-6
81,8,0,6
81,9,0,-2
81,10,0,-3
81,11,0,-13
81,12,0,-15
81,13,0,-16
81,14,0,11
81,15,0,10
81,16,0,-1
81,17,0,-24
81,18,0,-14
81,19,0,14
81,20,0,-22
81,21,0,11
81,22,0,21
81,23,0,-20
81,24,0,-8
81,25,0,-7
81,26,0,6
81,27,0,-7
81,28,0,17
81,29,0,-1
81,30,0,33
81,32,0,10
81,33,0,-23
81,34,0,-3
81,35,0,15
81,36,0,7
81,37,0,-22
81,38,0,-4
81,39,0,4
81,40,0,4
81,41,0,3
81,42,0,15
81,43,0,-5
81,44,0,6
81,45,0,1
81,46,0,-11
81,48,0,-6
81,49,0,-2
81,50,0,-7
81,51,0,-25
81,52,0,-22
81,53,0,17
81,54,0,2
81,56,0,-8
81,58,0,8
81,59,0,7
81,60,0,28
81,61,0,4
81,62,0,7
81,64,0,26
81,65,0,-9
81,66,0,18
81,67,0,-17
81,68,0,-10
81,69,0,4
81,70,0,9
81,71,0,-4
81,72,0,34
81,73,0,5
81,74,0,18
81,75,0,-25
81,76,0,6
81,77,0,14
81,78,0,-6
81,79,0,-19
81,80,0,2
81,81,0,123
81,82,0,-23
81,83,0,7
81,84,0,12
81,85,0,4
82,1,0,-1
82,2,0,18
82,3,0,11
82,4,0,-4
82,5,0,17
82,6,0,-4
82,7,0,-1
82,8,0,5
82,9,0,-1
82,10,0,-5
82,11,0,7
82,12,0,-6
82,13,0,3
82,14,0,5
82,15,0,-4
82,16,0,26
82,18,0,8
82,19,0,-5
82,20,0,-1
82,21,0,6
82,22,0,-9
82,23,0,12
82,24,0,-5
82,25,0,-1
82,26,0,-14
82,27,0,-6
82,28,0,6
82,29,0,2
82,30,0,-8
82,31,0,3
82,32,0,17
82,33,0,-8
82,34,0,-6
82,35,0,8
82,36,0,14
82,37,0,-4
82,38,0,2
82,39,0,-16
82,40,0,2
82,41,0,-31
82,42,0,10
82,43,0,-8
82,44,0,10
82,45,0,11
82,46,0,15
82,47,0,23
82,48,0,3
82,49,0,4
82,50,0,-10
82,51,0,11
82,52,0,-18
82,53,0,-13
82,54,0,-6
82,55,0,-2
82,56,0,1
82,57,0,6
82,58,0,-17
82,59,0,-5
82,60,0,-8
82,61,0,-6
82,62,0,-13
82,63,0,21
82,64,0,15
82,65,0,-3
82,66,0,-24
82,67,0,8
82,68,0,11
82,69,0,-14
82,70,0,-16
82,71,0,-5
82,72,0,7
82,73,0,-16
82,74,0,28
82,75,0,14
82,76,0,7
82,77,0,-6
82,78,0,-8
82,79,0,6
82,80,0,-10
82,81,0,-23
82,82,0,135
82,83,0,-13
82,84,0,-34
82,85,0,-23
83,1,0,13
83,4,0,21
83,5,0,2
83,6,0,10
83,8,0,-20
83,9,0,5
83,10,0,-5
83,11,0,-2
83,12,0,-5
83,13,0,-10
83,14,0,3
83,16,0,31
83,17,0,-6
83,18,0,2
83,19,0,21
83,20,0,-6
83,21,0,-4
83,22,0,10
83,23,0,-12
83,24,0,15
83,25,0,20
83,26,0,17
83,27,0,-9
83,28,0,13
83,29,0,9
83,30,0,-3
83,31,0,11
83,32,0,-8
83,33,0,16
83,35,0,-10
83,36,0,24
83,37,0,-12
83,38,0,-8
83,39,0,7
83,40,0,3
83,41,0,16
83,42,0,7
83,43,0,32
83,44,0,-16
83,45,0,9
83,46,0,-11
83,47,0,7
83,49,0,-4
83,50,0,-9
83,51,0,16
83,52,0,1
83,53,0,-14
83,54,0,10
83,55,0,-5
83,56,0,9
83,57,0,-7
83,58,0,-6
83,59,0,9
83,60,0,5
83,61,0,3
83,62,0,-6
83,63,0,-9
83,64,0,-15
83,65,0,-7
83,66,0,15
83,67,0,-23
83,68,0,4
83,69,0,3
83,70,0,10
83,71,0,-14
83,72,0,-4
83,73,0,-10
83,74,0,-10
83,75,0,10
83,76,0,-8
83,77,0,-18
83,78,0,-6
83,79,0,4
83,80,0,6
83,81,0,7
83,82,0,-13
83,83,0,102
83,84,0,-3
84,1,0,-18
84,2,0,-8
84,3,0,-11
84,4,0,19
84,5,0,13
84,6,0,21
84,7,0,-3
84,8,0,-15
84,9,0,5
84,10,0,6
84,11,0,8
84,12,0,-2
84,13,0,-2
84,15,0,5
84,16,0,-31
84,17,0,1
84,18,0,-11
84,19,0,11
84,20,0,-15
84,21,0,23
84,22,0,-7
84,23,0,-3
84,25,0,3
84,27,0,8
84,28,0,-9
84,29,0,8
84,30,0,-8
84,32,0,-3
84,33,0,6
84,34,0,-15
84,35,0,-8
84,36,0,10
84,37,0,22
84,38,0,-9
84,39,0,8
84,40,0,-7
84,41,0,-8
84,42,0,12
84,43,0,-10
84,44,0,6
84,45,0,17
84,46,0,22
84,47,0,3
84,48,0,10
84,49,0,-1
84,50,0,18
84,51,0,-11
84,52,0,-16
84,53,0,-23
84,54,0,3
84,55,0,4
84,56,0,-5
84,57,0,-16
84,58,0,1
84,59,0,7
84,60,0,27
84,61,0,1
84,62,0,13
84,63,0,-24
84,64,0,-34
84,65,0,-2
84,66,0,-6
84,67,0,14
84,68,0,1
84,69,0,-29
84,70,0,-7
84,71,0,21
84,72,0,16
84,73,0,2
84,74,0,-2
84,75,0,-19
84,76,0,-15
84,77,0,30
84,78,0,-16
84,79,0,6
84,80,0,-10
84,81,0,12
84,82,0,-34
84,83,0,-3
84,84,0,124
84,85,0,-5
85,1,0,3
85,2,0,-1
85,3,0,4
85,4,0,-13
85,5,0,-10
85,6,0,-9
85,8,0,-1
85,9,0,-1
85,10,0,2
85,11,0,-11
85,12,0,8
85,13,0,-2
85,14,0,-4
85,15,0,12
85,16,0,-4
85,17,0,28
85,18,0,-17
85,19,0,-4
85,20,0,-20
85,21,0,2
85,22,0,-2
85,23,0,4
85,24,0,19
85,25,0,-7
85,26,0,-4
85,27,0,-6
85,28,0,-14
85,29,0,5
85,30,0,2
85,31,0,40
85,32,0,-17
85,33,0,-4
85,34,0,28
85,35,0,-4
85,36,0,-17
85,37,0,-6
85,38,0,-26
85,39,0,19
85,40,0,11
85,41,0,21
85,42,0,14
85,43,0,-11
85,44,0,-4
85,45,0,-18
85,46,0,8
85,47,0,-3
85,48,0,30
85,49,0,-21
85,50,0,1
85,51,0,-7
85,52,0,-6
85,53,0,-18
85,54,0,6
85,55,0,-14
85,56,0,5
85,58,0,-16
85,59,0,-5
85,60,0,-26
85,61,0,-14
85,62,0,1
85,63,0,-23
85,64,0,-6
85,65,0,-17
85,66,0,-3
85,67,0,9
85,68,0,-10
85,69,0,-18
85,70,0,-24
85,71,0,24
85,72,0,17
85,73,0,2
85,74,0,4
85,75,0,-3
85,76,0,2
85,77,0,2
85,78,0,11
85,79,0,-1
85,80,0,7
85,81,0,4
85,82,0,-23
85,84,0,-5
85,85,0,118
86,1,0,-1
87,1,0,-1
88,1,0,-1
89,1,0,-1
90,1,0,-1
91,1,0,-1
92,1,0,-1
93,1,0,-1
94,1,0,-1
95,1,0,-1
96,1,0,-1
97,1,0,-1
98,1,0,-1
99,1,0,-1
99,99,0,2
100,2,0,-1
100,100,0,3
100,100,1,1
101,3,0,-1
101,101,0,4
101,101,1,3
102,4,0,-1
102,102,0,3
103,5,0,-1
103,103,0,5
103,103,1,-1
104,6,0,-1
104,104,0,5
105,7,0,-1
105,105,0,4
105,105,1,4
106,8,0,-1
106,106,0,3
106,106,1,-3
107,9,0,-1
107,107,0,4
107,107,1,3
108,10,0,-1
108,108,0,1
109,11,0,-1
109,109,0,2
110,12,0,-1
110,110,0,4
110,110,1,-1
111,13,0,-1
111,111,0,4
112,14,0,-1
112,112,0,3
112,112,1,-2
113,15,0,-1
113,113,0,3
113,113,1,1
114,16,0,-1
114,114,0,4
114,114,1,1
115,17,0,-1
115,115,0,3
116,18,0,-1
116,116,0,4
116,116,1,1
117,19,0,-1
117,117,0,4
118,20,0,-1
118,118,0,3
118,118,1,-2
119,21,0,-1
119,119,0,4
120,22,0,-1
120,120,0,3
121,23,0,-1
121,121,0,4
122,24,0,-1
122,122,0,4
123,25,0,-1
123,123,0,4
123,123,1,-1
124,26,0,-1
124,124,0,4
124,124,1,1
125,27,0,-1
125,125,0,3
125,125,1,2
126,28,0,-1
126,126,0,4
127,29,0,-1
127,127,0,5
128,30,0,-1
128,128,0,2
129,31,0,-1
129,129,0,2
129,129,1,1
130,32,0,-1
130,130,0,4
130,130,1,3
131,33,0,-1
131,131,0,2
132,34,0,-1
132,132,0,1
133,35,0,-1
133,133,0,1
134,36,0,-1
134,134,0,3
135,37,0,-1
135,135,0,5
136,38,0,-1
136,136,0,1
137,39,0,-1
137,137,0,2
138,40,0,-1
138,138,0,3
139,41,0,-1
139,139,0,4
139,139,1,-2
140,42,0,-1
140,140,0,3
141,43,0,-1
141,141,0,5
142,44,0,-1
142,142,0,1
143,45,0,-1
143,143,0,2
144,46,0,-1
144,144,0,3
144,144,1,1
145,47,0,-1
145,145,0,2
146,48,0,-1
146,146,0,5
146,146,1,-3
147,49,0,-1
147,147,0,3
148,50,0,-1
148,148,0,5
149,51,0,-1
149,149,0,2
149,149,1,-1
150,52,0,-1
150,150,0,3
151,53,0,-1
151,151,0,2
152,54,0,-1
152,152,0,4
152,152,1,3
153,55,0,-1
153,153,0,4
153,153,1,-1
154,56,0,-1
154,154,0,3
155,57,0,-1
155,155,0,2
156,58,0,-1
156,156,0,3
157,59,0,-1
157,157,0,3
158,60,0,-1
158,158,0,2
159,61,0,-1
159,159,0,3
160,62,0,-1
160,160,0,4
160,160,1,3
161,63,0,-1
161,161,0,1
162,64,0,-1
162,162,0,2
163,65,0,-1
163,163,0,2
164,66,0,-1
164,164,0,4
165,67,0,-1
165,165,0,3
166,68,0,-1
166,166,0,3
167,69,0,-1
167,167,0,3
168,70,0,-1
168,168,0,2
168,168,1,1
169,71,0,-1
169,169,0,4
170,72,0,-1
170,170,0,4
171,73,0,-1
171,171,0,1
171,171,1,-1
172,74,0,-1
172,172,0,5
172,172,1,-2
173,75,0,-1
173,173,0,2
173,173,1,-1
174,76,0,-1
174,174,0,3
174,174,1,-2
175,77,0,-1
175,175,0,2

q_data
1,0,-449
1,1,165
2,0,-782
3,0,236
3,1,174
4,0,-435
5,0,24
6,0,-500
7,0,834
8,0,78
8,1,-73
9,0,-304
10,0,163
11,0,-20
12,0,-282
12,1,75
13,0,-903
14,0,-240
15,0,-676
15,1,558
16,0,-263
17,0,-417
18,0,-454
19,0,171
20,0,-428
21,0,-778
22,0,373
23,0,-204
24,0,263
25,0,17
25,1,-3
26,0,-510
27,0,-109
27,1,96
28,0,-367
29,0,-135
30,0,-138
30,1,75
31,0,-586
32,0,-378
33,0,-564
34,0,-163
35,0,29
36,0,-225
37,0,-932
37,1,-222
38,0,-212
38,1,-140
39,0,-226
40,0,-69
41,0,268
42,0,-241
43,0,-17
44,0,331
45,0,61
46,0,-417
46,1,-261
47,0,-966
47,1,-91
48,0,-457
49,0,184
50,0,-305
51,0,-331
52,0,472
52,1,-184
53,0,-108
54,0,-183
55,0,-167
56,0,-434
57,0,479
58,0,-217
59,0,-934
60,0,277
61,0,-151
62,0,714
63,0,-184
64,0,-224
65,0,104
66,0,512
66,1,-400
67,0,-158
68,0,-523
69,0,-59
70,0,-347
71,0,-694
71,1,77
72,0,-618
73,0,-187
74,0,-458
75,0,-67
76,0,-863
77,0,-430
78,0,110
79,0,52
80,0,-783
80,1,-290
81,0,-338
82,0,-362
82,1,286
83,0,-165
84,0,-407
85,0,-174
86,0,3
87,0,3
88,0,3
89,0,3
90,0,3
91,0,3
92,0,3
93,0,3
93,1,-3
94,0,3
94,1,-2
95,0,3
96,0,3
97,0,3
98,0,3
99,0,-5
100,0,-11
101,0,-7
101,1,6
102,0,-5
103,0,-20
104,0,-5
105,0,-16
106,0,-1
107,0,5
108,0,-2
109,0,5
110,0,-5
111,0,-3
111,1,1
112,0,-14
113,0,-8
114,0,-1
115,0,6
116,0,-19
116,1,-13
117,0,-7
118,0,-9
118,1,2
119,0,5
119,1,1
120,0,-8
121,0,-12
122,0,-8
122,1,-1
123,0,-10
124,0,-11
124,1,8
125,0,6
126,0,-1
127,0,6
128,0,-4
130,0,-6
131,0,-5
132,0,2
133,0,1
133,1,-1
134,0,-9
135,0,-10
136,0,-1
137,0,8
138,0,-3
139,0,5
140,0,-8
142,0,1
142,1,-1
143,0,-4
144,0,1
145,0,-3
146,0,-2
147,0,-13
148,0,5
148,1,1
149,0,-1
150,0,-14
151,0,1
152,0,-8
153,0,-9
154,0,-6
155,0,3
156,0,-10
156,1,-7
157,0,-4
158,0,-5
159,0,-5
160,0,-6
161,0,9
163,0,-4
164,0,-16
165,0,-10
166,0,-1
167,0,-9
167,1,2
169,0,-16
170,0,-11
171,0,-1
172,0,-22
173,0,-2
173,1,1
174,0,-5
175,0,-1

Param_Space
1,1,-1
2,1,1

Param_Space_RHS
0
1

END
