LCP


h
150

k
1

M_data
1,1,0,126
1,2,0,-14
1,3,0,-3
1,4,0,-21
1,5,0,21
1,6,0,-18
1,7,0,-6
1,8,0,-4
1,9,0,15
1,10,0,-7
1,11,0,-4
1,12,0,21
1,13,0,10
1,14,0,-17
1,15,0,-13
1,16,0,-8
1,17,0,-22
1,18,0,4
1,19,0,-6
1,20,0,-1
1,21,0,7
1,22,0,22
1,23,0,-27
1,24,0,8
1,25,0,1
1,26,0,8
1,28,0,7
1,29,0,-16
1,30,0,13
1,31,0,-6
1,32,0,-11
1,33,0,-35
1,34,0,-26
1,35,0,-2
1,36,0,-14
1,37,0,11
1,38,0,2
1,39,0,-5
1,40,0,6
1,41,0,-17
1,42,0,6
1,43,0,6
1,44,0,9
1,45,0,30
1,46,0,9
1,47,0,4
1,48,0,-8
1,49,0,-4
1,50,0,11
1,51,0,12
1,52,0,-8
1,53,0,9
1,54,0,-22
1,55,0,2
1,56,0,-6
1,57,0,-24
1,58,0,2
1,59,0,-28
1,60,0,-15
1,61,0,16
1,62,0,-9
1,63,0,-17
1,64,0,-16
1,65,0,24
1,66,0,17
1,67,0,12
1,68,0,-10
1,69,0,12
1,70,0,7
1,71,0,-25
1,72,0,17
1,73,0,-9
1,74,0,-3
1,75,0,-19
1,76,0,-7
1,77,0,14
1,78,0,16
1,79,0,9
1,80,0,-7
1,81,0,-7
1,82,0,1
1,83,0,1
1,84,0,1
1,85,0,1
1,86,0,1
1,87,0,1
1,88,0,1
1,89,0,1
1,90,0,1
1,91,0,1
1,92,0,1
1,93,0,1
1,94,0,1
1,95,0,1
1,96,0,1
1,97,0,1
1,98,0,1
1,99,0,1
1,100,0,1
1,101,0,1
1,102,0,1
1,103,0,1
1,104,0,1
1,105,0,1
1,106,0,1
1,107,0,1
1,108,0,1
1,109,0,1
1,110,0,1
1,111,0,1
1,112,0,1
1,113,0,1
1,114,0,1
1,115,0,1
1,116,0,1
1,117,0,1
1,118,0,1
1,119,0,1
1,120,0,1
1,121,0,1
1,122,0,1
1,123,0,1
1,124,0,1
1,125,0,1
1,126,0,1
1,127,0,1
2,1,0,-14
2,2,0,124
2,3,0,-16
2,4,0,16
2,6,0,-18
2,7,0,9
2,8,0,-29
2,9,0,5
2,10,0,9
2,11,0,-2
2,12,0,-3
2,13,0,10
2,15,0,12
2,16,0,1
2,17,0,-2
2,18,0,-20
2,19,0,-5
2,20,0,-12
2,21,0,22
2,22,0,1
2,23,0,11
2,24,0,-9
2,25,0,-16
2,26,0,20
2,27,0,16
2,28,0,-14
2,29,0,-42
2,30,0,14
2,32,0,-2
2,33,0,17
2,34,0,-6
2,35,0,19
2,36,0,1
2,37,0,8
2,39,0,8
2,41,0,-1
2,42,0,19
2,43,0,6
2,44,0,19
2,45,0,4
2,46,0,-2
2,47,0,3
2,48,0,-27
2,49,0,-13
2,50,0,15
2,51,0,27
2,52,0,-16
2,53,0,-5
2,54,0,11
2,55,0,6
2,56,0,-13
2,57,0,4
2,58,0,-1
2,59,0,11
2,60,0,17
2,61,0,-29
2,62,0,-8
2,63,0,9
2,65,0,9
2,66,0,-3
2,67,0,8
2,68,0,-6
2,69,0,28
2,70,0,20
2,71,0,-19
2,72,0,-3
2,73,0,-12
2,74,0,-31
2,75,0,-8
2,76,0,-9
2,77,0,-3
2,78,0,-12
2,79,0,-9
2,80,0,9
2,81,0,2
2,128,0,1
3,1,0,-3
3,2,0,-16
3,3,0,109
3,4,0,7
3,5,0,-21
3,6,0,11
3,7,0,-3
3,8,0,4
3,9,0,1
3,10,0,17
3,11,0,7
3,12,0,15
3,13,0,-15
3,14,0,-7
3,15,0,3
3,16,0,16
3,17,0,12
3,18,0,1
3,19,0,-6
3,20,0,-1
3,21,0,5
3,22,0,5
3,24,0,-19
3,25,0,-1
3,26,0,-12
3,27,0,16
3,28,0,-14
3,29,0,11
3,30,0,-1
3,31,0,-4
3,32,0,-12
3,33,0,5
3,34,0,9
3,35,0,-9
3,36,0,-8
3,37,0,5
3,39,0,-17
3,40,0,11
3,41,0,4
3,42,0,15
3,43,0,18
3,44,0,-20
3,45,0,15
3,46,0,-18
3,47,0,14
3,48,0,-2
3,49,0,1
3,50,0,7
3,51,0,7
3,52,0,-3
3,53,0,14
3,54,0,-4
3,55,0,21
3,56,0,-3
3,57,0,11
3,58,0,-10
3,59,0,18
3,60,0,-15
3,61,0,4
3,62,0,6
3,63,0,7
3,64,0,10
3,65,0,1
3,66,0,10
3,67,0,8
3,68,0,-6
3,69,0,5
3,70,0,-5
3,71,0,7
3,72,0,-11
3,73,0,1
3,74,0,39
3,75,0,21
3,76,0,2
3,77,0,-8
3,78,0,-8
3,79,0,-19
3,80,0,15
3,81,0,7
3,129,0,1
4,1,0,-21
4,2,0,16
4,3,0,7
4,4,0,129
4,5,0,-7
4,6,0,3
4,7,0,-12
4,8,0,-6
4,9,0,8
4,10,0,-5
4,11,0,6
4,12,0,-4
4,14,0,9
4,15,0,17
4,16,0,-6
4,17,0,-13
4,18,0,5
4,19,0,-8
4,20,0,6
4,21,0,16
4,22,0,5
4,23,0,24
4,24,0,3
4,25,0,7
4,26,0,21
4,27,0,21
4,28,0,-2
4,29,0,-37
4,30,0,2
4,31,0,-21
4,32,0,-3
4,33,0,19
4,34,0,39
4,35,0,19
4,36,0,3
4,37,0,3
4,38,0,20
4,39,0,-7
4,40,0,-1
4,41,0,12
4,42,0,22
4,43,0,10
4,44,0,19
4,45,0,10
4,47,0,-5
4,48,0,-4
4,49,0,-19
4,50,0,6
4,51,0,-19
4,52,0,-3
4,54,0,-4
4,55,0,7
4,56,0,15
4,57,0,20
4,58,0,6
4,59,0,4
4,60,0,10
4,61,0,1
4,62,0,-1
4,63,0,4
4,64,0,17
4,65,0,-13
4,66,0,17
4,67,0,23
4,68,0,19
4,69,0,15
4,70,0,4
4,71,0,16
4,72,0,-7
4,73,0,-4
4,74,0,-18
4,75,0,10
4,76,0,-27
4,77,0,-6
4,78,0,2
4,79,0,12
4,80,0,-10
4,81,0,26
4,130,0,1
5,1,0,21
5,3,0,-21
5,4,0,-7
5,5,0,125
5,6,0,-2
5,7,0,-14
5,8,0,13
5,9,0,29
5,10,0,19
5,11,0,1
5,12,0,-1
5,13,0,2
5,14,0,-2
5,15,0,1
5,16,0,-29
5,17,0,2
5,18,0,-3
5,19,0,-8
5,20,0,-4
5,21,0,-5
5,22,0,4
5,23,0,-1
5,24,0,28
5,25,0,-4
5,26,0,-12
5,27,0,-9
5,28,0,2
5,29,0,16
5,30,0,9
5,31,0,-23
5,32,0,7
5,33,0,-20
5,34,0,-10
5,35,0,15
5,36,0,-7
5,37,0,10
5,38,0,-10
5,39,0,19
5,40,0,-9
5,41,0,-30
5,42,0,-6
5,43,0,21
5,44,0,-2
5,45,0,14
5,46,0,26
5,47,0,-13
5,48,0,1
5,49,0,-20
5,50,0,18
5,51,0,-17
5,52,0,12
5,53,0,17
5,54,0,-21
5,56,0,-25
5,57,0,-25
5,58,0,1
5,59,0,22
5,60,0,39
5,61,0,-19
5,62,0,-17
5,63,0,-37
5,64,0,3
5,65,0,-21
5,66,0,-14
5,67,0,-19
5,68,0,-12
5,69,0,-9
5,70,0,6
5,71,0,-25
5,72,0,22
5,73,0,6
5,74,0,14
5,75,0,7
5,76,0,6
5,77,0,23
5,78,0,4
5,80,0,5
5,81,0,1
5,131,0,1
6,1,0,-18
6,2,0,-18
6,3,0,11
6,4,0,3
6,5,0,-2
6,6,0,141
6,7,0,-6
6,8,0,11
6,10,0,-10
6,11,0,1
6,12,0,4
6,13,0,-24
6,14,0,-14
6,15,0,-17
6,16,0,13
6,17,0,9
6,18,0,-18
6,19,0,3
6,20,0,-29
6,21,0,-3
6,23,0,-1
6,24,0,11
6,25,0,-11
6,26,0,22
6,27,0,-13
6,28,0,-5
6,29,0,36
6,30,0,-20
6,31,0,-17
6,33,0,8
6,34,0,-16
6,35,0,-13
6,36,0,16
6,37,0,-18
6,38,0,-3
6,39,0,-4
6,40,0,-12
6,41,0,1
6,42,0,6
6,43,0,-33
6,44,0,5
6,45,0,21
6,46,0,11
6,47,0,7
6,48,0,23
6,49,0,-8
6,50,0,2
6,51,0,-5
6,52,0,-24
6,53,0,-10
6,54,0,21
6,55,0,3
6,56,0,-11
6,57,0,-2
6,58,0,21
6,59,0,-7
6,60,0,-11
6,61,0,-6
6,62,0,14
6,63,0,5
6,64,0,22
6,65,0,8
6,66,0,2
6,67,0,-18
6,68,0,-1
6,69,0,-3
6,70,0,-4
6,71,0,5
6,72,0,-5
6,73,0,29
6,74,0,15
6,75,0,6
6,76,0,-5
6,77,0,13
6,78,0,-13
6,80,0,-32
6,81,0,-23
6,132,0,1
7,1,0,-6
7,2,0,9
7,3,0,-3
7,4,0,-12
7,5,0,-14
7,6,0,-6
7,7,0,139
7,8,0,-18
7,9,0,-45
7,10,0,-5
7,11,0,-2
7,12,0,12
7,13,0,1
7,14,0,5
7,15,0,-6
7,16,0,4
7,17,0,1
7,18,0,-13
7,19,0,-8
7,20,0,-12
7,21,0,-16
7,22,0,10
7,23,0,-1
7,24,0,-20
7,25,0,-12
7,26,0,-2
7,28,0,2
7,29,0,-8
7,30,0,12
7,31,0,11
7,32,0,14
7,33,0,-3
7,34,0,1
7,35,0,-28
7,36,0,7
7,37,0,33
7,38,0,19
7,39,0,39
7,40,0,2
7,41,0,9
7,42,0,-6
7,43,0,6
7,44,0,5
7,45,0,-14
7,46,0,7
7,47,0,1
7,48,0,8
7,49,0,-12
7,50,0,14
7,51,0,-7
7,52,0,16
7,53,0,-22
7,54,0,24
7,55,0,20
7,56,0,-5
7,58,0,16
7,59,0,7
7,60,0,-19
7,61,0,-2
7,62,0,8
7,63,0,29
7,64,0,-3
7,65,0,9
7,66,0,-5
7,67,0,-22
7,68,0,23
7,69,0,-19
7,70,0,11
7,71,0,2
7,72,0,1
7,73,0,11
7,74,0,-7
7,75,0,-3
7,76,0,17
7,77,0,-13
7,78,0,-6
7,79,0,-11
7,80,0,-1
7,81,0,-31
7,133,0,1
8,1,0,-4
8,2,0,-29
8,3,0,4
8,4,0,-6
8,5,0,13
8,6,0,11
8,7,0,-18
8,8,0,135
8,9,0,26
8,10,0,-19
8,11,0,-2
8,12,0,27
8,13,0,-37
8,14,0,9
8,15,0,-4
8,16,0,9
8,17,0,15
8,18,0,11
8,19,0,22
8,20,0,-8
8,21,0,-16
8,22,0,6
8,23,0,8
8,24,0,-3
8,25,0,23
8,26,0,7
8,27,0,-16
8,28,0,-22
8,29,0,22
8,30,0,-3
8,31,0,-24
8,33,0,-24
8,34,0,-3
8,35,0,-10
8,36,0,31
8,37,0,-25
8,38,0,12
8,39,0,-4
8,40,0,-2
8,41,0,-5
8,42,0,-8
8,43,0,14
8,44,0,-7
8,45,0,6
8,46,0,7
8,47,0,2
8,48,0,26
8,49,0,31
8,50,0,-21
8,51,0,7
8,52,0,14
8,53,0,7
8,54,0,12
8,55,0,-2
8,56,0,28
8,57,0,11
8,58,0,-11
8,59,0,19
8,60,0,12
8,61,0,-28
8,62,0,3
8,63,0,-5
8,64,0,-13
8,65,0,-8
8,66,0,10
8,67,0,-6
8,68,0,1
8,69,0,8
8,70,0,9
8,71,0,-12
8,72,0,-12
8,73,0,6
8,74,0,13
8,75,0,-8
8,76,0,-2
8,77,0,11
8,78,0,2
8,79,0,-15
8,80,0,5
8,81,0,16
8,134,0,1
9,1,0,15
9,2,0,5
9,3,0,1
9,4,0,8
9,5,0,29
9,7,0,-45
9,8,0,26
9,9,0,146
9,10,0,17
9,11,0,-33
9,12,0,-4
9,13,0,13
9,15,0,15
9,16,0,5
9,17,0,13
9,18,0,-1
9,19,0,-2
9,20,0,-11
9,21,0,-17
9,22,0,22
9,23,0,23
9,24,0,-4
9,25,0,-1
9,26,0,18
9,27,0,8
9,28,0,-4
9,29,0,4
9,30,0,-10
9,31,0,10
9,32,0,4
9,33,0,-18
9,34,0,11
9,35,0,33
9,36,0,1
9,37,0,-8
9,38,0,-13
9,39,0,-23
9,40,0,-4
9,41,0,-3
9,42,0,12
9,43,0,10
9,44,0,5
9,45,0,-8
9,46,0,-23
9,47,0,19
9,48,0,14
9,49,0,24
9,50,0,12
9,52,0,-23
9,53,0,12
9,54,0,-7
9,55,0,-4
9,56,0,-16
9,57,0,9
9,58,0,-26
9,59,0,15
9,60,0,10
9,61,0,2
9,62,0,-13
9,63,0,-17
9,64,0,-4
9,65,0,-8
9,66,0,-4
9,67,0,8
9,68,0,-6
9,69,0,15
9,70,0,-2
9,71,0,-33
9,72,0,3
9,73,0,-3
9,74,0,-17
9,75,0,29
9,76,0,-3
9,77,0,15
9,78,0,9
9,79,0,-8
9,80,0,-10
9,81,0,10
9,135,0,1
10,1,0,-7
10,2,0,9
10,3,0,17
10,4,0,-5
10,5,0,19
10,6,0,-10
10,7,0,-5
10,8,0,-19
10,9,0,17
10,10,0,128
10,11,0,-15
10,13,0,10
10,14,0,11
10,15,0,6
10,16,0,-12
10,17,0,18
10,18,0,7
10,19,0,-7
10,20,0,17
10,21,0,4
10,22,0,-23
10,23,0,4
10,24,0,-6
10,25,0,8
10,26,0,-26
10,27,0,15
10,28,0,-7
10,29,0,-15
10,30,0,-7
10,31,0,-13
10,32,0,15
10,33,0,4
10,34,0,12
10,35,0,-11
10,36,0,11
10,37,0,3
10,38,0,23
10,39,0,-4
10,40,0,10
10,41,0,1
10,42,0,30
10,43,0,7
10,44,0,13
10,45,0,14
10,46,0,-18
10,47,0,21
10,48,0,-2
10,49,0,-22
10,50,0,2
10,51,0,-18
10,52,0,5
10,53,0,14
10,54,0,-19
10,55,0,-3
10,56,0,-12
10,57,0,8
10,58,0,-5
10,59,0,19
10,60,0,7
10,61,0,11
10,62,0,7
10,63,0,-4
10,64,0,-9
10,65,0,14
10,66,0,-14
10,67,0,9
10,68,0,-9
10,69,0,4
10,70,0,-14
10,71,0,-6
10,72,0,5
10,73,0,13
10,74,0,6
10,75,0,5
10,76,0,8
10,77,0,-18
10,78,0,-32
10,79,0,-4
10,81,0,11
10,136,0,1
11,1,0,-4
11,2,0,-2
11,3,0,7
11,4,0,6
11,5,0,1
11,6,0,1
11,7,0,-2
11,8,0,-2
11,9,0,-33
11,10,0,-15
11,11,0,132
11,12,0,12
11,13,0,-13
11,14,0,21
11,15,0,-11
11,16,0,-22
11,17,0,-6
11,19,0,1
11,20,0,10
11,21,0,-11
11,22,0,5
11,23,0,-12
11,24,0,-1
11,25,0,-1
11,26,0,15
11,27,0,-5
11,28,0,-10
11,29,0,-11
11,30,0,23
11,31,0,5
11,32,0,13
11,33,0,-18
11,35,0,-5
11,36,0,2
11,37,0,-11
11,38,0,-5
11,39,0,9
11,40,0,-25
11,41,0,-3
11,42,0,2
11,43,0,-2
11,44,0,1
11,45,0,4
11,46,0,1
11,47,0,-13
11,48,0,-17
11,49,0,-14
11,50,0,-2
11,51,0,8
11,52,0,11
11,53,0,-6
11,54,0,-2
11,55,0,13
11,56,0,14
11,57,0,-14
11,58,0,-30
11,59,0,-12
11,60,0,17
11,61,0,-2
11,62,0,6
11,63,0,5
11,64,0,16
11,65,0,-24
11,66,0,6
11,67,0,-7
11,68,0,-28
11,69,0,-5
11,70,0,5
11,71,0,2
11,72,0,3
11,73,0,-29
11,74,0,9
11,75,0,-25
11,76,0,-15
11,77,0,15
11,79,0,-21
11,80,0,-3
11,81,0,6
11,137,0,1
12,1,0,21
12,2,0,-3
12,3,0,15
12,4,0,-4
12,5,0,-1
12,6,0,4
12,7,0,12
12,8,0,27
12,9,0,-4
12,11,0,12
12,12,0,107
12,13,0,-19
12,14,0,1
12,15,0,-9
12,16,0,-10
12,17,0,19
12,18,0,4
12,19,0,-2
12,20,0,9
12,21,0,4
12,22,0,7
12,23,0,9
12,24,0,-20
12,25,0,6
12,26,0,7
12,27,0,6
12,28,0,-29
12,29,0,-8
12,30,0,16
12,31,0,-3
12,32,0,-10
12,33,0,-14
12,34,0,-16
12,35,0,-13
12,36,0,10
12,37,0,3
12,38,0,16
12,39,0,-12
12,40,0,2
12,41,0,-16
12,42,0,-22
12,43,0,-9
12,44,0,7
12,45,0,-5
12,47,0,14
12,48,0,-10
12,49,0,-1
12,50,0,10
12,51,0,12
12,52,0,-11
12,53,0,-11
12,54,0,10
12,55,0,2
12,56,0,2
12,57,0,20
12,58,0,12
12,59,0,-3
12,60,0,-2
12,61,0,-1
12,62,0,-13
12,63,0,-4
12,64,0,3
12,65,0,20
12,66,0,5
12,67,0,-11
12,68,0,-11
12,69,0,7
12,70,0,6
12,72,0,6
12,73,0,-9
12,74,0,15
12,75,0,-3
12,76,0,1
12,77,0,-6
12,78,0,-1
12,79,0,-33
12,80,0,-1
12,81,0,-1
12,138,0,1
13,1,0,10
13,2,0,10
13,3,0,-15
13,5,0,2
13,6,0,-24
13,7,0,1
13,8,0,-37
13,9,0,13
13,10,0,10
13,11,0,-13
13,12,0,-19
13,13,0,135
13,14,0,36
13,15,0,-8
13,16,0,-12
13,17,0,-26
13,18,0,14
13,19,0,1
13,20,0,2
13,21,0,7
13,22,0,-8
13,23,0,-2
13,24,0,22
13,25,0,-1
13,26,0,25
13,27,0,26
13,28,0,9
13,29,0,-5
13,30,0,11
13,31,0,11
13,32,0,30
13,33,0,11
13,34,0,15
13,35,0,7
13,36,0,11
13,37,0,9
13,38,0,-8
13,39,0,12
13,40,0,-11
13,41,0,29
13,42,0,-6
13,43,0,9
13,44,0,6
13,45,0,-16
13,46,0,9
13,47,0,22
13,48,0,-26
13,49,0,-29
13,50,0,21
13,51,0,-10
13,52,0,12
13,54,0,3
13,55,0,3
13,56,0,-14
13,57,0,-11
13,58,0,1
13,60,0,3
13,61,0,25
13,62,0,-18
13,63,0,11
13,64,0,-12
13,65,0,13
13,66,0,-7
13,67,0,1
13,68,0,14
13,69,0,-26
13,70,0,-3
13,71,0,-12
13,72,0,-9
13,73,0,18
13,74,0,-22
13,75,0,-30
13,76,0,-29
13,77,0,3
13,78,0,-2
13,79,0,-12
13,80,0,13
13,81,0,-14
13,139,0,1
14,1,0,-17
14,3,0,-7
14,4,0,9
14,5,0,-2
14,6,0,-14
14,7,0,5
14,8,0,9
14,10,0,11
14,11,0,21
14,12,0,1
14,13,0,36
14,14,0,142
14,15,0,-22
14,16,0,-9
14,17,0,-15
14,18,0,18
14,19,0,-6
14,20,0,12
14,21,0,15
14,22,0,-26
14,23,0,-9
14,24,0,-11
14,25,0,-17
14,26,0,10
14,27,0,-24
14,28,0,-12
14,29,0,6
14,30,0,16
14,31,0,-14
14,32,0,9
14,33,0,1
14,34,0,-15
14,35,0,14
14,36,0,14
14,37,0,10
14,38,0,5
14,39,0,18
14,40,0,-8
14,41,0,21
14,42,0,3
14,43,0,-14
14,44,0,3
14,45,0,-1
14,46,0,-19
14,47,0,9
14,48,0,-12
14,49,0,-21
14,50,0,10
14,51,0,7
14,52,0,28
14,53,0,-20
14,54,0,1
14,56,0,-11
14,57,0,-4
14,58,0,-12
14,59,0,2
14,60,0,8
14,61,0,-7
14,62,0,16
14,63,0,-10
14,64,0,4
14,65,0,-7
14,66,0,-4
14,67,0,13
14,69,0,-25
14,70,0,-9
14,71,0,-4
14,72,0,-18
14,73,0,-13
14,74,0,9
14,75,0,-12
14,76,0,-4
14,77,0,-3
14,78,0,6
14,79,0,-8
14,80,0,25
14,81,0,15
14,140,0,1
15,1,0,-13
15,2,0,12
15,3,0,3
15,4,0,17
15,5,0,1
15,6,0,-17
15,7,0,-6
15,8,0,-4
15,9,0,15
15,10,0,6
15,11,0,-11
15,12,0,-9
15,13,0,-8
15,14,0,-22
15,15,0,109
15,16,0,4
15,17,0,-5
15,18,0,-5
15,19,0,-3
15,20,0,5
15,22,0,-2
15,23,0,-4
15,24,0,3
15,25,0,2
15,26,0,-14
15,27,0,12
15,28,0,-4
15,29,0,-9
15,30,0,-20
15,31,0,1
15,32,0,9
15,33,0,25
15,34,0,19
15,35,0,1
15,36,0,-4
15,37,0,8
15,38,0,7
15,39,0,1
15,40,0,2
15,41,0,-10
15,42,0,17
15,43,0,22
15,44,0,-8
15,45,0,1
15,46,0,-8
15,47,0,-22
15,48,0,-23
15,49,0,-1
15,50,0,28
15,51,0,-6
15,52,0,-12
15,53,0,-6
15,54,0,-6
15,55,0,-4
15,56,0,1
15,57,0,14
15,58,0,1
15,59,0,25
15,60,0,1
15,61,0,5
15,62,0,18
15,63,0,-11
15,64,0,-24
15,65,0,2
15,66,0,-12
15,67,0,2
15,68,0,5
15,69,0,26
15,70,0,22
15,71,0,-4
15,72,0,-5
15,73,0,5
15,74,0,-10
15,75,0,-1
15,76,0,21
15,77,0,9
15,78,0,-2
15,79,0,14
15,80,0,9
15,81,0,6
15,141,0,1
16,1,0,-8
16,2,0,1
16,3,0,16
16,4,0,-6
16,5,0,-29
16,6,0,13
16,7,0,4
16,8,0,9
16,9,0,5
16,10,0,-12
16,11,0,-22
16,12,0,-10
16,13,0,-12
16,14,0,-9
16,15,0,4
16,16,0,98
16,17,0,-3
16,18,0,-4
16,19,0,14
16,20,0,6
16,21,0,-17
16,22,0,-12
16,23,0,5
16,24,0,-3
16,25,0,-20
16,26,0,5
16,27,0,-5
16,28,0,21
16,29,0,-7
16,30,0,-3
16,31,0,19
16,32,0,-13
16,33,0,-2
16,34,0,-3
16,35,0,-9
16,36,0,-2
16,37,0,-2
16,38,0,-17
16,39,0,-11
16,40,0,-8
16,41,0,11
16,42,0,15
16,43,0,4
16,44,0,-6
16,45,0,-1
16,46,0,-14
16,47,0,4
16,48,0,3
16,49,0,9
16,50,0,3
16,51,0,3
16,52,0,7
16,53,0,-6
16,54,0,13
16,55,0,-10
16,56,0,11
16,57,0,14
16,58,0,-4
16,59,0,-21
16,60,0,-10
16,61,0,12
16,62,0,16
16,63,0,-2
16,64,0,-4
16,65,0,-5
16,66,0,1
16,67,0,10
16,68,0,3
16,69,0,23
16,70,0,7
16,71,0,-8
16,72,0,2
16,73,0,-1
16,74,0,-3
16,75,0,8
16,76,0,23
16,77,0,-5
16,78,0,-14
16,79,0,9
16,80,0,9
16,81,0,9
16,142,0,1
17,1,0,-22
17,2,0,-2
17,3,0,12
17,4,0,-13
17,5,0,2
17,6,0,9
17,7,0,1
17,8,0,15
17,9,0,13
17,10,0,18
17,11,0,-6
17,12,0,19
17,13,0,-26
17,14,0,-15
17,15,0,-5
17,16,0,-3
17,17,0,130
17,18,0,-6
17,19,0,8
17,20,0,-13
17,21,0,1
17,22,0,19
17,23,0,17
17,24,0,-5
17,25,0,-11
17,26,0,4
17,27,0,8
17,28,0,-7
17,29,0,26
17,30,0,-7
17,31,0,-3
17,32,0,-4
17,33,0,20
17,34,0,-8
17,35,0,-12
17,36,0,24
17,38,0,5
17,39,0,12
17,40,0,18
17,42,0,7
17,43,0,8
17,44,0,2
17,45,0,-7
17,46,0,-21
17,47,0,-5
17,48,0,-3
17,49,0,14
17,50,0,-19
17,51,0,1
17,52,0,-6
17,53,0,13
17,54,0,4
17,55,0,-4
17,56,0,-15
17,57,0,6
17,58,0,-23
17,59,0,12
17,60,0,11
17,61,0,7
17,62,0,-3
17,63,0,33
17,64,0,7
17,65,0,-5
17,66,0,-13
17,67,0,-6
17,68,0,3
17,69,0,6
17,70,0,2
17,71,0,22
17,72,0,-20
17,73,0,3
17,74,0,12
17,75,0,12
17,76,0,24
17,77,0,38
17,78,0,-7
17,79,0,-10
17,80,0,-16
17,81,0,8
17,143,0,1
18,1,0,4
18,2,0,-20
18,3,0,1
18,4,0,5
18,5,0,-3
18,6,0,-18
18,7,0,-13
18,8,0,11
18,9,0,-1
18,10,0,7
18,12,0,4
18,13,0,14
18,14,0,18
18,15,0,-5
18,16,0,-4
18,17,0,-6
18,18,0,144
18,19,0,-7
18,20,0,8
18,21,0,2
18,22,0,-17
18,23,0,-4
18,24,0,-18
18,25,0,14
18,26,0,-16
18,27,0,16
18,28,0,-28
18,29,0,9
18,30,0,-20
18,31,0,11
18,32,0,-2
18,33,0,-1
18,35,0,-16
18,37,0,-17
18,38,0,8
18,39,0,17
18,40,0,-25
18,41,0,-1
18,42,0,-24
18,43,0,8
18,44,0,-3
18,46,0,3
18,47,0,1
18,48,0,-4
18,49,0,-10
18,50,0,-27
18,51,0,21
18,52,0,11
18,53,0,19
18,54,0,1
18,55,0,-25
18,56,0,8
18,57,0,-11
18,58,0,35
18,59,0,-17
18,60,0,6
18,61,0,7
18,62,0,-11
18,63,0,1
18,64,0,18
18,65,0,11
18,66,0,-2
18,67,0,3
18,68,0,13
18,69,0,10
18,70,0,-15
18,71,0,17
18,72,0,4
18,73,0,5
18,74,0,22
18,75,0,4
18,76,0,-13
18,77,0,1
18,78,0,27
18,79,0,15
18,80,0,-8
18,81,0,-15
18,144,0,1
19,1,0,-6
19,2,0,-5
19,3,0,-6
19,4,0,-8
19,5,0,-8
19,6,0,3
19,7,0,-8
19,8,0,22
19,9,0,-2
19,10,0,-7
19,11,0,1
19,12,0,-2
19,13,0,1
19,14,0,-6
19,15,0,-3
19,16,0,14
19,17,0,8
19,18,0,-7
19,19,0,80
19,20,0,2
19,21,0,-9
19,22,0,-4
19,23,0,1
19,24,0,-6
19,25,0,-9
19,26,0,6
19,27,0,-12
19,28,0,-11
19,29,0,-1
19,30,0,-5
19,31,0,-6
19,32,0,-1
19,33,0,-14
19,34,0,11
19,35,0,10
19,36,0,7
19,37,0,-25
19,38,0,-6
19,39,0,-8
19,40,0,14
19,41,0,6
19,42,0,-17
19,43,0,-12
19,44,0,9
19,45,0,-9
19,46,0,1
19,47,0,-9
19,48,0,8
19,49,0,11
19,50,0,-24
19,51,0,-6
19,52,0,-11
19,53,0,5
19,54,0,4
19,55,0,-3
19,56,0,7
19,57,0,-7
19,58,0,-12
19,59,0,-7
19,60,0,1
19,61,0,5
19,62,0,-2
19,63,0,-7
19,64,0,-19
19,65,0,-8
19,66,0,-4
19,67,0,14
19,68,0,2
19,69,0,6
19,71,0,13
19,72,0,-3
19,73,0,17
19,74,0,-26
19,75,0,-12
19,76,0,-8
19,77,0,17
19,78,0,-1
19,79,0,-10
19,80,0,-10
19,81,0,6
19,145,0,1
20,1,0,-1
20,2,0,-12
20,3,0,-1
20,4,0,6
20,5,0,-4
20,6,0,-29
20,7,0,-12
20,8,0,-8
20,9,0,-11
20,10,0,17
20,11,0,10
20,12,0,9
20,13,0,2
20,14,0,12
20,15,0,5
20,16,0,6
20,17,0,-13
20,18,0,8
20,19,0,2
20,20,0,145
20,21,0,-3
20,22,0,28
20,23,0,-18
20,24,0,-13
20,25,0,1
20,26,0,-13
20,27,0,13
20,28,0,2
20,29,0,-37
20,30,0,16
20,31,0,-21
20,32,0,-2
20,33,0,-4
20,34,0,12
20,35,0,13
20,36,0,-6
20,37,0,-11
20,38,0,-2
20,39,0,18
20,40,0,-7
20,41,0,6
20,42,0,-23
20,43,0,5
20,45,0,-22
20,46,0,7
20,47,0,-12
20,48,0,-16
20,49,0,15
20,50,0,-4
20,51,0,-15
20,52,0,1
20,53,0,-16
20,55,0,3
20,56,0,19
20,57,0,14
20,58,0,17
20,59,0,-6
20,60,0,13
20,61,0,-5
20,62,0,-22
20,63,0,-18
20,64,0,-7
20,65,0,14
20,67,0,4
20,68,0,-18
20,69,0,-12
20,70,0,-35
20,71,0,4
20,72,0,7
20,73,0,-9
20,74,0,18
20,75,0,-3
20,76,0,3
20,77,0,-28
20,78,0,5
20,79,0,-2
20,80,0,22
20,81,0,34
20,146,0,1
21,1,0,7
21,2,0,22
21,3,0,5
21,4,0,16
21,5,0,-5
21,6,0,-3
21,7,0,-16
21,8,0,-16
21,9,0,-17
21,10,0,4
21,11,0,-11
21,12,0,4
21,13,0,7
21,14,0,15
21,16,0,-17
21,17,0,1
21,18,0,2
21,19,0,-9
21,20,0,-3
21,21,0,112
21,22,0,9
21,23,0,4
21,24,0,21
21,25,0,13
21,26,0,9
21,27,0,18
21,28,0,-4
21,29,0,1
21,30,0,14
21,31,0,-7
21,32,0,-20
21,33,0,17
21,34,0,-14
21,36,0,-3
21,37,0,2
21,38,0,-3
21,39,0,-13
21,40,0,6
21,41,0,2
21,42,0,16
21,43,0,-1
21,44,0,-1
21,45,0,8
21,46,0,-2
21,47,0,-4
21,48,0,-16
21,49,0,-5
21,50,0,1
21,51,0,-4
21,52,0,-7
21,53,0,10
21,54,0,-3
21,55,0,-3
21,56,0,-10
21,57,0,2
21,58,0,3
21,59,0,-21
21,60,0,10
21,61,0,-4
21,62,0,5
21,63,0,-2
21,64,0,25
21,65,0,12
21,66,0,6
21,67,0,11
21,68,0,-5
21,69,0,26
21,71,0,28
21,72,0,-13
21,73,0,-13
21,74,0,10
21,75,0,-7
21,76,0,-13
21,77,0,-17
21,78,0,15
21,79,0,10
21,80,0,10
21,81,0,-17
21,147,0,1
22,1,0,22
22,2,0,1
22,3,0,5
22,4,0,5
22,5,0,4
22,7,0,10
22,8,0,6
22,9,0,22
22,10,0,-23
22,11,0,5
22,12,0,7
22,13,0,-8
22,14,0,-26
22,15,0,-2
22,16,0,-12
22,17,0,19
22,18,0,-17
22,19,0,-4
22,20,0,28
22,21,0,9
22,22,0,111
22,23,0,-13
22,24,0,-4
22,25,0,9
22,26,0,12
22,27,0,10
22,28,0,5
22,29,0,-9
22,30,0,-6
22,31,0,3
22,32,0,-16
22,33,0,-5
22,35,0,-2
22,36,0,-9
22,37,0,15
22,38,0,-2
22,39,0,14
22,40,0,17
22,41,0,4
22,42,0,1
22,43,0,7
22,44,0,1
22,45,0,-28
22,46,0,14
22,47,0,-5
22,48,0,8
22,49,0,25
22,50,0,-16
22,51,0,-4
22,52,0,-11
22,53,0,1
22,54,0,-10
22,55,0,21
22,56,0,8
22,57,0,-4
22,58,0,19
22,59,0,-6
22,60,0,2
22,61,0,9
22,62,0,-7
22,63,0,1
22,64,0,10
22,65,0,-3
22,66,0,-11
22,67,0,-34
22,68,0,-6
22,69,0,-7
22,70,0,1
22,71,0,2
22,72,0,2
22,73,0,-1
22,74,0,-8
22,76,0,-15
22,77,0,4
22,78,0,23
22,79,0,3
22,80,0,-9
22,81,0,-11
22,148,0,1
23,1,0,-27
23,2,0,11
23,4,0,24
23,5,0,-1
23,6,0,-1
23,7,0,-1
23,8,0,8
23,9,0,23
23,10,0,4
23,11,0,-12
23,12,0,9
23,13,0,-2
23,14,0,-9
23,15,0,-4
23,16,0,5
23,17,0,17
23,18,0,-4
23,19,0,1
23,20,0,-18
23,21,0,4
23,22,0,-13
23,23,0,107
23,24,0,-2
23,25,0,17
23,26,0,6
23,27,0,-7
23,28,0,-8
23,29,0,-11
23,30,0,7
23,31,0,-6
23,32,0,27
23,33,0,3
23,34,0,11
23,35,0,16
23,36,0,-5
23,37,0,-4
23,38,0,8
23,39,0,-25
23,40,0,3
23,41,0,-6
23,42,0,-3
23,43,0,-12
23,44,0,-11
23,45,0,-4
23,46,0,-3
23,47,0,-9
23,48,0,-1
23,49,0,-1
23,50,0,7
23,51,0,-19
23,52,0,-23
23,53,0,-15
23,54,0,8
23,55,0,-3
23,56,0,-20
23,57,0,-3
23,58,0,-5
23,59,0,5
23,60,0,9
23,61,0,-3
23,62,0,-9
23,63,0,11
23,64,0,23
23,65,0,-14
23,66,0,-5
23,67,0,2
23,68,0,4
23,69,0,-7
23,70,0,-1
23,71,0,3
23,72,0,-12
23,73,0,12
23,74,0,-9
23,75,0,7
23,76,0,1
23,77,0,-9
23,78,0,-10
23,79,0,-17
23,80,0,-12
23,81,0,7
23,149,0,1
24,1,0,8
24,2,0,-9
24,3,0,-19
24,4,0,3
24,5,0,28
24,6,0,11
24,7,0,-20
24,8,0,-3
24,9,0,-4
24,10,0,-6
24,11,0,-1
24,12,0,-20
24,13,0,22
24,14,0,-11
24,15,0,3
24,16,0,-3
24,17,0,-5
24,18,0,-18
24,19,0,-6
24,20,0,-13
24,21,0,21
24,22,0,-4
24,23,0,-2
24,24,0,108
24,25,0,7
24,26,0,14
24,27,0,-7
24,28,0,18
24,29,0,10
24,30,0,3
24,31,0,-7
24,32,0,-17
24,33,0,-6
24,34,0,-13
24,35,0,11
24,36,0,2
24,37,0,12
24,38,0,-6
24,39,0,4
24,40,0,-16
24,41,0,-3
24,42,0,18
24,43,0,12
24,44,0,11
24,45,0,16
24,46,0,6
24,47,0,-2
24,48,0,-5
24,49,0,-2
24,50,0,30
24,51,0,-11
24,52,0,13
24,53,0,14
24,54,0,-2
24,55,0,-9
24,56,0,-11
24,57,0,-6
24,58,0,-10
24,59,0,-2
24,60,0,-3
24,61,0,-3
24,62,0,-4
24,63,0,-6
24,64,0,3
24,65,0,-12
24,66,0,-5
24,67,0,-5
24,68,0,5
24,69,0,-2
24,70,0,15
24,71,0,16
24,72,0,-4
24,73,0,-1
24,74,0,4
24,75,0,-3
24,76,0,9
24,77,0,24
24,78,0,-1
24,79,0,25
24,80,0,-7
24,81,0,-3
24,150,0,1
25,1,0,1
25,2,0,-16
25,3,0,-1
25,4,0,7
25,5,0,-4
25,6,0,-11
25,7,0,-12
25,8,0,23
25,9,0,-1
25,10,0,8
25,11,0,-1
25,12,0,6
25,13,0,-1
25,14,0,-17
25,15,0,2
25,16,0,-20
25,17,0,-11
25,18,0,14
25,19,0,-9
25,20,0,1
25,21,0,13
25,22,0,9
25,23,0,17
25,24,0,7
25,25,0,111
25,26,0,5
25,27,0,6
25,28,0,9
25,29,0,5
25,30,0,-11
25,31,0,-10
25,32,0,2
25,33,0,6
25,34,0,-8
25,35,0,4
25,36,0,12
25,37,0,1
25,38,0,1
25,39,0,-18
25,40,0,-1
25,41,0,6
25,42,0,3
25,43,0,3
25,44,0,-3
25,45,0,14
25,46,0,26
25,47,0,11
25,48,0,15
25,49,0,-9
25,50,0,-2
25,51,0,6
25,52,0,9
25,53,0,12
25,55,0,-1
25,56,0,26
25,57,0,12
25,58,0,18
25,59,0,1
25,60,0,-6
25,61,0,-16
25,62,0,3
25,63,0,21
25,64,0,2
25,65,0,-4
25,66,0,-14
25,67,0,3
25,68,0,-11
25,69,0,2
25,70,0,3
25,71,0,16
25,72,0,4
25,73,0,14
25,74,0,-16
25,75,0,6
25,76,0,-21
25,77,0,-19
25,78,0,3
25,79,0,13
25,80,0,-16
25,81,0,-34
26,1,0,8
26,2,0,20
26,3,0,-12
26,4,0,21
26,5,0,-12
26,6,0,22
26,7,0,-2
26,8,0,7
26,9,0,18
26,10,0,-26
26,11,0,15
26,12,0,7
26,13,0,25
26,14,0,10
26,15,0,-14
26,16,0,5
26,17,0,4
26,18,0,-16
26,19,0,6
26,20,0,-13
26,21,0,9
26,22,0,12
26,23,0,6
26,24,0,14
26,25,0,5
26,26,0,125
26,27,0,-2
26,28,0,-13
26,29,0,15
26,30,0,25
26,31,0,15
26,32,0,-16
26,33,0,5
26,34,0,9
26,35,0,-2
26,36,0,18
26,37,0,-9
26,38,0,1
26,39,0,9
26,40,0,-15
26,41,0,24
26,42,0,13
26,43,0,-16
26,44,0,21
26,45,0,-7
26,46,0,18
26,47,0,35
26,48,0,-9
26,49,0,-16
26,50,0,11
26,51,0,-1
26,52,0,-16
26,53,0,4
26,54,0,32
26,55,0,-11
26,56,0,4
26,57,0,40
26,58,0,-13
26,59,0,-4
26,60,0,6
26,61,0,7
26,62,0,-8
26,63,0,25
26,64,0,12
26,65,0,-25
26,66,0,4
26,68,0,-9
26,69,0,1
26,70,0,-9
26,71,0,1
26,72,0,-4
26,73,0,1
26,75,0,-10
26,76,0,-35
26,77,0,21
26,78,0,-15
26,79,0,-8
26,80,0,-3
26,81,0,17
27,2,0,16
27,3,0,16
27,4,0,21
27,5,0,-9
27,6,0,-13
27,8,0,-16
27,9,0,8
27,10,0,15
27,11,0,-5
27,12,0,6
27,13,0,26
27,14,0,-24
27,15,0,12
27,16,0,-5
27,17,0,8
27,18,0,16
27,19,0,-12
27,20,0,13
27,21,0,18
27,22,0,10
27,23,0,-7
27,24,0,-7
27,25,0,6
27,26,0,-2
27,27,0,106
27,28,0,6
27,29,0,-17
27,30,0,10
27,31,0,1
27,32,0,-6
27,33,0,7
27,34,0,5
27,35,0,-9
27,36,0,13
27,37,0,-3
27,38,0,8
27,39,0,14
27,40,0,6
27,41,0,-10
27,42,0,15
27,43,0,5
27,44,0,19
27,45,0,-12
27,47,0,-11
27,48,0,-28
27,49,0,-19
27,50,0,-8
27,51,0,-3
27,52,0,9
27,53,0,10
27,54,0,-11
27,55,0,16
27,56,0,3
27,57,0,5
27,58,0,14
27,59,0,14
27,60,0,-3
27,61,0,12
27,62,0,-6
27,63,0,-5
27,64,0,-2
27,65,0,12
27,66,0,-7
27,67,0,-4
27,68,0,-2
27,69,0,37
27,70,0,1
27,71,0,1
27,72,0,-5
27,73,0,1
27,74,0,-22
27,75,0,-1
27,76,0,-10
27,77,0,-10
27,78,0,15
27,79,0,2
27,80,0,-5
27,81,0,-7
28,1,0,7
28,2,0,-14
28,3,0,-14
28,4,0,-2
28,5,0,2
28,6,0,-5
28,7,0,2
28,8,0,-22
28,9,0,-4
28,10,0,-7
28,11,0,-10
28,12,0,-29
28,13,0,9
28,14,0,-12
28,15,0,-4
28,16,0,21
28,17,0,-7
28,18,0,-28
28,19,0,-11
28,20,0,2
28,21,0,-4
28,22,0,5
28,23,0,-8
28,24,0,18
28,25,0,9
28,26,0,-13
28,27,0,6
28,28,0,133
28,29,0,-16
28,30,0,-18
28,31,0,1
28,32,0,-13
28,33,0,7
28,35,0,12
28,36,0,6
28,37,0,23
28,38,0,-31
28,39,0,6
28,40,0,17
28,41,0,13
28,42,0,-3
28,43,0,10
28,44,0,4
28,45,0,-8
28,46,0,-14
28,47,0,12
28,48,0,-28
28,49,0,-12
28,50,0,15
28,51,0,-6
28,52,0,-2
28,53,0,8
28,54,0,9
28,55,0,-3
28,56,0,3
28,57,0,-20
28,58,0,4
28,59,0,-3
28,60,0,1
28,61,0,-2
28,62,0,3
28,63,0,-1
28,64,0,-11
28,65,0,-17
28,66,0,-8
28,67,0,-13
28,68,0,13
28,69,0,2
28,70,0,12
28,71,0,-7
28,73,0,-2
28,74,0,-9
28,75,0,4
28,76,0,17
28,77,0,-1
28,78,0,2
28,79,0,20
28,80,0,1
28,81,0,5
29,1,0,-16
29,2,0,-42
29,3,0,11
29,4,0,-37
29,5,0,16
29,6,0,36
29,7,0,-8
29,8,0,22
29,9,0,4
29,10,0,-15
29,11,0,-11
29,12,0,-8
29,13,0,-5
29,14,0,6
29,15,0,-9
29,16,0,-7
29,17,0,26
29,18,0,9
29,19,0,-1
29,20,0,-37
29,21,0,1
29,22,0,-9
29,23,0,-11
29,24,0,10
29,25,0,5
29,26,0,15
29,27,0,-17
29,28,0,-16
29,29,0,117
29,30,0,-1
29,31,0,9
29,33,0,24
29,34,0,-13
29,35,0,-3
29,36,0,4
29,37,0,-19
29,38,0,-32
29,39,0,29
29,40,0,-7
29,41,0,14
29,42,0,-18
29,43,0,1
29,44,0,-11
29,45,0,-9
29,46,0,-3
29,47,0,-3
29,48,0,28
29,49,0,5
29,50,0,-4
29,51,0,1
29,52,0,9
29,53,0,4
29,54,0,8
29,55,0,-7
29,56,0,-13
29,57,0,-3
29,59,0,-7
29,61,0,13
29,62,0,16
29,63,0,18
29,64,0,3
29,65,0,-13
29,66,0,-9
29,67,0,-14
29,68,0,-4
29,69,0,-10
29,70,0,-13
29,71,0,-5
29,72,0,-5
29,73,0,17
29,74,0,20
29,75,0,-5
29,76,0,-1
29,77,0,16
29,78,0,-5
29,79,0,4
29,80,0,1
29,81,0,-10
30,1,0,13
30,2,0,14
30,3,0,-1
30,4,0,2
30,5,0,9
30,6,0,-20
30,7,0,12
30,8,0,-3
30,9,0,-10
30,10,0,-7
30,11,0,23
30,12,0,16
30,13,0,11
30,14,0,16
30,15,0,-20
30,16,0,-3
30,17,0,-7
30,18,0,-20
30,19,0,-5
30,20,0,16
30,21,0,14
30,22,0,-6
30,23,0,7
30,24,0,3
30,25,0,-11
30,26,0,25
30,27,0,10
30,28,0,-18
30,29,0,-1
30,30,0,132
30,31,0,6
30,32,0,19
30,33,0,7
30,34,0,-10
30,35,0,19
30,36,0,-15
30,37,0,-30
30,38,0,6
30,39,0,17
30,40,0,-7
30,42,0,1
30,44,0,19
30,45,0,13
30,46,0,-9
30,47,0,7
30,48,0,20
30,49,0,-27
30,50,0,8
30,51,0,5
30,52,0,-14
30,53,0,-7
30,54,0,4
30,55,0,22
30,56,0,-2
30,57,0,3
30,58,0,-28
30,59,0,1
30,60,0,6
30,61,0,-13
30,62,0,-17
30,63,0,-9
30,64,0,1
30,65,0,13
30,66,0,6
30,67,0,2
30,68,0,-22
30,69,0,-3
30,70,0,-15
30,71,0,15
30,72,0,13
30,73,0,-15
30,74,0,18
30,75,0,1
30,76,0,-7
30,77,0,4
30,78,0,7
30,79,0,-9
30,80,0,17
30,81,0,-3
31,1,0,-6
31,3,0,-4
31,4,0,-21
31,5,0,-23
31,6,0,-17
31,7,0,11
31,8,0,-24
31,9,0,10
31,10,0,-13
31,11,0,5
31,12,0,-3
31,13,0,11
31,14,0,-14
31,15,0,1
31,16,0,19
31,17,0,-3
31,18,0,11
31,19,0,-6
31,20,0,-21
31,21,0,-7
31,22,0,3
31,23,0,-6
31,24,0,-7
31,25,0,-10
31,26,0,15
31,27,0,1
31,28,0,1
31,29,0,9
31,30,0,6
31,31,0,98
31,32,0,-5
31,33,0,4
31,34,0,5
31,35,0,6
31,36,0,-3
31,37,0,-2
31,38,0,5
31,39,0,-13
31,40,0,6
31,41,0,18
31,42,0,-12
31,43,0,-6
31,44,0,11
31,45,0,-10
31,46,0,-8
31,47,0,12
31,48,0,5
31,49,0,11
31,50,0,-4
31,51,0,-1
31,52,0,-2
31,53,0,17
31,54,0,-5
31,55,0,-8
31,56,0,-4
31,57,0,5
31,58,0,7
31,59,0,-18
31,60,0,13
31,61,0,15
31,62,0,10
31,63,0,7
31,64,0,8
31,65,0,4
31,66,0,-2
31,67,0,-8
31,68,0,11
31,69,0,7
31,70,0,-3
31,71,0,-13
31,72,0,-7
31,73,0,-18
31,74,0,-11
31,75,0,5
31,76,0,9
31,77,0,1
31,78,0,-5
31,80,0,-5
31,81,0,-17
32,1,0,-11
32,2,0,-2
32,3,0,-12
32,4,0,-3
32,5,0,7
32,7,0,14
32,9,0,4
32,10,0,15
32,11,0,13
32,12,0,-10
32,13,0,30
32,14,0,9
32,15,0,9
32,16,0,-13
32,17,0,-4
32,18,0,-2
32,19,0,-1
32,20,0,-2
32,21,0,-20
32,22,0,-16
32,23,0,27
32,24,0,-17
32,25,0,2
32,26,0,-16
32,27,0,-6
32,28,0,-13
32,30,0,19
32,31,0,-5
32,32,0,131
32,33,0,12
32,34,0,22
32,35,0,-14
32,36,0,5
32,37,0,-15
32,38,0,-10
32,39,0,10
32,40,0,-12
32,41,0,3
32,42,0,-8
32,43,0,-8
32,44,0,2
32,45,0,-1
32,46,0,-2
32,47,0,-6
32,48,0,21
32,49,0,6
32,50,0,-11
32,51,0,-17
32,52,0,4
32,53,0,13
32,54,0,15
32,55,0,19
32,56,0,-14
32,57,0,-18
32,58,0,-5
32,59,0,-10
32,60,0,7
32,61,0,8
32,62,0,-2
32,63,0,7
32,64,0,-7
32,65,0,5
32,66,0,-8
32,67,0,-7
32,68,0,19
32,69,0,7
32,70,0,9
32,71,0,-17
32,72,0,-18
32,73,0,1
32,74,0,-24
32,75,0,-10
32,76,0,-4
32,77,0,-12
32,78,0,-26
32,79,0,4
32,80,0,-13
32,81,0,-5
33,1,0,-35
33,2,0,17
33,3,0,5
33,4,0,19
33,5,0,-20
33,6,0,8
33,7,0,-3
33,8,0,-24
33,9,0,-18
33,10,0,4
33,11,0,-18
33,12,0,-14
33,13,0,11
33,14,0,1
33,15,0,25
33,16,0,-2
33,17,0,20
33,18,0,-1
33,19,0,-14
33,20,0,-4
33,21,0,17
33,22,0,-5
33,23,0,3
33,24,0,-6
33,25,0,6
33,26,0,5
33,27,0,7
33,28,0,7
33,29,0,24
33,30,0,7
33,31,0,4
33,32,0,12
33,33,0,116
33,34,0,-3
33,35,0,-5
33,36,0,-2
33,37,0,8
33,38,0,-16
33,39,0,12
33,40,0,-6
33,41,0,13
33,42,0,4
33,43,0,-1
33,44,0,-11
33,45,0,12
33,46,0,-4
33,47,0,-3
33,48,0,-2
33,49,0,-13
33,50,0,2
33,51,0,-5
33,52,0,-13
33,53,0,-6
33,54,0,12
33,55,0,3
33,56,0,-1
33,57,0,19
33,58,0,4
33,59,0,9
33,61,0,-17
33,62,0,2
33,63,0,23
33,64,0,-3
33,65,0,12
33,66,0,-7
33,67,0,-5
33,68,0,16
33,69,0,-8
33,70,0,9
33,71,0,20
33,72,0,-9
33,73,0,-4
33,74,0,24
33,75,0,18
33,76,0,-8
33,77,0,-22
33,78,0,-15
33,79,0,2
33,80,0,4
33,81,0,-15
34,1,0,-26
34,2,0,-6
34,3,0,9
34,4,0,39
34,5,0,-10
34,6,0,-16
34,7,0,1
34,8,0,-3
34,9,0,11
34,10,0,12
34,12,0,-16
34,13,0,15
34,14,0,-15
34,15,0,19
34,16,0,-3
34,17,0,-8
34,19,0,11
34,20,0,12
34,21,0,-14
34,23,0,11
34,24,0,-13
34,25,0,-8
34,26,0,9
34,27,0,5
34,29,0,-13
34,30,0,-10
34,31,0,5
34,32,0,22
34,33,0,-3
34,34,0,128
34,35,0,-10
34,36,0,2
34,37,0,3
34,38,0,1
34,39,0,-14
34,40,0,6
34,41,0,40
34,43,0,7
34,44,0,18
34,45,0,-15
34,46,0,4
34,47,0,18
34,48,0,1
34,49,0,2
34,50,0,-13
34,51,0,-13
34,52,0,13
34,53,0,13
34,54,0,9
34,55,0,-13
34,56,0,-1
34,57,0,23
34,58,0,-17
34,59,0,6
34,60,0,19
34,61,0,24
34,62,0,-6
34,63,0,8
34,64,0,9
34,65,0,-6
34,66,0,16
34,67,0,3
34,68,0,19
34,69,0,-2
34,70,0,-1
34,71,0,-7
34,72,0,-4
34,73,0,5
34,74,0,-7
34,75,0,-6
34,76,0,-22
34,77,0,-18
34,78,0,-8
34,79,0,-24
34,80,0,-13
34,81,0,14
35,1,0,-2
35,2,0,19
35,3,0,-9
35,4,0,19
35,5,0,15
35,6,0,-13
35,7,0,-28
35,8,0,-10
35,9,0,33
35,10,0,-11
35,11,0,-5
35,12,0,-13
35,13,0,7
35,14,0,14
35,15,0,1
35,16,0,-9
35,17,0,-12
35,18,0,-16
35,19,0,10
35,20,0,13
35,22,0,-2
35,23,0,16
35,24,0,11
35,25,0,4
35,26,0,-2
35,27,0,-9
35,28,0,12
35,29,0,-3
35,30,0,19
35,31,0,6
35,32,0,-14
35,33,0,-5
35,34,0,-10
35,35,0,133
35,36,0,-8
35,37,0,-16
35,38,0,-15
35,39,0,-13
35,40,0,31
35,41,0,17
35,42,0,-7
35,43,0,21
35,44,0,9
35,45,0,16
35,46,0,1
35,47,0,-6
35,48,0,-8
35,49,0,-7
35,50,0,13
35,51,0,-1
35,52,0,-13
35,53,0,-28
35,54,0,-14
35,55,0,-10
35,56,0,7
35,57,0,-20
35,58,0,2
35,59,0,-19
35,60,0,1
35,61,0,-19
35,62,0,15
35,63,0,-22
35,64,0,-5
35,65,0,-13
35,66,0,6
35,67,0,24
35,68,0,6
35,69,0,3
35,70,0,15
35,72,0,-13
35,73,0,7
35,74,0,-22
35,75,0,-2
35,76,0,3
35,77,0,23
35,78,0,6
35,79,0,21
35,80,0,-1
35,81,0,-14
36,1,0,-14
36,2,0,1
36,3,0,-8
36,4,0,3
36,5,0,-7
36,6,0,16
36,7,0,7
36,8,0,31
36,9,0,1
36,10,0,11
36,11,0,2
36,12,0,10
36,13,0,11
36,14,0,14
36,15,0,-4
36,16,0,-2
36,17,0,24
36,19,0,7
36,20,0,-6
36,21,0,-3
36,22,0,-9
36,23,0,-5
36,24,0,2
36,25,0,12
36,26,0,18
36,27,0,13
36,28,0,6
36,29,0,4
36,30,0,-15
36,31,0,-3
36,32,0,5
36,33,0,-2
36,34,0,2
36,35,0,-8
36,36,0,103
36,37,0,7
36,38,0,13
36,39,0,1
36,40,0,10
36,41,0,18
36,42,0,-3
36,43,0,-6
36,44,0,-2
36,45,0,-1
36,46,0,11
36,47,0,1
36,48,0,-7
36,49,0,15
36,50,0,-6
36,51,0,4
36,52,0,-3
36,53,0,7
36,54,0,10
36,55,0,19
36,56,0,1
36,57,0,17
36,58,0,-4
36,59,0,24
36,61,0,27
36,62,0,6
36,63,0,-1
36,64,0,-11
36,65,0,-1
36,66,0,12
36,67,0,15
36,68,0,-3
36,69,0,-5
36,70,0,21
36,71,0,-11
36,72,0,-22
36,73,0,6
36,74,0,-24
36,75,0,-11
36,76,0,-4
36,77,0,5
36,78,0,7
36,79,0,-2
36,80,0,-18
36,81,0,-6
37,1,0,11
37,2,0,8
37,3,0,5
37,4,0,3
37,5,0,10
37,6,0,-18
37,7,0,33
37,8,0,-25
37,9,0,-8
37,10,0,3
37,11,0,-11
37,12,0,3
37,13,0,9
37,14,0,10
37,15,0,8
37,16,0,-2
37,18,0,-17
37,19,0,-25
37,20,0,-11
37,21,0,2
37,22,0,15
37,23,0,-4
37,24,0,12
37,25,0,1
37,26,0,-9
37,27,0,-3
37,28,0,23
37,29,0,-19
37,30,0,-30
37,31,0,-2
37,32,0,-15
37,33,0,8
37,34,0,3
37,35,0,-16
37,36,0,7
37,37,0,81
37,38,0,17
37,39,0,1
37,40,0,-6
37,41,0,1
37,42,0,15
37,43,0,10
37,44,0,-7
37,45,0,-7
37,46,0,8
37,47,0,-6
37,48,0,-20
37,49,0,4
37,50,0,16
37,52,0,17
37,53,0,-7
37,54,0,7
37,55,0,10
37,56,0,-18
37,57,0,6
37,58,0,-1
37,59,0,11
37,60,0,-15
37,61,0,9
37,62,0,1
37,63,0,3
37,64,0,1
37,65,0,-3
37,66,0,-24
37,67,0,-8
37,68,0,6
37,69,0,-15
37,70,0,13
37,71,0,-11
37,72,0,5
37,73,0,-13
37,74,0,-3
37,75,0,13
37,76,0,28
37,77,0,-8
37,79,0,8
37,80,0,3
38,1,0,2
38,4,0,20
38,5,0,-10
38,6,0,-3
38,7,0,19
38,8,0,12
38,9,0,-13
38,10,0,23
38,11,0,-5
38,12,0,16
38,13,0,-8
38,14,0,5
38,15,0,7
38,16,0,-17
38,17,0,5
38,18,0,8
38,19,0,-6
38,20,0,-2
38,21,0,-3
38,22,0,-2
38,23,0,8
38,24,0,-6
38,25,0,1
38,26,0,1
38,27,0,8
38,28,0,-31
38,29,0,-32
38,30,0,6
38,31,0,5
38,32,0,-10
38,33,0,-16
38,34,0,1
38,35,0,-15
38,36,0,13
38,37,0,17
38,38,0,100
38,39,0,-11
38,40,0,11
38,41,0,-11
38,42,0,17
38,43,0,-2
38,44,0,6
38,45,0,25
38,46,0,-4
38,48,0,-5
38,49,0,-6
38,50,0,-17
38,51,0,6
38,52,0,-5
38,53,0,-13
38,54,0,-4
38,55,0,20
38,56,0,-6
38,57,0,26
38,58,0,9
38,59,0,14
38,60,0,-10
38,61,0,4
38,62,0,6
38,63,0,-18
38,64,0,-8
38,65,0,11
38,66,0,-6
38,67,0,9
38,68,0,-6
38,69,0,-5
38,70,0,-8
38,71,0,12
38,72,0,4
38,73,0,8
38,74,0,2
38,75,0,11
38,76,0,5
38,77,0,-7
38,78,0,-6
38,79,0,-1
38,80,0,1
38,81,0,-1
39,1,0,-5
39,2,0,8
39,3,0,-17
39,4,0,-7
39,5,0,19
39,6,0,-4
39,7,0,39
39,8,0,-4
39,9,0,-23
39,10,0,-4
39,11,0,9
39,12,0,-12
39,13,0,12
39,14,0,18
39,15,0,1
39,16,0,-11
39,17,0,12
39,18,0,17
39,19,0,-8
39,20,0,18
39,21,0,-13
39,22,0,14
39,23,0,-25
39,24,0,4
39,25,0,-18
39,26,0,9
39,27,0,14
39,28,0,6
39,29,0,29
39,30,0,17
39,31,0,-13
39,32,0,10
39,33,0,12
39,34,0,-14
39,35,0,-13
39,36,0,1
39,37,0,1
39,38,0,-11
39,39,0,125
39,40,0,-15
39,41,0,5
39,42,0,-11
39,43,0,21
39,44,0,10
39,45,0,-29
39,46,0,17
39,47,0,-17
39,48,0,-7
39,49,0,-12
39,50,0,7
39,51,0,-3
39,52,0,10
39,53,0,3
39,55,0,3
39,56,0,5
39,57,0,3
39,58,0,2
39,59,0,-3
39,60,0,12
39,61,0,5
39,62,0,19
39,63,0,31
39,64,0,-8
39,65,0,-4
39,66,0,-30
39,67,0,-31
39,68,0,1
39,69,0,10
39,70,0,-19
39,71,0,-21
39,72,0,-11
39,73,0,-1
39,74,0,13
39,75,0,-22
39,76,0,11
39,77,0,12
39,78,0,9
39,79,0,19
39,80,0,10
39,81,0,18
40,1,0,6
40,3,0,11
40,4,0,-1
40,5,0,-9
40,6,0,-12
40,7,0,2
40,8,0,-2
40,9,0,-4
40,10,0,10
40,11,0,-25
40,12,0,2
40,13,0,-11
40,14,0,-8
40,15,0,2
40,16,0,-8
40,17,0,18
40,18,0,-25
40,19,0,14
40,20,0,-7
40,21,0,6
40,22,0,17
40,23,0,3
40,24,0,-16
40,25,0,-1
40,26,0,-15
40,27,0,6
40,28,0,17
40,29,0,-7
40,30,0,-7
40,31,0,6
40,32,0,-12
40,33,0,-6
40,34,0,6
40,35,0,31
40,36,0,10
40,37,0,-6
40,38,0,11
40,39,0,-15
40,40,0,110
40,41,0,12
40,42,0,11
40,43,0,-19
40,44,0,8
40,45,0,19
40,46,0,-11
40,47,0,11
40,48,0,-12
40,49,0,-1
40,50,0,-14
40,51,0,-12
40,52,0,-9
40,53,0,-23
40,54,0,-12
40,55,0,7
40,56,0,13
40,57,0,-22
40,58,0,10
40,59,0,-2
40,60,0,12
40,61,0,10
40,62,0,7
40,63,0,-17
40,64,0,-4
40,65,0,7
40,66,0,-1
40,67,0,6
40,68,0,4
40,69,0,15
40,70,0,7
40,71,0,2
40,74,0,-17
40,75,0,-16
40,76,0,11
40,77,0,17
40,78,0,26
40,79,0,20
40,80,0,-1
40,81,0,-11
41,1,0,-17
41,2,0,-1
41,3,0,4
41,4,0,12
41,5,0,-30
41,6,0,1
41,7,0,9
41,8,0,-5
41,9,0,-3
41,10,0,1
41,11,0,-3
41,12,0,-16
41,13,0,29
41,14,0,21
41,15,0,-10
41,16,0,11
41,18,0,-1
41,19,0,6
41,20,0,6
41,21,0,2
41,22,0,4
41,23,0,-6
41,24,0,-3
41,25,0,6
41,26,0,24
41,27,0,-10
41,28,0,13
41,29,0,14
41,31,0,18
41,32,0,3
41,33,0,13
41,34,0,40
41,35,0,17
41,36,0,18
41,37,0,1
41,38,0,-11
41,39,0,5
41,40,0,12
41,41,0,127
41,42,0,-10
41,43,0,-4
41,44,0,23
41,45,0,-5
41,46,0,-5
41,47,0,6
41,48,0,22
41,49,0,-10
41,50,0,-26
41,51,0,-15
41,52,0,1
41,53,0,-5
41,54,0,19
41,55,0,-8
41,56,0,29
41,57,0,20
41,58,0,-12
41,59,0,-14
41,60,0,7
41,61,0,24
41,62,0,7
41,63,0,14
41,64,0,13
41,65,0,-8
41,66,0,-2
41,67,0,4
41,68,0,-6
41,69,0,-8
41,71,0,-1
41,72,0,-23
41,73,0,2
41,74,0,-23
41,75,0,-15
41,76,0,-31
41,77,0,3
41,78,0,-16
41,79,0,-23
41,80,0,8
41,81,0,-2
42,1,0,6
42,2,0,19
42,3,0,15
42,4,0,22
42,5,0,-6
42,6,0,6
42,7,0,-6
42,8,0,-8
42,9,0,12
42,10,0,30
42,11,0,2
42,12,0,-22
42,13,0,-6
42,14,0,3
42,15,0,17
42,16,0,15
42,17,0,7
42,18,0,-24
42,19,0,-17
42,20,0,-23
42,21,0,16
42,22,0,1
42,23,0,-3
42,24,0,18
42,25,0,3
42,26,0,13
42,27,0,15
42,28,0,-3
42,29,0,-18
42,30,0,1
42,31,0,-12
42,32,0,-8
42,33,0,4
42,35,0,-7
42,36,0,-3
42,37,0,15
42,38,0,17
42,39,0,-11
42,40,0,11
42,41,0,-10
42,42,0,121
42,43,0,2
42,44,0,-1
42,45,0,34
42,46,0,3
42,47,0,-3
42,48,0,-5
42,49,0,-26
42,50,0,7
42,51,0,6
42,52,0,11
42,53,0,-18
42,54,0,-7
42,55,0,-5
42,56,0,-11
42,57,0,6
42,58,0,-29
42,59,0,8
42,60,0,5
42,61,0,7
42,62,0,30
42,63,0,-8
42,64,0,-5
42,65,0,5
42,66,0,4
42,67,0,14
42,68,0,-28
42,69,0,30
42,70,0,6
42,71,0,-5
42,72,0,9
42,73,0,-26
42,74,0,-18
42,75,0,-6
42,76,0,11
42,77,0,1
42,78,0,5
42,79,0,23
42,80,0,-13
42,81,0,2
43,1,0,6
43,2,0,6
43,3,0,18
43,4,0,10
43,5,0,21
43,6,0,-33
43,7,0,6
43,8,0,14
43,9,0,10
43,10,0,7
43,11,0,-2
43,12,0,-9
43,13,0,9
43,14,0,-14
43,15,0,22
43,16,0,4
43,17,0,8
43,18,0,8
43,19,0,-12
43,20,0,5
43,21,0,-1
43,22,0,7
43,23,0,-12
43,24,0,12
43,25,0,3
43,26,0,-16
43,27,0,5
43,28,0,10
43,29,0,1
43,31,0,-6
43,32,0,-8
43,33,0,-1
43,34,0,7
43,35,0,21
43,36,0,-6
43,37,0,10
43,38,0,-2
43,39,0,21
43,40,0,-19
43,41,0,-4
43,42,0,2
43,43,0,119
43,44,0,-4
43,45,0,1
43,46,0,-7
43,47,0,-2
43,48,0,3
43,49,0,-4
43,50,0,21
43,51,0,4
43,52,0,24
43,53,0,14
43,54,0,-7
43,55,0,13
43,56,0,13
43,57,0,-5
43,59,0,-16
43,60,0,-4
43,61,0,-18
43,62,0,-8
43,63,0,8
43,65,0,-9
43,66,0,2
43,67,0,12
43,68,0,45
43,69,0,11
43,70,0,9
43,71,0,-4
43,72,0,-23
43,73,0,6
43,74,0,10
43,75,0,21
43,76,0,25
43,77,0,9
43,78,0,-1
43,79,0,4
43,80,0,34
43,81,0,11
44,1,0,9
44,2,0,19
44,3,0,-20
44,4,0,19
44,5,0,-2
44,6,0,5
44,7,0,5
44,8,0,-7
44,9,0,5
44,10,0,13
44,11,0,1
44,12,0,7
44,13,0,6
44,14,0,3
44,15,0,-8
44,16,0,-6
44,17,0,2
44,18,0,-3
44,19,0,9
44,21,0,-1
44,22,0,1
44,23,0,-11
44,24,0,11
44,25,0,-3
44,26,0,21
44,27,0,19
44,28,0,4
44,29,0,-11
44,30,0,19
44,31,0,11
44,32,0,2
44,33,0,-11
44,34,0,18
44,35,0,9
44,36,0,-2
44,37,0,-7
44,38,0,6
44,39,0,10
44,40,0,8
44,41,0,23
44,42,0,-1
44,43,0,-4
44,44,0,117
44,45,0,-8
44,46,0,-6
44,47,0,16
44,48,0,-17
44,49,0,-17
44,50,0,1
44,51,0,-13
44,52,0,5
44,53,0,12
44,54,0,25
44,55,0,1
44,56,0,11
44,57,0,-18
44,58,0,-5
44,59,0,-4
44,60,0,17
44,61,0,8
44,62,0,-12
44,63,0,-19
44,64,0,19
44,65,0,1
44,66,0,6
44,67,0,-2
44,68,0,10
44,69,0,32
44,70,0,-6
44,71,0,3
44,72,0,-8
44,74,0,-14
44,75,0,-16
44,76,0,-3
44,77,0,-2
44,78,0,-19
44,79,0,6
44,80,0,-2
44,81,0,-2
45,1,0,30
45,2,0,4
45,3,0,15
45,4,0,10
45,5,0,14
45,6,0,21
45,7,0,-14
45,8,0,6
45,9,0,-8
45,10,0,14
45,11,0,4
45,12,0,-5
45,13,0,-16
45,14,0,-1
45,15,0,1
45,16,0,-1
45,17,0,-7
45,19,0,-9
45,20,0,-22
45,21,0,8
45,22,0,-28
45,23,0,-4
45,24,0,16
45,25,0,14
45,26,0,-7
45,27,0,-12
45,28,0,-8
45,29,0,-9
45,30,0,13
45,31,0,-10
45,32,0,-1
45,33,0,12
45,34,0,-15
45,35,0,16
45,36,0,-1
45,37,0,-7
45,38,0,25
45,39,0,-29
45,40,0,19
45,41,0,-5
45,42,0,34
45,43,0,1
45,44,0,-8
45,45,0,132
45,46,0,-4
45,47,0,12
45,48,0,9
45,49,0,-24
45,50,0,1
45,51,0,-5
45,52,0,-33
45,53,0,-17
45,54,0,-15
45,55,0,-12
45,57,0,-10
45,58,0,5
45,59,0,-11
45,60,0,-8
45,61,0,-37
45,62,0,4
45,63,0,-9
45,64,0,-5
45,65,0,12
45,66,0,41
45,67,0,37
45,68,0,9
45,69,0,10
45,70,0,5
45,71,0,4
45,72,0,9
45,73,0,4
45,74,0,-9
45,75,0,12
45,76,0,2
45,77,0,-13
45,78,0,-5
45,79,0,7
45,80,0,-6
45,81,0,-30
46,1,0,9
46,2,0,-2
46,3,0,-18
46,5,0,26
46,6,0,11
46,7,0,7
46,8,0,7
46,9,0,-23
46,10,0,-18
46,11,0,1
46,13,0,9
46,14,0,-19
46,15,0,-8
46,16,0,-14
46,17,0,-21
46,18,0,3
46,19,0,1
46,20,0,7
46,21,0,-2
46,22,0,14
46,23,0,-3
46,24,0,6
46,25,0,26
46,26,0,18
46,28,0,-14
46,29,0,-3
46,30,0,-9
46,31,0,-8
46,32,0,-2
46,33,0,-4
46,34,0,4
46,35,0,1
46,36,0,11
46,37,0,8
46,38,0,-4
46,39,0,17
46,40,0,-11
46,41,0,-5
46,42,0,3
46,43,0,-7
46,44,0,-6
46,45,0,-4
46,46,0,114
46,47,0,-19
46,48,0,-4
46,49,0,-11
46,50,0,4
46,51,0,-29
46,52,0,18
46,53,0,15
46,54,0,-5
46,55,0,-14
46,56,0,3
46,57,0,-3
46,58,0,6
46,59,0,6
46,60,0,7
46,62,0,-3
46,63,0,-2
46,64,0,-13
46,65,0,5
46,66,0,10
46,67,0,-13
46,69,0,-13
46,70,0,8
46,71,0,-13
46,72,0,-24
46,73,0,19
46,74,0,-19
46,75,0,-12
46,76,0,-27
46,78,0,4
46,79,0,3
46,80,0,-19
46,81,0,-32
47,1,0,4
47,2,0,3
47,3,0,14
47,4,0,-5
47,5,0,-13
47,6,0,7
47,7,0,1
47,8,0,2
47,9,0,19
47,10,0,21
47,11,0,-13
47,12,0,14
47,13,0,22
47,14,0,9
47,15,0,-22
47,16,0,4
47,17,0,-5
47,18,0,1
47,19,0,-9
47,20,0,-12
47,21,0,-4
47,22,0,-5
47,23,0,-9
47,24,0,-2
47,25,0,11
47,26,0,35
47,27,0,-11
47,28,0,12
47,29,0,-3
47,30,0,7
47,31,0,12
47,32,0,-6
47,33,0,-3
47,34,0,18
47,35,0,-6
47,36,0,1
47,37,0,-6
47,39,0,-17
47,40,0,11
47,41,0,6
47,42,0,-3
47,43,0,-2
47,44,0,16
47,45,0,12
47,46,0,-19
47,47,0,122
47,48,0,-11
47,49,0,-2
47,50,0,18
47,51,0,6
47,52,0,1
47,53,0,27
47,54,0,14
47,55,0,-25
47,56,0,16
47,57,0,15
47,58,0,-12
47,59,0,4
47,60,0,16
47,61,0,2
47,62,0,-13
47,63,0,8
47,64,0,17
47,65,0,7
47,66,0,15
47,67,0,13
47,68,0,6
47,69,0,12
47,70,0,6
47,71,0,10
47,72,0,-1
47,73,0,-5
47,74,0,29
47,75,0,-1
47,76,0,-5
47,77,0,-15
47,78,0,-8
47,79,0,-3
47,80,0,-17
47,81,0,7
48,1,0,-8
48,2,0,-27
48,3,0,-2
48,4,0,-4
48,5,0,1
48,6,0,23
48,7,0,8
48,8,0,26
48,9,0,14
48,10,0,-2
48,11,0,-17
48,12,0,-10
48,13,0,-26
48,14,0,-12
48,15,0,-23
48,16,0,3
48,17,0,-3
48,18,0,-4
48,19,0,8
48,20,0,-16
48,21,0,-16
48,22,0,8
48,23,0,-1
48,24,0,-5
48,25,0,15
48,26,0,-9
48,27,0,-28
48,28,0,-28
48,29,0,28
48,30,0,20
48,31,0,5
48,32,0,21
48,33,0,-2
48,34,0,1
48,35,0,-8
48,36,0,-7
48,37,0,-20
48,38,0,-5
48,39,0,-7
48,40,0,-12
48,41,0,22
48,42,0,-5
48,43,0,3
48,44,0,-17
48,45,0,9
48,46,0,-4
48,47,0,-11
48,48,0,123
48,49,0,8
48,50,0,-20
48,51,0,12
48,52,0,2
48,53,0,3
48,54,0,-10
48,55,0,-1
48,56,0,10
48,58,0,6
48,59,0,8
48,60,0,-25
48,61,0,-16
48,62,0,11
48,63,0,-3
48,64,0,2
48,65,0,-11
48,66,0,15
48,67,0,-29
48,68,0,9
48,69,0,-15
48,71,0,14
48,72,0,11
48,73,0,13
48,74,0,-16
48,75,0,29
48,76,0,-3
48,77,0,-7
48,78,0,-11
48,79,0,1
48,80,0,-7
48,81,0,-19
49,1,0,-4
49,2,0,-13
49,3,0,1
49,4,0,-19
49,5,0,-20
49,6,0,-8
49,7,0,-12
49,8,0,31
49,9,0,24
49,10,0,-22
49,11,0,-14
49,12,0,-1
49,13,0,-29
49,14,0,-21
49,15,0,-1
49,16,0,9
49,17,0,14
49,18,0,-10
49,19,0,11
49,20,0,15
49,21,0,-5
49,22,0,25
49,23,0,-1
49,24,0,-2
49,25,0,-9
49,26,0,-16
49,27,0,-19
49,28,0,-12
49,29,0,5
49,30,0,-27
49,31,0,11
49,32,0,6
49,33,0,-13
49,34,0,2
49,35,0,-7
49,36,0,15
49,37,0,4
49,38,0,-6
49,39,0,-12
49,40,0,-1
49,41,0,-10
49,42,0,-26
49,43,0,-4
49,44,0,-17
49,45,0,-24
49,46,0,-11
49,47,0,-2
49,48,0,8
49,49,0,117
49,50,0,-12
49,51,0,15
49,52,0,-15
49,53,0,28
49,54,0,3
49,55,0,8
49,56,0,5
49,57,0,16
49,58,0,-8
49,59,0,-12
49,60,0,-7
49,61,0,8
49,62,0,-3
49,63,0,3
49,64,0,-2
49,65,0,28
49,66,0,-1
49,67,0,5
49,68,0,-7
49,69,0,4
49,70,0,-19
49,71,0,-8
49,72,0,-3
49,73,0,-28
49,74,0,6
49,75,0,4
49,76,0,22
49,77,0,-21
49,78,0,2
49,79,0,3
49,80,0,-6
49,81,0,2
50,1,0,11
50,2,0,15
50,3,0,7
50,4,0,6
50,5,0,18
50,6,0,2
50,7,0,14
50,8,0,-21
50,9,0,12
50,10,0,2
50,11,0,-2
50,12,0,10
50,13,0,21
50,14,0,10
50,15,0,28
50,16,0,3
50,17,0,-19
50,18,0,-27
50,19,0,-24
50,20,0,-4
50,21,0,1
50,22,0,-16
50,23,0,7
50,24,0,30
50,25,0,-2
50,26,0,11
50,27,0,-8
50,28,0,15
50,29,0,-4
50,30,0,8
50,31,0,-4
50,32,0,-11
50,33,0,2
50,34,0,-13
50,35,0,13
50,36,0,-6
50,37,0,16
50,38,0,-17
50,39,0,7
50,40,0,-14
50,41,0,-26
50,42,0,7
50,43,0,21
50,44,0,1
50,45,0,1
50,46,0,4
50,47,0,18
50,48,0,-20
50,49,0,-12
50,50,0,118
50,51,0,-13
50,52,0,2
50,53,0,9
50,55,0,-16
50,56,0,-14
50,57,0,5
50,58,0,11
50,59,0,22
50,60,0,9
50,61,0,-13
50,62,0,-6
50,63,0,7
50,64,0,-1
50,65,0,-5
50,66,0,-3
50,67,0,-7
50,68,0,15
50,69,0,5
50,70,0,11
50,71,0,-21
50,72,0,18
50,73,0,-8
50,74,0,28
50,75,0,-8
50,76,0,14
50,77,0,16
50,78,0,-5
50,79,0,1
50,80,0,12
50,81,0,20
51,1,0,12
51,2,0,27
51,3,0,7
51,4,0,-19
51,5,0,-17
51,6,0,-5
51,7,0,-7
51,8,0,7
51,10,0,-18
51,11,0,8
51,12,0,12
51,13,0,-10
51,14,0,7
51,15,0,-6
51,16,0,3
51,17,0,1
51,18,0,21
51,19,0,-6
51,20,0,-15
51,21,0,-4
51,22,0,-4
51,23,0,-19
51,24,0,-11
51,25,0,6
51,26,0,-1
51,27,0,-3
51,28,0,-6
51,29,0,1
51,30,0,5
51,31,0,-1
51,32,0,-17
51,33,0,-5
51,34,0,-13
51,35,0,-1
51,36,0,4
51,38,0,6
51,39,0,-3
51,40,0,-12
51,41,0,-15
51,42,0,6
51,43,0,4
51,44,0,-13
51,45,0,-5
51,46,0,-29
51,47,0,6
51,48,0,12
51,49,0,15
51,50,0,-13
51,51,0,144
51,52,0,1
51,53,0,-6
51,54,0,5
51,55,0,15
51,56,0,11
51,57,0,17
51,58,0,-9
51,59,0,13
51,60,0,-31
51,61,0,-26
51,62,0,11
51,63,0,-5
51,64,0,-19
51,65,0,6
51,66,0,-10
51,67,0,-4
51,68,0,-34
51,69,0,-4
51,70,0,23
51,71,0,6
51,72,0,25
51,73,0,-19
51,74,0,4
51,75,0,3
51,76,0,-3
51,77,0,-7
51,78,0,-2
51,79,0,1
51,80,0,2
51,81,0,-6
52,1,0,-8
52,2,0,-16
52,3,0,-3
52,4,0,-3
52,5,0,12
52,6,0,-24
52,7,0,16
52,8,0,14
52,9,0,-23
52,10,0,5
52,11,0,11
52,12,0,-11
52,13,0,12
52,14,0,28
52,15,0,-12
52,16,0,7
52,17,0,-6
52,18,0,11
52,19,0,-11
52,20,0,1
52,21,0,-7
52,22,0,-11
52,23,0,-23
52,24,0,13
52,25,0,9
52,26,0,-16
52,27,0,9
52,28,0,-2
52,29,0,9
52,30,0,-14
52,31,0,-2
52,32,0,4
52,33,0,-13
52,34,0,13
52,35,0,-13
52,36,0,-3
52,37,0,17
52,38,0,-5
52,39,0,10
52,40,0,-9
52,41,0,1
52,42,0,11
52,43,0,24
52,44,0,5
52,45,0,-33
52,46,0,18
52,47,0,1
52,48,0,2
52,49,0,-15
52,50,0,2
52,51,0,1
52,52,0,130
52,53,0,11
52,54,0,5
52,55,0,21
52,56,0,23
52,57,0,-12
52,58,0,6
52,59,0,-7
52,60,0,6
52,61,0,5
52,62,0,7
52,63,0,23
52,64,0,-8
52,65,0,-24
52,66,0,-7
52,67,0,-11
52,68,0,21
52,69,0,-13
52,70,0,5
52,71,0,-16
52,72,0,-4
52,73,0,6
52,74,0,-18
52,75,0,-24
52,76,0,9
52,77,0,11
52,78,0,8
52,79,0,23
52,80,0,12
52,81,0,5
53,1,0,9
53,2,0,-5
53,3,0,14
53,5,0,17
53,6,0,-10
53,7,0,-22
53,8,0,7
53,9,0,12
53,10,0,14
53,11,0,-6
53,12,0,-11
53,14,0,-20
53,15,0,-6
53,16,0,-6
53,17,0,13
53,18,0,19
53,19,0,5
53,20,0,-16
53,21,0,10
53,22,0,1
53,23,0,-15
53,24,0,14
53,25,0,12
53,26,0,4
53,27,0,10
53,28,0,8
53,29,0,4
53,30,0,-7
53,31,0,17
53,32,0,13
53,33,0,-6
53,34,0,13
53,35,0,-28
53,36,0,7
53,37,0,-7
53,38,0,-13
53,39,0,3
53,40,0,-23
53,41,0,-5
53,42,0,-18
53,43,0,14
53,44,0,12
53,45,0,-17
53,46,0,15
53,47,0,27
53,48,0,3
53,49,0,28
53,50,0,9
53,51,0,-6
53,52,0,11
53,53,0,122
53,54,0,1
53,55,0,-10
53,56,0,14
53,57,0,6
53,58,0,-11
53,59,0,10
53,60,0,10
53,61,0,6
53,62,0,-16
53,63,0,15
53,64,0,19
53,65,0,-4
53,66,0,-2
53,67,0,-2
53,68,0,20
53,69,0,22
53,70,0,4
53,71,0,-8
53,72,0,-27
53,73,0,-11
53,74,0,11
53,75,0,19
53,76,0,-16
53,77,0,8
53,78,0,-10
53,79,0,3
53,80,0,-8
53,81,0,9
54,1,0,-22
54,2,0,11
54,3,0,-4
54,4,0,-4
54,5,0,-21
54,6,0,21
54,7,0,24
54,8,0,12
54,9,0,-7
54,10,0,-19
54,11,0,-2
54,12,0,10
54,13,0,3
54,14,0,1
54,15,0,-6
54,16,0,13
54,17,0,4
54,18,0,1
54,19,0,4
54,21,0,-3
54,22,0,-10
54,23,0,8
54,24,0,-2
54,26,0,32
54,27,0,-11
54,28,0,9
54,29,0,8
54,30,0,4
54,31,0,-5
54,32,0,15
54,33,0,12
54,34,0,9
54,35,0,-14
54,36,0,10
54,37,0,7
54,38,0,-4
54,40,0,-12
54,41,0,19
54,42,0,-7
54,43,0,-7
54,44,0,25
54,45,0,-15
54,46,0,-5
54,47,0,14
54,48,0,-10
54,49,0,3
54,51,0,5
54,52,0,5
54,53,0,1
54,54,0,107
54,55,0,5
54,56,0,18
54,57,0,3
54,59,0,14
54,60,0,-9
54,61,0,-9
54,63,0,10
54,64,0,3
54,65,0,-8
54,66,0,2
54,67,0,-10
54,68,0,11
54,69,0,-7
54,70,0,-7
54,71,0,9
54,72,0,12
54,73,0,-22
54,74,0,4
54,75,0,22
54,76,0,-4
54,77,0,4
54,78,0,7
54,79,0,-16
54,80,0,5
54,81,0,-4
55,1,0,2
55,2,0,6
55,3,0,21
55,4,0,7
55,6,0,3
55,7,0,20
55,8,0,-2
55,9,0,-4
55,10,0,-3
55,11,0,13
55,12,0,2
55,13,0,3
55,15,0,-4
55,16,0,-10
55,17,0,-4
55,18,0,-25
55,19,0,-3
55,20,0,3
55,21,0,-3
55,22,0,21
55,23,0,-3
55,24,0,-9
55,25,0,-1
55,26,0,-11
55,27,0,16
55,28,0,-3
55,29,0,-7
55,30,0,22
55,31,0,-8
55,32,0,19
55,33,0,3
55,34,0,-13
55,35,0,-10
55,36,0,19
55,37,0,10
55,38,0,20
55,39,0,3
55,40,0,7
55,41,0,-8
55,42,0,-5
55,43,0,13
55,44,0,1
55,45,0,-12
55,46,0,-14
55,47,0,-25
55,48,0,-1
55,49,0,8
55,50,0,-16
55,51,0,15
55,52,0,21
55,53,0,-10
55,54,0,5
55,55,0,114
55,56,0,-13
55,57,0,-11
55,58,0,4
55,59,0,8
55,60,0,-13
55,61,0,3
55,62,0,-19
55,63,0,-9
55,64,0,-1
55,65,0,15
55,66,0,-9
55,67,0,2
55,68,0,3
55,69,0,-36
55,70,0,3
55,71,0,15
55,73,0,-5
55,74,0,-19
55,75,0,-14
55,76,0,2
55,77,0,-16
55,78,0,14
55,79,0,17
55,80,0,14
55,81,0,-2
56,1,0,-6
56,2,0,-13
56,3,0,-3
56,4,0,15
56,5,0,-25
56,6,0,-11
56,7,0,-5
56,8,0,28
56,9,0,-16
56,10,0,-12
56,11,0,14
56,12,0,2
56,13,0,-14
56,14,0,-11
56,15,0,1
56,16,0,11
56,17,0,-15
56,18,0,8
56,19,0,7
56,20,0,19
56,21,0,-10
56,22,0,8
56,23,0,-20
56,24,0,-11
56,25,0,26
56,26,0,4
56,27,0,3
56,28,0,3
56,29,0,-13
56,30,0,-2
56,31,0,-4
56,32,0,-14
56,33,0,-1
56,34,0,-1
56,35,0,7
56,36,0,1
56,37,0,-18
56,38,0,-6
56,39,0,5
56,40,0,13
56,41,0,29
56,42,0,-11
56,43,0,13
56,44,0,11
56,46,0,3
56,47,0,16
56,48,0,10
56,49,0,5
56,50,0,-14
56,51,0,11
56,52,0,23
56,53,0,14
56,54,0,18
56,55,0,-13
56,56,0,142
56,57,0,1
56,58,0,19
56,59,0,5
56,61,0,-7
56,62,0,9
56,63,0,19
56,64,0,17
56,65,0,-21
56,66,0,1
56,68,0,-1
56,69,0,15
56,70,0,-7
56,71,0,-5
56,72,0,13
56,73,0,-6
56,74,0,-18
56,75,0,16
56,76,0,-4
56,77,0,21
56,78,0,12
56,79,0,-2
56,80,0,10
56,81,0,-1
57,1,0,-24
57,2,0,4
57,3,0,11
57,4,0,20
57,5,0,-25
57,6,0,-2
57,8,0,11
57,9,0,9
57,10,0,8
57,11,0,-14
57,12,0,20
57,13,0,-11
57,14,0,-4
57,15,0,14
57,16,0,14
57,17,0,6
57,18,0,-11
57,19,0,-7
57,20,0,14
57,21,0,2
57,22,0,-4
57,23,0,-3
57,24,0,-6
57,25,0,12
57,26,0,40
57,27,0,5
57,28,0,-20
57,29,0,-3
57,30,0,3
57,31,0,5
57,32,0,-18
57,33,0,19
57,34,0,23
57,35,0,-20
57,36,0,17
57,37,0,6
57,38,0,26
57,39,0,3
57,40,0,-22
57,41,0,20
57,42,0,6
57,43,0,-5
57,44,0,-18
57,45,0,-10
57,46,0,-3
57,47,0,15
57,49,0,16
57,50,0,5
57,51,0,17
57,52,0,-12
57,53,0,6
57,54,0,3
57,55,0,-11
57,56,0,1
57,57,0,122
57,58,0,-22
57,59,0,-2
57,60,0,-7
57,61,0,7
57,62,0,2
57,63,0,21
57,64,0,-14
57,65,0,-2
57,66,0,-6
57,67,0,-5
57,68,0,-27
57,69,0,-4
57,70,0,-2
57,71,0,6
57,72,0,-2
57,73,0,1
57,74,0,28
57,75,0,29
57,76,0,-26
57,77,0,-10
57,78,0,-22
57,79,0,-8
57,80,0,5
57,81,0,18
58,1,0,2
58,2,0,-1
58,3,0,-10
58,4,0,6
58,5,0,1
58,6,0,21
58,7,0,16
58,8,0,-11
58,9,0,-26
58,10,0,-5
58,11,0,-30
58,12,0,12
58,13,0,1
58,14,0,-12
58,15,0,1
58,16,0,-4
58,17,0,-23
58,18,0,35
58,19,0,-12
58,20,0,17
58,21,0,3
58,22,0,19
58,23,0,-5
58,24,0,-10
58,25,0,18
58,26,0,-13
58,27,0,14
58,28,0,4
58,30,0,-28
58,31,0,7
58,32,0,-5
58,33,0,4
58,34,0,-17
58,35,0,2
58,36,0,-4
58,37,0,-1
58,38,0,9
58,39,0,2
58,40,0,10
58,41,0,-12
58,42,0,-29
58,44,0,-5
58,45,0,5
58,46,0,6
58,47,0,-12
58,48,0,6
58,49,0,-8
58,50,0,11
58,51,0,-9
58,52,0,6
58,53,0,-11
58,55,0,4
58,56,0,19
58,57,0,-22
58,58,0,118
58,59,0,-8
58,60,0,-7
58,61,0,-15
58,62,0,-1
58,63,0,1
58,64,0,11
58,65,0,11
58,66,0,-11
58,67,0,-18
58,68,0,28
58,69,0,-4
58,70,0,-14
58,71,0,1
58,72,0,20
58,73,0,19
58,74,0,-12
58,75,0,-5
58,76,0,5
58,78,0,2
58,79,0,10
58,80,0,-3
58,81,0,-26
59,1,0,-28
59,2,0,11
59,3,0,18
59,4,0,4
59,5,0,22
59,6,0,-7
59,7,0,7
59,8,0,19
59,9,0,15
59,10,0,19
59,11,0,-12
59,12,0,-3
59,14,0,2
59,15,0,25
59,16,0,-21
59,17,0,12
59,18,0,-17
59,19,0,-7
59,20,0,-6
59,21,0,-21
59,22,0,-6
59,23,0,5
59,24,0,-2
59,25,0,1
59,26,0,-4
59,27,0,14
59,28,0,-3
59,29,0,-7
59,30,0,1
59,31,0,-18
59,32,0,-10
59,33,0,9
59,34,0,6
59,35,0,-19
59,36,0,24
59,37,0,11
59,38,0,14
59,39,0,-3
59,40,0,-2
59,41,0,-14
59,42,0,8
59,43,0,-16
59,44,0,-4
59,45,0,-11
59,46,0,6
59,47,0,4
59,48,0,8
59,49,0,-12
59,50,0,22
59,51,0,13
59,52,0,-7
59,53,0,10
59,54,0,14
59,55,0,8
59,56,0,5
59,57,0,-2
59,58,0,-8
59,59,0,133
59,60,0,5
59,61,0,-12
59,62,0,-3
59,63,0,-27
59,64,0,-16
59,65,0,-13
59,66,0,6
59,67,0,-23
59,68,0,-21
59,69,0,-16
59,70,0,23
59,71,0,10
59,72,0,15
59,73,0,-6
59,74,0,18
59,75,0,11
59,76,0,-15
59,77,0,14
59,78,0,-19
59,79,0,-24
59,80,0,-13
59,81,0,16
60,1,0,-15
60,2,0,17
60,3,0,-15
60,4,0,10
60,5,0,39
60,6,0,-11
60,7,0,-19
60,8,0,12
60,9,0,10
60,10,0,7
60,11,0,17
60,12,0,-2
60,13,0,3
60,14,0,8
60,15,0,1
60,16,0,-10
60,17,0,11
60,18,0,6
60,19,0,1
60,20,0,13
60,21,0,10
60,22,0,2
60,23,0,9
60,24,0,-3
60,25,0,-6
60,26,0,6
60,27,0,-3
60,28,0,1
60,30,0,6
60,31,0,13
60,32,0,7
60,34,0,19
60,35,0,1
60,37,0,-15
60,38,0,-10
60,39,0,12
60,40,0,12
60,41,0,7
60,42,0,5
60,43,0,-4
60,44,0,17
60,45,0,-8
60,46,0,7
60,47,0,16
60,48,0,-25
60,49,0,-7
60,50,0,9
60,51,0,-31
60,52,0,6
60,53,0,10
60,54,0,-9
60,55,0,-13
60,57,0,-7
60,58,0,-7
60,59,0,5
60,60,0,109
60,61,0,-6
60,62,0,-16
60,63,0,1
60,64,0,30
60,65,0,4
60,66,0,-21
60,67,0,7
60,68,0,-18
60,69,0,31
60,70,0,-4
60,71,0,-11
60,72,0,-2
60,73,0,-25
60,74,0,26
60,75,0,-24
60,76,0,-8
60,77,0,8
60,78,0,17
60,79,0,-2
60,80,0,-1
60,81,0,25
61,1,0,16
61,2,0,-29
61,3,0,4
61,4,0,1
61,5,0,-19
61,6,0,-6
61,7,0,-2
61,8,0,-28
61,9,0,2
61,10,0,11
61,11,0,-2
61,12,0,-1
61,13,0,25
61,14,0,-7
61,15,0,5
61,16,0,12
61,17,0,7
61,18,0,7
61,19,0,5
61,20,0,-5
61,21,0,-4
61,22,0,9
61,23,0,-3
61,24,0,-3
61,25,0,-16
61,26,0,7
61,27,0,12
61,28,0,-2
61,29,0,13
61,30,0,-13
61,31,0,15
61,32,0,8
61,33,0,-17
61,34,0,24
61,35,0,-19
61,36,0,27
61,37,0,9
61,38,0,4
61,39,0,5
61,40,0,10
61,41,0,24
61,42,0,7
61,43,0,-18
61,44,0,8
61,45,0,-37
61,47,0,2
61,48,0,-16
61,49,0,8
61,50,0,-13
61,51,0,-26
61,52,0,5
61,53,0,6
61,54,0,-9
61,55,0,3
61,56,0,-7
61,57,0,7
61,58,0,-15
61,59,0,-12
61,60,0,-6
61,61,0,111
61,62,0,21
61,63,0,-10
61,64,0,-1
61,65,0,3
61,66,0,11
61,67,0,9
61,68,0,-8
61,69,0,-4
61,70,0,-6
61,71,0,-9
61,72,0,-1
61,73,0,8
61,74,0,-19
61,75,0,-18
61,76,0,-2
61,77,0,18
61,78,0,4
61,79,0,7
61,80,0,-19
61,81,0,2
62,1,0,-9
62,2,0,-8
62,3,0,6
62,4,0,-1
62,5,0,-17
62,6,0,14
62,7,0,8
62,8,0,3
62,9,0,-13
62,10,0,7
62,11,0,6
62,12,0,-13
62,13,0,-18
62,14,0,16
62,15,0,18
62,16,0,16
62,17,0,-3
62,18,0,-11
62,19,0,-2
62,20,0,-22
62,21,0,5
62,22,0,-7
62,23,0,-9
62,24,0,-4
62,25,0,3
62,26,0,-8
62,27,0,-6
62,28,0,3
62,29,0,16
62,30,0,-17
62,31,0,10
62,32,0,-2
62,33,0,2
62,34,0,-6
62,35,0,15
62,36,0,6
62,37,0,1
62,38,0,6
62,39,0,19
62,40,0,7
62,41,0,7
62,42,0,30
62,43,0,-8
62,44,0,-12
62,45,0,4
62,46,0,-3
62,47,0,-13
62,48,0,11
62,49,0,-3
62,50,0,-6
62,51,0,11
62,52,0,7
62,53,0,-16
62,55,0,-19
62,56,0,9
62,57,0,2
62,58,0,-1
62,59,0,-3
62,60,0,-16
62,61,0,21
62,62,0,99
62,63,0,9
62,64,0,-28
62,65,0,-3
62,67,0,-6
62,68,0,-12
62,69,0,11
62,70,0,11
62,71,0,-17
62,72,0,8
62,73,0,-5
62,74,0,-6
62,76,0,27
62,77,0,4
62,78,0,-3
62,79,0,-3
62,80,0,-14
62,81,0,-31
63,1,0,-17
63,2,0,9
63,3,0,7
63,4,0,4
63,5,0,-37
63,6,0,5
63,7,0,29
63,8,0,-5
63,9,0,-17
63,10,0,-4
63,11,0,5
63,12,0,-4
63,13,0,11
63,14,0,-10
63,15,0,-11
63,16,0,-2
63,17,0,33
63,18,0,1
63,19,0,-7
63,20,0,-18
63,21,0,-2
63,22,0,1
63,23,0,11
63,24,0,-6
63,25,0,21
63,26,0,25
63,27,0,-5
63,28,0,-1
63,29,0,18
63,30,0,-9
63,31,0,7
63,32,0,7
63,33,0,23
63,34,0,8
63,35,0,-22
63,36,0,-1
63,37,0,3
63,38,0,-18
63,39,0,31
63,40,0,-17
63,41,0,14
63,42,0,-8
63,43,0,8
63,44,0,-19
63,45,0,-9
63,46,0,-2
63,47,0,8
63,48,0,-3
63,49,0,3
63,50,0,7
63,51,0,-5
63,52,0,23
63,53,0,15
63,54,0,10
63,55,0,-9
63,56,0,19
63,57,0,21
63,58,0,1
63,59,0,-27
63,60,0,1
63,61,0,-10
63,62,0,9
63,63,0,146
63,64,0,-4
63,65,0,-18
63,66,0,-15
63,67,0,-4
63,68,0,14
63,69,0,-20
63,70,0,-29
63,71,0,-33
63,72,0,4
63,73,0,16
63,74,0,4
63,75,0,-4
63,76,0,10
63,77,0,11
63,78,0,6
63,79,0,-11
63,80,0,3
64,1,0,-16
64,3,0,10
64,4,0,17
64,5,0,3
64,6,0,22
64,7,0,-3
64,8,0,-13
64,9,0,-4
64,10,0,-9
64,11,0,16
64,12,0,3
64,13,0,-12
64,14,0,4
64,15,0,-24
64,16,0,-4
64,17,0,7
64,18,0,18
64,19,0,-19
64,20,0,-7
64,21,0,25
64,22,0,10
64,23,0,23
64,24,0,3
64,25,0,2
64,26,0,12
64,27,0,-2
64,28,0,-11
64,29,0,3
64,30,0,1
64,31,0,8
64,32,0,-7
64,33,0,-3
64,34,0,9
64,35,0,-5
64,36,0,-11
64,37,0,1
64,38,0,-8
64,39,0,-8
64,40,0,-4
64,41,0,13
64,42,0,-5
64,44,0,19
64,45,0,-5
64,46,0,-13
64,47,0,17
64,48,0,2
64,49,0,-2
64,50,0,-1
64,51,0,-19
64,52,0,-8
64,53,0,19
64,54,0,3
64,55,0,-1
64,56,0,17
64,57,0,-14
64,58,0,11
64,59,0,-16
64,60,0,30
64,61,0,-1
64,62,0,-28
64,63,0,-4
64,64,0,105
64,65,0,-7
64,66,0,-2
64,67,0,4
64,68,0,4
64,69,0,13
64,70,0,-5
64,71,0,20
64,72,0,-15
64,73,0,-19
64,74,0,18
64,75,0,8
64,76,0,-2
64,77,0,-10
64,78,0,12
64,79,0,9
64,80,0,4
64,81,0,-2
65,1,0,24
65,2,0,9
65,3,0,1
65,4,0,-13
65,5,0,-21
65,6,0,8
65,7,0,9
65,8,0,-8
65,9,0,-8
65,10,0,14
65,11,0,-24
65,12,0,20
65,13,0,13
65,14,0,-7
65,15,0,2
65,16,0,-5
65,17,0,-5
65,18,0,11
65,19,0,-8
65,20,0,14
65,21,0,12
65,22,0,-3
65,23,0,-14
65,24,0,-12
65,25,0,-4
65,26,0,-25
65,27,0,12
65,28,0,-17
65,29,0,-13
65,30,0,13
65,31,0,4
65,32,0,5
65,33,0,12
65,34,0,-6
65,35,0,-13
65,36,0,-1
65,37,0,-3
65,38,0,11
65,39,0,-4
65,40,0,7
65,41,0,-8
65,42,0,5
65,43,0,-9
65,44,0,1
65,45,0,12
65,46,0,5
65,47,0,7
65,48,0,-11
65,49,0,28
65,50,0,-5
65,51,0,6
65,52,0,-24
65,53,0,-4
65,54,0,-8
65,55,0,15
65,56,0,-21
65,57,0,-2
65,58,0,11
65,59,0,-13
65,60,0,4
65,61,0,3
65,62,0,-3
65,63,0,-18
65,64,0,-7
65,65,0,143
65,66,0,7
65,67,0,12
65,68,0,-8
65,69,0,15
65,70,0,-16
65,71,0,24
65,72,0,-18
65,73,0,3
65,74,0,15
65,75,0,-15
65,76,0,6
65,77,0,-28
65,78,0,3
65,79,0,13
65,80,0,-26
65,81,0,-22
66,1,0,17
66,2,0,-3
66,3,0,10
66,4,0,17
66,5,0,-14
66,6,0,2
66,7,0,-5
66,8,0,10
66,9,0,-4
66,10,0,-14
66,11,0,6
66,12,0,5
66,13,0,-7
66,14,0,-4
66,15,0,-12
66,16,0,1
66,17,0,-13
66,18,0,-2
66,19,0,-4
66,21,0,6
66,22,0,-11
66,23,0,-5
66,24,0,-5
66,25,0,-14
66,26,0,4
66,27,0,-7
66,28,0,-8
66,29,0,-9
66,30,0,6
66,31,0,-2
66,32,0,-8
66,33,0,-7
66,34,0,16
66,35,0,6
66,36,0,12
66,37,0,-24
66,38,0,-6
66,39,0,-30
66,40,0,-1
66,41,0,-2
66,42,0,4
66,43,0,2
66,44,0,6
66,45,0,41
66,46,0,10
66,47,0,15
66,48,0,15
66,49,0,-1
66,50,0,-3
66,51,0,-10
66,52,0,-7
66,53,0,-2
66,54,0,2
66,55,0,-9
66,56,0,1
66,57,0,-6
66,58,0,-11
66,59,0,6
66,60,0,-21
66,61,0,11
66,63,0,-15
66,64,0,-2
66,65,0,7
66,66,0,124
66,67,0,-1
66,68,0,24
66,69,0,-7
66,70,0,9
66,71,0,2
66,72,0,-18
66,73,0,17
66,74,0,-6
66,75,0,8
66,76,0,-12
66,77,0,-19
66,78,0,7
66,79,0,-19
66,80,0,-5
66,81,0,-16
67,1,0,12
67,2,0,8
67,3,0,8
67,4,0,23
67,5,0,-19
67,6,0,-18
67,7,0,-22
67,8,0,-6
67,9,0,8
67,10,0,9
67,11,0,-7
67,12,0,-11
67,13,0,1
67,14,0,13
67,15,0,2
67,16,0,10
67,17,0,-6
67,18,0,3
67,19,0,14
67,20,0,4
67,21,0,11
67,22,0,-34
67,23,0,2
67,24,0,-5
67,25,0,3
67,27,0,-4
67,28,0,-13
67,29,0,-14
67,30,0,2
67,31,0,-8
67,32,0,-7
67,33,0,-5
67,34,0,3
67,35,0,24
67,36,0,15
67,37,0,-8
67,38,0,9
67,39,0,-31
67,40,0,6
67,41,0,4
67,42,0,14
67,43,0,12
67,44,0,-2
67,45,0,37
67,46,0,-13
67,47,0,13
67,48,0,-29
67,49,0,5
67,50,0,-7
67,51,0,-4
67,52,0,-11
67,53,0,-2
67,54,0,-10
67,55,0,2
67,57,0,-5
67,58,0,-18
67,59,0,-23
67,60,0,7
67,61,0,9
67,62,0,-6
67,63,0,-4
67,64,0,4
67,65,0,12
67,66,0,-1
67,67,0,122
67,68,0,3
67,69,0,23
67,70,0,2
67,72,0,-6
67,74,0,-16
67,75,0,-15
67,76,0,-9
67,77,0,-8
67,78,0,3
67,79,0,3
67,80,0,-7
67,81,0,13
68,1,0,-10
68,2,0,-6
68,3,0,-6
68,4,0,19
68,5,0,-12
68,6,0,-1
68,7,0,23
68,8,0,1
68,9,0,-6
68,10,0,-9
68,11,0,-28
68,12,0,-11
68,13,0,14
68,15,0,5
68,16,0,3
68,17,0,3
68,18,0,13
68,19,0,2
68,20,0,-18
68,21,0,-5
68,22,0,-6
68,23,0,4
68,24,0,5
68,25,0,-11
68,26,0,-9
68,27,0,-2
68,28,0,13
68,29,0,-4
68,30,0,-22
68,31,0,11
68,32,0,19
68,33,0,16
68,34,0,19
68,35,0,6
68,36,0,-3
68,37,0,6
68,38,0,-6
68,39,0,1
68,40,0,4
68,41,0,-6
68,42,0,-28
68,43,0,45
68,44,0,10
68,45,0,9
68,47,0,6
68,48,0,9
68,49,0,-7
68,50,0,15
68,51,0,-34
68,52,0,21
68,53,0,20
68,54,0,11
68,55,0,3
68,56,0,-1
68,57,0,-27
68,58,0,28
68,59,0,-21
68,60,0,-18
68,61,0,-8
68,62,0,-12
68,63,0,14
68,64,0,4
68,65,0,-8
68,66,0,24
68,67,0,3
68,68,0,144
68,69,0,-8
68,70,0,1
68,72,0,-34
68,73,0,12
68,74,0,-22
68,75,0,22
68,76,0,16
68,77,0,7
68,78,0,-2
68,79,0,5
68,80,0,11
68,81,0,5
69,1,0,12
69,2,0,28
69,3,0,5
69,4,0,15
69,5,0,-9
69,6,0,-3
69,7,0,-19
69,8,0,8
69,9,0,15
69,10,0,4
69,11,0,-5
69,12,0,7
69,13,0,-26
69,14,0,-25
69,15,0,26
69,16,0,23
69,17,0,6
69,18,0,10
69,19,0,6
69,20,0,-12
69,21,0,26
69,22,0,-7
69,23,0,-7
69,24,0,-2
69,25,0,2
69,26,0,1
69,27,0,37
69,28,0,2
69,29,0,-10
69,30,0,-3
69,31,0,7
69,32,0,7
69,33,0,-8
69,34,0,-2
69,35,0,3
69,36,0,-5
69,37,0,-15
69,38,0,-5
69,39,0,10
69,40,0,15
69,41,0,-8
69,42,0,30
69,43,0,11
69,44,0,32
69,45,0,10
69,46,0,-13
69,47,0,12
69,48,0,-15
69,49,0,4
69,50,0,5
69,51,0,-4
69,52,0,-13
69,53,0,22
69,54,0,-7
69,55,0,-36
69,56,0,15
69,57,0,-4
69,58,0,-4
69,59,0,-16
69,60,0,31
69,61,0,-4
69,62,0,11
69,63,0,-20
69,64,0,13
69,65,0,15
69,66,0,-7
69,67,0,23
69,68,0,-8
69,69,0,133
69,70,0,26
69,71,0,-3
69,72,0,-13
69,73,0,-15
69,74,0,9
69,75,0,-12
69,76,0,12
69,77,0,7
69,78,0,-6
69,79,0,27
69,80,0,-20
69,81,0,20
70,1,0,7
70,2,0,20
70,3,0,-5
70,4,0,4
70,5,0,6
70,6,0,-4
70,7,0,11
70,8,0,9
70,9,0,-2
70,10,0,-14
70,11,0,5
70,12,0,6
70,13,0,-3
70,14,0,-9
70,15,0,22
70,16,0,7
70,17,0,2
70,18,0,-15
70,20,0,-35
70,22,0,1
70,23,0,-1
70,24,0,15
70,25,0,3
70,26,0,-9
70,27,0,1
70,28,0,12
70,29,0,-13
70,30,0,-15
70,31,0,-3
70,32,0,9
70,33,0,9
70,34,0,-1
70,35,0,15
70,36,0,21
70,37,0,13
70,38,0,-8
70,39,0,-19
70,40,0,7
70,42,0,6
70,43,0,9
70,44,0,-6
70,45,0,5
70,46,0,8
70,47,0,6
70,49,0,-19
70,50,0,11
70,51,0,23
70,52,0,5
70,53,0,4
70,54,0,-7
70,55,0,3
70,56,0,-7
70,57,0,-2
70,58,0,-14
70,59,0,23
70,60,0,-4
70,61,0,-6
70,62,0,11
70,63,0,-29
70,64,0,-5
70,65,0,-16
70,66,0,9
70,67,0,2
70,68,0,1
70,69,0,26
70,70,0,114
70,71,0,19
70,72,0,-18
70,73,0,-3
70,74,0,-10
70,75,0,-10
70,76,0,-8
70,77,0,18
70,78,0,-12
70,79,0,7
70,80,0,-18
70,81,0,-13
71,1,0,-25
71,2,0,-19
71,3,0,7
71,4,0,16
71,5,0,-25
71,6,0,5
71,7,0,2
71,8,0,-12
71,9,0,-33
71,10,0,-6
71,11,0,2
71,13,0,-12
71,14,0,-4
71,15,0,-4
71,16,0,-8
71,17,0,22
71,18,0,17
71,19,0,13
71,20,0,4
71,21,0,28
71,22,0,2
71,23,0,3
71,24,0,16
71,25,0,16
71,26,0,1
71,27,0,1
71,28,0,-7
71,29,0,-5
71,30,0,15
71,31,0,-13
71,32,0,-17
71,33,0,20
71,34,0,-7
71,36,0,-11
71,37,0,-11
71,38,0,12
71,39,0,-21
71,40,0,2
71,41,0,-1
71,42,0,-5
71,43,0,-4
71,44,0,3
71,45,0,4
71,46,0,-13
71,47,0,10
71,48,0,14
71,49,0,-8
71,50,0,-21
71,51,0,6
71,52,0,-16
71,53,0,-8
71,54,0,9
71,55,0,15
71,56,0,-5
71,57,0,6
71,58,0,1
71,59,0,10
71,60,0,-11
71,61,0,-9
71,62,0,-17
71,63,0,-33
71,64,0,20
71,65,0,24
71,66,0,2
71,69,0,-3
71,70,0,19
71,71,0,110
71,72,0,-13
71,73,0,5
71,74,0,28
71,75,0,12
71,76,0,-15
71,77,0,-5
71,78,0,-3
71,79,0,24
71,80,0,-16
71,81,0,-12
72,1,0,17
72,2,0,-3
72,3,0,-11
72,4,0,-7
72,5,0,22
72,6,0,-5
72,7,0,1
72,8,0,-12
72,9,0,3
72,10,0,5
72,11,0,3
72,12,0,6
72,13,0,-9
72,14,0,-18
72,15,0,-5
72,16,0,2
72,17,0,-20
72,18,0,4
72,19,0,-3
72,20,0,7
72,21,0,-13
72,22,0,2
72,23,0,-12
72,24,0,-4
72,25,0,4
72,26,0,-4
72,27,0,-5
72,29,0,-5
72,30,0,13
72,31,0,-7
72,32,0,-18
72,33,0,-9
72,34,0,-4
72,35,0,-13
72,36,0,-22
72,37,0,5
72,38,0,4
72,39,0,-11
72,41,0,-23
72,42,0,9
72,43,0,-23
72,44,0,-8
72,45,0,9
72,46,0,-24
72,47,0,-1
72,48,0,11
72,49,0,-3
72,50,0,18
72,51,0,25
72,52,0,-4
72,53,0,-27
72,54,0,12
72,56,0,13
72,57,0,-2
72,58,0,20
72,59,0,15
72,60,0,-2
72,61,0,-1
72,62,0,8
72,63,0,4
72,64,0,-15
72,65,0,-18
72,66,0,-18
72,67,0,-6
72,68,0,-34
72,69,0,-13
72,70,0,-18
72,71,0,-13
72,72,0,118
72,73,0,-25
72,74,0,18
72,75,0,5
72,76,0,20
72,77,0,7
72,78,0,6
72,79,0,-17
72,80,0,-3
73,1,0,-9
73,2,0,-12
73,3,0,1
73,4,0,-4
73,5,0,6
73,6,0,29
73,7,0,11
73,8,0,6
73,9,0,-3
73,10,0,13
73,11,0,-29
73,12,0,-9
73,13,0,18
73,14,0,-13
73,15,0,5
73,16,0,-1
73,17,0,3
73,18,0,5
73,19,0,17
73,20,0,-9
73,21,0,-13
73,22,0,-1
73,23,0,12
73,24,0,-1
73,25,0,14
73,26,0,1
73,27,0,1
73,28,0,-2
73,29,0,17
73,30,0,-15
73,31,0,-18
73,32,0,1
73,33,0,-4
73,34,0,5
73,35,0,7
73,36,0,6
73,37,0,-13
73,38,0,8
73,39,0,-1
73,41,0,2
73,42,0,-26
73,43,0,6
73,45,0,4
73,46,0,19
73,47,0,-5
73,48,0,13
73,49,0,-28
73,50,0,-8
73,51,0,-19
73,52,0,6
73,53,0,-11
73,54,0,-22
73,55,0,-5
73,56,0,-6
73,57,0,1
73,58,0,19
73,59,0,-6
73,60,0,-25
73,61,0,8
73,62,0,-5
73,63,0,16
73,64,0,-19
73,65,0,3
73,66,0,17
73,68,0,12
73,69,0,-15
73,70,0,-3
73,71,0,5
73,72,0,-25
73,73,0,127
73,74,0,-13
73,75,0,4
73,76,0,-23
73,77,0,4
73,78,0,-21
73,79,0,4
73,80,0,-10
73,81,0,-20
74,1,0,-3
74,2,0,-31
74,3,0,39
74,4,0,-18
74,5,0,14
74,6,0,15
74,7,0,-7
74,8,0,13
74,9,0,-17
74,10,0,6
74,11,0,9
74,12,0,15
74,13,0,-22
74,14,0,9
74,15,0,-10
74,16,0,-3
74,17,0,12
74,18,0,22
74,19,0,-26
74,20,0,18
74,21,0,10
74,22,0,-8
74,23,0,-9
74,24,0,4
74,25,0,-16
74,27,0,-22
74,28,0,-9
74,29,0,20
74,30,0,18
74,31,0,-11
74,32,0,-24
74,33,0,24
74,34,0,-7
74,35,0,-22
74,36,0,-24
74,37,0,-3
74,38,0,2
74,39,0,13
74,40,0,-17
74,41,0,-23
74,42,0,-18
74,43,0,10
74,44,0,-14
74,45,0,-9
74,46,0,-19
74,47,0,29
74,48,0,-16
74,49,0,6
74,50,0,28
74,51,0,4
74,52,0,-18
74,53,0,11
74,54,0,4
74,55,0,-19
74,56,0,-18
74,57,0,28
74,58,0,-12
74,59,0,18
74,60,0,26
74,61,0,-19
74,62,0,-6
74,63,0,4
74,64,0,18
74,65,0,15
74,66,0,-6
74,67,0,-16
74,68,0,-22
74,69,0,9
74,70,0,-10
74,71,0,28
74,72,0,18
74,73,0,-13
74,74,0,149
74,75,0,18
74,76,0,8
74,77,0,3
74,78,0,-7
74,79,0,-15
74,80,0,15
74,81,0,22
75,1,0,-19
75,2,0,-8
75,3,0,21
75,4,0,10
75,5,0,7
75,6,0,6
75,7,0,-3
75,8,0,-8
75,9,0,29
75,10,0,5
75,11,0,-25
75,12,0,-3
75,13,0,-30
75,14,0,-12
75,15,0,-1
75,16,0,8
75,17,0,12
75,18,0,4
75,19,0,-12
75,20,0,-3
75,21,0,-7
75,23,0,7
75,24,0,-3
75,25,0,6
75,26,0,-10
75,27,0,-1
75,28,0,4
75,29,0,-5
75,30,0,1
75,31,0,5
75,32,0,-10
75,33,0,18
75,34,0,-6
75,35,0,-2
75,36,0,-11
75,37,0,13
75,38,0,11
75,39,0,-22
75,40,0,-16
75,41,0,-15
75,42,0,-6
75,43,0,21
75,44,0,-16
75,45,0,12
75,46,0,-12
75,47,0,-1
75,48,0,29
75,49,0,4
75,50,0,-8
75,51,0,3
75,52,0,-24
75,53,0,19
75,54,0,22
75,55,0,-14
75,56,0,16
75,57,0,29
75,58,0,-5
75,59,0,11
75,60,0,-24
75,61,0,-18
75,63,0,-4
75,64,0,8
75,65,0,-15
75,66,0,8
75,67,0,-15
75,68,0,22
75,69,0,-12
75,70,0,-10
75,71,0,12
75,72,0,5
75,73,0,4
75,74,0,18
75,75,0,135
75,76,0,14
75,77,0,8
75,78,0,27
75,79,0,-13
75,80,0,16
75,81,0,-15
76,1,0,-7
76,2,0,-9
76,3,0,2
76,4,0,-27
76,5,0,6
76,6,0,-5
76,7,0,17
76,8,0,-2
76,9,0,-3
76,10,0,8
76,11,0,-15
76,12,0,1
76,13,0,-29
76,14,0,-4
76,15,0,21
76,16,0,23
76,17,0,24
76,18,0,-13
76,19,0,-8
76,20,0,3
76,21,0,-13
76,22,0,-15
76,23,0,1
76,24,0,9
76,25,0,-21
76,26,0,-35
76,27,0,-10
76,28,0,17
76,29,0,-1
76,30,0,-7
76,31,0,9
76,32,0,-4
76,33,0,-8
76,34,0,-22
76,35,0,3
76,36,0,-4
76,37,0,28
76,38,0,5
76,39,0,11
76,40,0,11
76,41,0,-31
76,42,0,11
76,43,0,25
76,44,0,-3
76,45,0,2
76,46,0,-27
76,47,0,-5
76,48,0,-3
76,49,0,22
76,50,0,14
76,51,0,-3
76,52,0,9
76,53,0,-16
76,54,0,-4
76,55,0,2
76,56,0,-4
76,57,0,-26
76,58,0,5
76,59,0,-15
76,60,0,-8
76,61,0,-2
76,62,0,27
76,63,0,10
76,64,0,-2
76,65,0,6
76,66,0,-12
76,67,0,-9
76,68,0,16
76,69,0,12
76,70,0,-8
76,71,0,-15
76,72,0,20
76,73,0,-23
76,74,0,8
76,75,0,14
76,76,0,119
76,77,0,10
76,78,0,2
76,79,0,12
76,80,0,7
76,81,0,3
77,1,0,14
77,2,0,-3
77,3,0,-8
77,4,0,-6
77,5,0,23
77,6,0,13
77,7,0,-13
77,8,0,11
77,9,0,15
77,10,0,-18
77,11,0,15
77,12,0,-6
77,13,0,3
77,14,0,-3
77,15,0,9
77,16,0,-5
77,17,0,38
77,18,0,1
77,19,0,17
77,20,0,-28
77,21,0,-17
77,22,0,4
77,23,0,-9
77,24,0,24
77,25,0,-19
77,26,0,21
77,27,0,-10
77,28,0,-1
77,29,0,16
77,30,0,4
77,31,0,1
77,32,0,-12
77,33,0,-22
77,34,0,-18
77,35,0,23
77,36,0,5
77,37,0,-8
77,38,0,-7
77,39,0,12
77,40,0,17
77,41,0,3
77,42,0,1
77,43,0,9
77,44,0,-2
77,45,0,-13
77,47,0,-15
77,48,0,-7
77,49,0,-21
77,50,0,16
77,51,0,-7
77,52,0,11
77,53,0,8
77,54,0,4
77,55,0,-16
77,56,0,21
77,57,0,-10
77,59,0,14
77,60,0,8
77,61,0,18
77,62,0,4
77,63,0,11
77,64,0,-10
77,65,0,-28
77,66,0,-19
77,67,0,-8
77,68,0,7
77,69,0,7
77,70,0,18
77,71,0,-5
77,72,0,7
77,73,0,4
77,74,0,3
77,75,0,8
77,76,0,10
77,77,0,119
77,78,0,13
77,79,0,4
77,80,0,-11
77,81,0,14
78,1,0,16
78,2,0,-12
78,3,0,-8
78,4,0,2
78,5,0,4
78,6,0,-13
78,7,0,-6
78,8,0,2
78,9,0,9
78,10,0,-32
78,12,0,-1
78,13,0,-2
78,14,0,6
78,15,0,-2
78,16,0,-14
78,17,0,-7
78,18,0,27
78,19,0,-1
78,20,0,5
78,21,0,15
78,22,0,23
78,23,0,-10
78,24,0,-1
78,25,0,3
78,26,0,-15
78,27,0,15
78,28,0,2
78,29,0,-5
78,30,0,7
78,31,0,-5
78,32,0,-26
78,33,0,-15
78,34,0,-8
78,35,0,6
78,36,0,7
78,38,0,-6
78,39,0,9
78,40,0,26
78,41,0,-16
78,42,0,5
78,43,0,-1
78,44,0,-19
78,45,0,-5
78,46,0,4
78,47,0,-8
78,48,0,-11
78,49,0,2
78,50,0,-5
78,51,0,-2
78,52,0,8
78,53,0,-10
78,54,0,7
78,55,0,14
78,56,0,12
78,57,0,-22
78,58,0,2
78,59,0,-19
78,60,0,17
78,61,0,4
78,62,0,-3
78,63,0,6
78,64,0,12
78,65,0,3
78,66,0,7
78,67,0,3
78,68,0,-2
78,69,0,-6
78,70,0,-12
78,71,0,-3
78,72,0,6
78,73,0,-21
78,74,0,-7
78,75,0,27
78,76,0,2
78,77,0,13
78,78,0,130
78,79,0,22
78,80,0,13
78,81,0,-15
79,1,0,9
79,2,0,-9
79,3,0,-19
79,4,0,12
79,7,0,-11
79,8,0,-15
79,9,0,-8
79,10,0,-4
79,11,0,-21
79,12,0,-33
79,13,0,-12
79,14,0,-8
79,15,0,14
79,16,0,9
79,17,0,-10
79,18,0,15
79,19,0,-10
79,20,0,-2
79,21,0,10
79,22,0,3
79,23,0,-17
79,24,0,25
79,25,0,13
79,26,0,-8
79,27,0,2
79,28,0,20
79,29,0,4
79,30,0,-9
79,32,0,4
79,33,0,2
79,34,0,-24
79,35,0,21
79,36,0,-2
79,37,0,8
79,38,0,-1
79,39,0,19
79,40,0,20
79,41,0,-23
79,42,0,23
79,43,0,4
79,44,0,6
79,45,0,7
79,46,0,3
79,47,0,-3
79,48,0,1
79,49,0,3
79,50,0,1
79,51,0,1
79,52,0,23
79,53,0,3
79,54,0,-16
79,55,0,17
79,56,0,-2
79,57,0,-8
79,58,0,10
79,59,0,-24
79,60,0,-2
79,61,0,7
79,62,0,-3
79,63,0,-11
79,64,0,9
79,65,0,13
79,66,0,-19
79,67,0,3
79,68,0,5
79,69,0,27
79,70,0,7
79,71,0,24
79,72,0,-17
79,73,0,4
79,74,0,-15
79,75,0,-13
79,76,0,12
79,77,0,4
79,78,0,22
79,79,0,118
79,80,0,-10
79,81,0,3
80,1,0,-7
80,2,0,9
80,3,0,15
80,4,0,-10
80,5,0,5
80,6,0,-32
80,7,0,-1
80,8,0,5
80,9,0,-10
80,11,0,-3
80,12,0,-1
80,13,0,13
80,14,0,25
80,15,0,9
80,16,0,9
80,17,0,-16
80,18,0,-8
80,19,0,-10
80,20,0,22
80,21,0,10
80,22,0,-9
80,23,0,-12
80,24,0,-7
80,25,0,-16
80,26,0,-3
80,27,0,-5
80,28,0,1
80,29,0,1
80,30,0,17
80,31,0,-5
80,32,0,-13
80,33,0,4
80,34,0,-13
80,35,0,-1
80,36,0,-18
80,37,0,3
80,38,0,1
80,39,0,10
80,40,0,-1
80,41,0,8
80,42,0,-13
80,43,0,34
80,44,0,-2
80,45,0,-6
80,46,0,-19
80,47,0,-17
80,48,0,-7
80,49,0,-6
80,50,0,12
80,51,0,2
80,52,0,12
80,53,0,-8
80,54,0,5
80,55,0,14
80,56,0,10
80,57,0,5
80,58,0,-3
80,59,0,-13
80,60,0,-1
80,61,0,-19
80,62,0,-14
80,63,0,3
80,64,0,4
80,65,0,-26
80,66,0,-5
80,67,0,-7
80,68,0,11
80,69,0,-20
80,70,0,-18
80,71,0,-16
80,72,0,-3
80,73,0,-10
80,74,0,15
80,75,0,16
80,76,0,7
80,77,0,-11
80,78,0,13
80,79,0,-10
80,80,0,98
80,81,0,21
81,1,0,-7
81,2,0,2
81,3,0,7
81,4,0,26
81,5,0,1
81,6,0,-23
81,7,0,-31
81,8,0,16
81,9,0,10
81,10,0,11
81,11,0,6
81,12,0,-1
81,13,0,-14
81,14,0,15
81,15,0,6
81,16,0,9
81,17,0,8
81,18,0,-15
81,19,0,6
81,20,0,34
81,21,0,-17
81,22,0,-11
81,23,0,7
81,24,0,-3
81,25,0,-34
81,26,0,17
81,27,0,-7
81,28,0,5
81,29,0,-10
81,30,0,-3
81,31,0,-17
81,32,0,-5
81,33,0,-15
81,34,0,14
81,35,0,-14
81,36,0,-6
81,38,0,-1
81,39,0,18
81,40,0,-11
81,41,0,-2
81,42,0,2
81,43,0,11
81,44,0,-2
81,45,0,-30
81,46,0,-32
81,47,0,7
81,48,0,-19
81,49,0,2
81,50,0,20
81,51,0,-6
81,52,0,5
81,53,0,9
81,54,0,-4
81,55,0,-2
81,56,0,-1
81,57,0,18
81,58,0,-26
81,59,0,16
81,60,0,25
81,61,0,2
81,62,0,-31
81,64,0,-2
81,65,0,-22
81,66,0,-16
81,67,0,13
81,68,0,5
81,69,0,20
81,70,0,-13
81,71,0,-12
81,73,0,-20
81,74,0,22
81,75,0,-15
81,76,0,3
81,77,0,14
81,78,0,-15
81,79,0,3
81,80,0,21
81,81,0,143
82,1,0,-1
83,1,0,-1
84,1,0,-1
85,1,0,-1
86,1,0,-1
87,1,0,-1
88,1,0,-1
89,1,0,-1
90,1,0,-1
91,1,0,-1
92,1,0,-1
93,1,0,-1
94,1,0,-1
95,1,0,-1
96,1,0,-1
97,1,0,-1
98,1,0,-1
99,1,0,-1
100,1,0,-1
101,1,0,-1
102,1,0,-1
103,1,0,-1
104,1,0,-1
105,1,0,-1
106,1,0,-1
107,1,0,-1
108,1,0,-1
109,1,0,-1
110,1,0,-1
111,1,0,-1
112,1,0,-1
113,1,0,-1
114,1,0,-1
115,1,0,-1
116,1,0,-1
117,1,0,-1
118,1,0,-1
119,1,0,-1
120,1,0,-1
121,1,0,-1
122,1,0,-1
123,1,0,-1
124,1,0,-1
125,1,0,-1
126,1,0,-1
127,1,0,-1
127,127,0,5
127,127,1,-4
128,2,0,-1
128,128,0,3
128,128,1,-3
129,3,0,-1
129,129,0,3
129,129,1,-1
130,4,0,-1
130,130,0,2
130,130,1,-2
131,5,0,-1
131,131,0,5
131,131,1,-5
132,6,0,-1
132,132,0,4
132,132,1,3
133,7,0,-1
133,133,0,4
133,133,1,4
134,8,0,-1
134,134,0,3
134,134,1,1
135,9,0,-1
135,135,0,2
135,135,1,-1
136,10,0,-1
136,136,0,3
136,136,1,2
137,11,0,-1
137,137,0,4
137,137,1,-1
138,12,0,-1
138,138,0,4
138,138,1,1
139,13,0,-1
139,139,0,5
139,139,1,-3
140,14,0,-1
140,140,0,3
141,15,0,-1
141,141,0,2
141,141,1,-1
142,16,0,-1
142,142,0,1
143,17,0,-1
143,143,0,2
143,143,1,1
144,18,0,-1
144,144,0,2
144,144,1,1
145,19,0,-1
145,145,0,2
145,145,1,1
146,20,0,-1
146,146,0,2
146,146,1,1
147,21,0,-1
147,147,0,1
148,22,0,-1
148,148,0,1
149,23,0,-1
149,149,0,4
149,149,1,1
150,24,0,-1
150,150,0,4
150,150,1,-3

q_data
1,0,224
2,0,-440
3,0,-444
4,0,-918
5,0,134
6,0,-100
7,0,-480
8,0,-283
9,0,-216
10,0,-565
11,0,327
12,0,11
13,0,-701
14,0,-455
15,0,-558
16,0,-533
17,0,-587
18,0,-440
19,0,228
20,0,-380
21,0,-406
22,0,-140
23,0,281
24,0,-449
25,0,-63
25,1,-43
26,0,-1193
27,0,-536
28,0,-241
29,0,-303
30,0,-602
30,1,450
31,0,-202
32,0,-30
33,0,-649
34,0,-773
35,0,-249
36,0,-671
36,1,-176
37,0,-139
38,0,-181
38,1,121
39,0,-1094
40,0,-115
41,0,-1315
42,0,-239
43,0,-1010
44,0,-1033
45,0,17
46,0,359
47,0,-885
48,0,321
48,1,272
49,0,393
49,1,-257
50,0,-560
51,0,219
51,1,74
52,0,-560
53,0,-535
54,0,-847
55,0,75
55,1,-32
56,0,-910
57,0,-830
58,0,-89
59,0,64
60,0,-555
61,0,-380
61,1,247
62,0,-186
63,0,-783
63,1,672
64,0,-378
65,0,-54
66,0,65
67,0,20
68,0,-441
69,0,-954
70,0,-16
71,0,25
71,1,-24
72,0,431
73,0,-365
73,1,107
74,0,-473
74,1,-187
75,0,-200
76,0,-162
77,0,-668
78,0,72
79,0,-472
79,1,-221
80,0,-333
81,0,-371
82,0,2
83,0,2
84,0,2
85,0,2
86,0,2
86,1,1
87,0,2
88,0,2
89,0,3
90,0,5
91,0,2
91,1,1
92,0,2
93,0,2
94,0,2
95,0,2
95,1,1
96,0,2
96,1,-1
97,0,2
98,0,2
98,1,-1
99,0,2
100,0,2
101,0,2
102,0,2
103,0,2
103,1,2
104,0,2
105,0,2
106,0,2
106,1,-1
107,0,2
108,0,2
109,0,2
110,0,2
110,1,-1
111,0,2
112,0,2
113,0,2
114,0,2
115,0,2
116,0,2
117,0,2
118,0,4
119,0,2
119,1,-1
120,0,2
121,0,2
122,0,2
123,0,2
124,0,2
125,0,2
126,0,2
127,0,-3
127,1,2
128,0,-8
129,0,5
131,0,-13
132,0,-4
133,0,-1
134,0,-9
134,1,6
135,0,-2
136,0,1
137,0,-3
138,0,-15
138,1,-4
139,0,-2
140,0,-6
141,0,8
142,0,-3
144,0,-4
145,0,-7
145,1,3
146,0,1
147,0,-1
148,0,-3
149,0,-19
150,0,-13
150,1,7

Param_Space
1,1,-1
2,1,1

Param_Space_RHS
0
1

END
