LCP


h
125

k
1

M_data
1,1,0,103
1,2,0,10
1,3,0,-4
1,4,0,16
1,5,0,-16
1,6,0,5
1,7,0,17
1,8,0,20
1,9,0,1
1,10,0,13
1,11,0,-13
1,12,0,8
1,13,0,9
1,14,0,-11
1,15,0,2
1,16,0,-15
1,17,0,-9
1,18,0,-1
1,19,0,2
1,20,0,19
1,21,0,5
1,22,0,-7
1,23,0,8
1,24,0,12
1,26,0,-10
1,27,0,23
1,28,0,-2
1,29,0,-5
1,30,0,-1
1,31,0,8
1,32,0,-15
1,33,0,-11
1,34,0,11
1,35,0,32
1,36,0,4
1,37,0,12
1,38,0,9
1,39,0,-2
1,40,0,-1
1,41,0,3
1,42,0,13
1,43,0,3
1,44,0,13
1,45,0,-2
1,46,0,27
1,47,0,-10
1,48,0,-15
1,49,0,16
1,50,0,8
1,51,0,10
1,52,0,-14
1,53,0,-16
1,54,0,-12
1,55,0,8
1,56,0,16
1,57,0,16
1,58,0,-15
1,59,0,-17
1,60,0,3
1,61,0,-11
1,62,0,1
1,63,0,-19
1,64,0,13
1,66,0,-4
1,67,0,-39
1,68,0,-13
1,69,0,6
1,70,0,10
1,71,0,-10
1,72,0,7
1,73,0,23
1,74,0,8
1,75,0,-14
1,76,0,-10
1,77,0,10
1,78,0,1
1,79,0,1
1,80,0,1
1,81,0,1
1,82,0,1
1,83,0,1
1,84,0,1
1,85,0,1
1,86,0,1
1,87,0,1
1,88,0,1
1,89,0,1
1,90,0,1
1,91,0,1
1,92,0,1
1,93,0,1
1,94,0,1
1,95,0,1
1,96,0,1
1,97,0,1
1,98,0,1
1,99,0,1
1,100,0,1
1,101,0,1
1,102,0,1
1,103,0,1
1,104,0,1
1,105,0,1
1,106,0,1
1,107,0,1
2,1,0,10
2,2,0,87
2,3,0,-11
2,4,0,11
2,5,0,10
2,6,0,-8
2,7,0,10
2,8,0,-2
2,9,0,5
2,10,0,6
2,11,0,-2
2,12,0,-16
2,13,0,28
2,14,0,-19
2,15,0,-4
2,16,0,5
2,17,0,-1
2,18,0,-20
2,19,0,-12
2,20,0,-25
2,21,0,-1
2,22,0,2
2,23,0,7
2,25,0,9
2,26,0,-6
2,27,0,-2
2,28,0,1
2,29,0,3
2,30,0,14
2,31,0,-2
2,32,0,-12
2,33,0,-10
2,34,0,-20
2,35,0,20
2,36,0,-11
2,37,0,-2
2,38,0,-5
2,39,0,2
2,40,0,10
2,41,0,-13
2,42,0,5
2,43,0,2
2,44,0,-6
2,45,0,2
2,46,0,5
2,47,0,24
2,48,0,-1
2,49,0,6
2,50,0,-5
2,51,0,6
2,52,0,4
2,54,0,-5
2,55,0,-5
2,56,0,6
2,57,0,1
2,58,0,-10
2,59,0,6
2,60,0,-34
2,61,0,-22
2,62,0,12
2,63,0,-7
2,64,0,-18
2,65,0,9
2,66,0,3
2,67,0,7
2,68,0,5
2,69,0,-3
2,70,0,-10
2,71,0,9
2,72,0,-5
2,73,0,-10
2,74,0,-7
2,75,0,-9
2,76,0,-16
2,77,0,-7
2,108,0,1
3,1,0,-4
3,2,0,-11
3,3,0,118
3,4,0,-1
3,5,0,-21
3,6,0,-2
3,7,0,7
3,8,0,-9
3,9,0,-5
3,10,0,10
3,11,0,14
3,12,0,-17
3,13,0,-30
3,14,0,17
3,15,0,4
3,16,0,-4
3,17,0,-24
3,18,0,-22
3,19,0,-7
3,20,0,20
3,21,0,-14
3,22,0,1
3,23,0,-17
3,24,0,14
3,25,0,-6
3,26,0,-5
3,27,0,2
3,28,0,-18
3,29,0,32
3,30,0,-8
3,31,0,-19
3,32,0,11
3,33,0,1
3,34,0,22
3,35,0,-3
3,36,0,-19
3,37,0,-14
3,38,0,-32
3,39,0,-11
3,40,0,-3
3,41,0,10
3,42,0,-28
3,43,0,-22
3,44,0,-12
3,45,0,19
3,46,0,-3
3,47,0,-11
3,48,0,-3
3,49,0,-9
3,50,0,2
3,51,0,-18
3,52,0,8
3,53,0,-15
3,54,0,1
3,55,0,14
3,56,0,-9
3,58,0,3
3,59,0,4
3,60,0,19
3,61,0,21
3,62,0,17
3,63,0,-2
3,64,0,-22
3,65,0,8
3,66,0,-4
3,67,0,14
3,68,0,16
3,69,0,-5
3,70,0,18
3,71,0,12
3,72,0,-4
3,73,0,21
3,74,0,1
3,75,0,7
3,76,0,13
3,77,0,4
3,109,0,1
4,1,0,16
4,2,0,11
4,3,0,-1
4,4,0,120
4,5,0,-21
4,6,0,21
4,7,0,-2
4,8,0,24
4,9,0,13
4,10,0,3
4,11,0,-19
4,12,0,-2
4,13,0,7
4,14,0,-1
4,15,0,-7
4,16,0,-18
4,17,0,8
4,18,0,-12
4,19,0,-18
4,20,0,11
4,21,0,6
4,22,0,7
4,23,0,3
4,24,0,5
4,25,0,-1
4,26,0,-26
4,27,0,12
4,28,0,11
4,29,0,12
4,30,0,23
4,31,0,-9
4,32,0,4
4,33,0,-17
4,34,0,-9
4,35,0,12
4,36,0,-6
4,37,0,1
4,38,0,-6
4,39,0,20
4,40,0,-3
4,41,0,-27
4,42,0,8
4,43,0,-16
4,44,0,8
4,45,0,-5
4,46,0,-16
4,47,0,2
4,48,0,-27
4,49,0,-2
4,50,0,-1
4,51,0,1
4,52,0,-8
4,53,0,-15
4,54,0,14
4,55,0,4
4,56,0,11
4,57,0,-7
4,58,0,-31
4,59,0,6
4,60,0,-26
4,61,0,-4
4,62,0,-24
4,63,0,-4
4,64,0,-5
4,65,0,-24
4,66,0,-8
4,67,0,-14
4,68,0,2
4,69,0,4
4,70,0,-8
4,71,0,17
4,72,0,-10
4,73,0,24
4,74,0,-2
4,75,0,-18
4,76,0,1
4,77,0,-14
4,110,0,1
5,1,0,-16
5,2,0,10
5,3,0,-21
5,4,0,-21
5,5,0,123
5,6,0,-13
5,7,0,8
5,8,0,16
5,9,0,16
5,10,0,-6
5,11,0,5
5,12,0,6
5,13,0,24
5,14,0,-6
5,15,0,3
5,16,0,11
5,17,0,1
5,18,0,34
5,19,0,-3
5,20,0,-14
5,22,0,-10
5,23,0,2
5,24,0,-15
5,25,0,3
5,26,0,10
5,27,0,-5
5,28,0,7
5,29,0,-19
5,30,0,-7
5,31,0,21
5,32,0,-12
5,33,0,8
5,34,0,-5
5,35,0,-2
5,36,0,2
5,38,0,6
5,39,0,-20
5,40,0,3
5,41,0,6
5,42,0,8
5,43,0,5
5,44,0,-6
5,45,0,-21
5,47,0,27
5,48,0,24
5,49,0,-3
5,50,0,-13
5,52,0,16
5,53,0,10
5,54,0,6
5,55,0,-9
5,56,0,-20
5,57,0,10
5,58,0,-4
5,60,0,3
5,61,0,-10
5,62,0,-19
5,63,0,11
5,64,0,-9
5,65,0,9
5,66,0,-13
5,67,0,25
5,68,0,-24
5,69,0,1
5,70,0,-2
5,71,0,4
5,72,0,11
5,73,0,-14
5,74,0,3
5,75,0,-2
5,76,0,15
5,77,0,6
5,111,0,1
6,1,0,5
6,2,0,-8
6,3,0,-2
6,4,0,21
6,5,0,-13
6,6,0,131
6,7,0,5
6,8,0,25
6,9,0,9
6,10,0,-8
6,11,0,8
6,12,0,-14
6,13,0,33
6,14,0,-17
6,15,0,19
6,16,0,-11
6,17,0,21
6,18,0,-5
6,19,0,7
6,20,0,-7
6,21,0,-2
6,22,0,34
6,23,0,5
6,24,0,-4
6,25,0,9
6,26,0,2
6,27,0,8
6,28,0,19
6,29,0,5
6,30,0,8
6,31,0,21
6,32,0,-7
6,33,0,10
6,34,0,-12
6,35,0,-6
6,37,0,22
6,38,0,11
6,39,0,11
6,40,0,-1
6,41,0,2
6,42,0,-1
6,43,0,-6
6,44,0,3
6,45,0,5
6,46,0,-1
6,47,0,19
6,48,0,-10
6,49,0,21
6,50,0,11
6,51,0,7
6,52,0,10
6,53,0,-1
6,54,0,-2
6,55,0,29
6,57,0,15
6,58,0,4
6,59,0,-17
6,60,0,16
6,61,0,-1
6,62,0,-15
6,63,0,-17
6,64,0,5
6,65,0,-8
6,66,0,-8
6,67,0,-13
6,68,0,6
6,69,0,-27
6,70,0,1
6,71,0,7
6,72,0,1
6,73,0,7
6,74,0,-21
6,76,0,-16
6,77,0,7
6,112,0,1
7,1,0,17
7,2,0,10
7,3,0,7
7,4,0,-2
7,5,0,8
7,6,0,5
7,7,0,126
7,8,0,-5
7,9,0,19
7,10,0,14
7,11,0,10
7,12,0,4
7,13,0,-9
7,14,0,9
7,15,0,-8
7,16,0,-6
7,17,0,26
7,18,0,-14
7,19,0,-2
7,20,0,-8
7,21,0,23
7,22,0,11
7,23,0,28
7,24,0,14
7,25,0,3
7,26,0,-6
7,27,0,3
7,28,0,23
7,29,0,13
7,30,0,-6
7,31,0,19
7,32,0,-12
7,33,0,2
7,34,0,2
7,35,0,19
7,36,0,-2
7,37,0,-29
7,38,0,15
7,39,0,-5
7,40,0,20
7,41,0,5
7,42,0,-10
7,43,0,18
7,44,0,4
7,45,0,-11
7,47,0,-1
7,48,0,-2
7,49,0,29
7,50,0,-2
7,51,0,7
7,52,0,-13
7,53,0,-14
7,54,0,26
7,55,0,12
7,56,0,17
7,57,0,17
7,58,0,-8
7,59,0,-12
7,60,0,11
7,61,0,-1
7,62,0,-8
7,63,0,-16
7,64,0,-3
7,65,0,-15
7,66,0,-9
7,67,0,12
7,68,0,25
7,70,0,-2
7,71,0,10
7,72,0,13
7,73,0,4
7,74,0,8
7,75,0,-29
7,76,0,1
7,77,0,16
7,113,0,1
8,1,0,20
8,2,0,-2
8,3,0,-9
8,4,0,24
8,5,0,16
8,6,0,25
8,7,0,-5
8,8,0,134
8,9,0,-5
8,10,0,-27
8,11,0,-17
8,12,0,-10
8,13,0,12
8,14,0,-5
8,15,0,1
8,16,0,12
8,17,0,1
8,18,0,17
8,20,0,14
8,21,0,-7
8,22,0,6
8,23,0,-14
8,24,0,-25
8,25,0,-10
8,26,0,9
8,27,0,9
8,28,0,8
8,29,0,7
8,30,0,6
8,31,0,13
8,32,0,8
8,33,0,11
8,34,0,28
8,35,0,8
8,36,0,9
8,37,0,-4
8,38,0,5
8,39,0,5
8,40,0,-18
8,41,0,14
8,42,0,27
8,43,0,-2
8,44,0,-13
8,45,0,-18
8,46,0,16
8,47,0,21
8,48,0,-4
8,49,0,13
8,50,0,-3
8,51,0,3
8,52,0,-10
8,53,0,-15
8,54,0,22
8,55,0,20
8,56,0,23
8,57,0,29
8,58,0,-31
8,59,0,-10
8,60,0,-1
8,61,0,4
8,62,0,-25
8,63,0,22
8,64,0,6
8,65,0,-3
8,66,0,17
8,67,0,-4
8,68,0,-6
8,69,0,-18
8,70,0,2
8,71,0,10
8,72,0,-3
8,73,0,28
8,74,0,3
8,75,0,-7
8,76,0,-3
8,77,0,12
8,114,0,1
9,1,0,1
9,2,0,5
9,3,0,-5
9,4,0,13
9,5,0,16
9,6,0,9
9,7,0,19
9,8,0,-5
9,9,0,109
9,10,0,-8
9,11,0,-9
9,12,0,6
9,14,0,-11
9,15,0,-3
9,16,0,9
9,17,0,12
9,19,0,-18
9,20,0,-13
9,21,0,7
9,22,0,26
9,23,0,-2
9,24,0,2
9,25,0,8
9,26,0,13
9,27,0,-17
9,28,0,19
9,29,0,-16
9,30,0,21
9,31,0,1
9,32,0,-6
9,33,0,11
9,34,0,-9
9,35,0,12
9,36,0,-2
9,37,0,-7
9,38,0,-13
9,39,0,-2
9,40,0,30
9,41,0,9
9,42,0,12
9,43,0,9
9,44,0,-14
9,45,0,-22
9,46,0,19
9,47,0,3
9,48,0,10
9,49,0,-17
9,50,0,-4
9,51,0,8
9,52,0,4
9,53,0,-14
9,54,0,9
9,55,0,8
9,56,0,-17
9,57,0,-2
9,58,0,8
9,59,0,11
9,60,0,-18
9,61,0,-1
9,62,0,-8
9,63,0,16
9,64,0,14
9,65,0,-1
9,66,0,-15
9,67,0,8
9,68,0,3
9,69,0,16
9,70,0,-8
9,71,0,7
9,72,0,-9
9,73,0,-13
9,74,0,14
9,75,0,8
9,76,0,9
9,77,0,23
9,115,0,1
10,1,0,13
10,2,0,6
10,3,0,10
10,4,0,3
10,5,0,-6
10,6,0,-8
10,7,0,14
10,8,0,-27
10,9,0,-8
10,10,0,135
10,11,0,11
10,12,0,22
10,13,0,-8
10,14,0,4
10,15,0,-19
10,16,0,-4
10,17,0,-9
10,18,0,-5
10,19,0,-6
10,20,0,33
10,21,0,-5
10,22,0,-15
10,23,0,8
10,24,0,19
10,25,0,1
10,26,0,-5
10,27,0,3
10,28,0,8
10,29,0,13
10,30,0,-17
10,31,0,-19
10,32,0,9
10,33,0,-19
10,34,0,11
10,35,0,8
10,36,0,-22
10,37,0,16
10,38,0,-6
10,39,0,-11
10,40,0,-17
10,41,0,-18
10,42,0,-26
10,43,0,-3
10,44,0,-3
10,45,0,11
10,46,0,-11
10,47,0,-3
10,48,0,-21
10,49,0,25
10,50,0,-16
10,51,0,-20
10,52,0,3
10,53,0,-4
10,54,0,5
10,55,0,11
10,56,0,-6
10,57,0,11
10,58,0,1
10,59,0,17
10,60,0,-6
10,61,0,-3
10,62,0,13
10,63,0,1
10,64,0,-25
10,65,0,-10
10,66,0,-28
10,67,0,12
10,68,0,-3
10,69,0,-17
10,71,0,19
10,72,0,15
10,73,0,18
10,74,0,-2
10,75,0,-10
10,76,0,-6
10,77,0,-19
10,116,0,1
11,1,0,-13
11,2,0,-2
11,3,0,14
11,4,0,-19
11,5,0,5
11,6,0,8
11,7,0,10
11,8,0,-17
11,9,0,-9
11,10,0,11
11,11,0,112
11,13,0,-6
11,14,0,-4
11,15,0,-14
11,16,0,1
11,17,0,-5
11,18,0,-7
11,19,0,-1
11,20,0,15
11,21,0,15
11,22,0,2
11,23,0,13
11,24,0,-5
11,25,0,-2
11,26,0,-12
11,27,0,-13
11,28,0,15
11,29,0,-9
11,30,0,-21
11,31,0,-24
11,32,0,-4
11,33,0,-7
11,34,0,14
11,35,0,-2
11,36,0,-13
11,37,0,3
11,38,0,19
11,39,0,7
11,40,0,-13
11,41,0,-17
11,42,0,-28
11,43,0,-6
11,44,0,29
11,45,0,14
11,46,0,-10
11,47,0,5
11,48,0,-11
11,49,0,-10
11,50,0,-4
11,51,0,4
11,52,0,-15
11,53,0,-22
11,54,0,7
11,55,0,9
11,56,0,-3
11,57,0,-15
11,58,0,33
11,59,0,5
11,60,0,18
11,61,0,-19
11,62,0,11
11,63,0,-5
11,64,0,-7
11,65,0,2
11,66,0,-9
11,67,0,3
11,68,0,8
11,69,0,20
11,70,0,23
11,71,0,-7
11,72,0,11
11,73,0,-4
11,74,0,10
11,75,0,-1
11,76,0,5
11,77,0,-18
11,117,0,1
12,1,0,8
12,2,0,-16
12,3,0,-17
12,4,0,-2
12,5,0,6
12,6,0,-14
12,7,0,4
12,8,0,-10
12,9,0,6
12,10,0,22
12,12,0,96
12,13,0,-13
12,14,0,20
12,15,0,-13
12,16,0,-8
12,17,0,7
12,18,0,-4
12,19,0,9
12,20,0,2
12,21,0,-1
12,22,0,10
12,23,0,-8
12,24,0,1
12,25,0,-9
12,26,0,6
12,27,0,5
12,28,0,23
12,29,0,-6
12,30,0,14
12,31,0,-9
12,32,0,-8
12,33,0,2
12,34,0,13
12,35,0,-3
12,36,0,27
12,37,0,-24
12,38,0,-12
12,39,0,-31
12,40,0,-5
12,41,0,2
12,42,0,-9
12,43,0,17
12,44,0,12
12,46,0,17
12,47,0,-11
12,48,0,32
12,49,0,-7
12,50,0,-10
12,51,0,-23
12,52,0,-16
12,53,0,-2
12,54,0,13
12,55,0,-4
12,56,0,20
12,57,0,13
12,58,0,29
12,59,0,5
12,60,0,-6
12,61,0,-6
12,62,0,9
12,63,0,5
12,64,0,16
12,65,0,-2
12,66,0,-16
12,67,0,1
12,68,0,8
12,69,0,6
12,70,0,-3
12,71,0,-16
12,72,0,5
12,73,0,-3
12,74,0,-8
12,75,0,-7
12,76,0,-3
12,77,0,-9
12,118,0,1
13,1,0,9
13,2,0,28
13,3,0,-30
13,4,0,7
13,5,0,24
13,6,0,33
13,7,0,-9
13,8,0,12
13,10,0,-8
13,11,0,-6
13,12,0,-13
13,13,0,137
13,14,0,-11
13,15,0,-21
13,16,0,-13
13,17,0,30
13,18,0,8
13,19,0,-5
13,20,0,8
13,21,0,-12
13,22,0,7
13,23,0,13
13,24,0,-2
13,25,0,-14
13,27,0,5
13,28,0,2
13,29,0,-27
13,30,0,25
13,31,0,-6
13,32,0,-31
13,33,0,-25
13,34,0,-13
13,35,0,2
13,36,0,-10
13,37,0,28
13,38,0,29
13,39,0,16
13,40,0,3
13,41,0,-6
13,42,0,23
13,43,0,8
13,44,0,-2
13,45,0,3
13,46,0,15
13,47,0,18
13,48,0,20
13,49,0,4
13,50,0,15
13,51,0,7
13,52,0,25
13,53,0,4
13,54,0,-16
13,55,0,10
13,56,0,-9
13,57,0,14
13,58,0,-12
13,60,0,13
13,61,0,-21
13,62,0,-3
13,63,0,-6
13,64,0,12
13,65,0,-6
13,67,0,-2
13,68,0,4
13,69,0,-22
13,70,0,-17
13,71,0,37
13,72,0,2
13,73,0,-9
13,74,0,-28
13,75,0,-13
13,76,0,-6
13,77,0,13
13,119,0,1
14,1,0,-11
14,2,0,-19
14,3,0,17
14,4,0,-1
14,5,0,-6
14,6,0,-17
14,7,0,9
14,8,0,-5
14,9,0,-11
14,10,0,4
14,11,0,-4
14,12,0,20
14,13,0,-11
14,14,0,101
14,15,0,-4
14,16,0,1
14,17,0,-2
14,19,0,2
14,20,0,20
14,21,0,-11
14,22,0,-14
14,23,0,-12
14,24,0,5
14,25,0,-31
14,26,0,-2
14,27,0,-14
14,28,0,5
14,29,0,10
14,30,0,-6
14,31,0,4
14,32,0,-5
14,33,0,2
14,34,0,3
14,35,0,-1
14,36,0,3
14,37,0,-1
14,38,0,-18
14,39,0,-15
14,40,0,2
14,41,0,-18
14,42,0,-22
14,43,0,-9
14,44,0,5
14,45,0,5
14,46,0,-8
14,47,0,11
14,48,0,10
14,49,0,7
14,51,0,-7
14,52,0,6
14,53,0,13
14,54,0,9
14,55,0,1
14,56,0,5
14,58,0,6
14,59,0,-15
14,60,0,10
14,61,0,13
14,62,0,-15
14,63,0,-10
14,64,0,6
14,66,0,-11
14,67,0,6
14,68,0,10
14,69,0,-9
14,70,0,-7
14,71,0,-3
14,72,0,8
14,73,0,17
14,74,0,8
14,75,0,7
14,76,0,5
14,77,0,2
14,120,0,1
15,1,0,2
15,2,0,-4
15,3,0,4
15,4,0,-7
15,5,0,3
15,6,0,19
15,7,0,-8
15,8,0,1
15,9,0,-3
15,10,0,-19
15,11,0,-14
15,12,0,-13
15,13,0,-21
15,14,0,-4
15,15,0,134
15,16,0,7
15,17,0,-1
15,18,0,-5
15,19,0,3
15,20,0,-21
15,21,0,8
15,22,0,1
15,23,0,14
15,24,0,-5
15,25,0,24
15,26,0,1
15,27,0,3
15,28,0,-2
15,29,0,-3
15,30,0,-15
15,31,0,27
15,32,0,4
15,33,0,-5
15,34,0,-24
15,35,0,-20
15,36,0,4
15,37,0,2
15,38,0,1
15,39,0,-19
15,40,0,-17
15,41,0,9
15,42,0,-7
15,43,0,-16
15,44,0,-3
15,45,0,-10
15,46,0,-3
15,47,0,13
15,48,0,-3
15,49,0,-16
15,50,0,-4
15,51,0,-10
15,52,0,-9
15,53,0,20
15,54,0,4
15,55,0,7
15,56,0,-3
15,57,0,10
15,58,0,-18
15,59,0,-20
15,60,0,25
15,61,0,-9
15,62,0,8
15,63,0,-11
15,64,0,-1
15,65,0,9
15,66,0,4
15,67,0,-1
15,68,0,-14
15,69,0,8
15,70,0,16
15,71,0,6
15,72,0,10
15,73,0,-12
15,75,0,18
15,76,0,16
15,77,0,-14
15,121,0,1
16,1,0,-15
16,2,0,5
16,3,0,-4
16,4,0,-18
16,5,0,11
16,6,0,-11
16,7,0,-6
16,8,0,12
16,9,0,9
16,10,0,-4
16,11,0,1
16,12,0,-8
16,13,0,-13
16,14,0,1
16,15,0,7
16,16,0,109
16,17,0,-13
16,18,0,23
16,19,0,-18
16,20,0,-7
16,21,0,-7
16,22,0,5
16,23,0,1
16,24,0,-6
16,25,0,-8
16,26,0,25
16,27,0,-10
16,28,0,23
16,29,0,5
16,30,0,2
16,31,0,-1
16,32,0,9
16,33,0,6
16,34,0,1
16,35,0,19
16,36,0,3
16,37,0,2
16,38,0,13
16,39,0,21
16,40,0,19
16,41,0,34
16,42,0,-1
16,43,0,-16
16,44,0,-5
16,45,0,-8
16,46,0,7
16,47,0,16
16,48,0,-3
16,49,0,-10
16,50,0,4
16,51,0,12
16,52,0,19
16,53,0,7
16,54,0,13
16,55,0,18
16,56,0,-5
16,57,0,6
16,58,0,1
16,59,0,9
16,60,0,-8
16,61,0,20
16,62,0,10
16,63,0,1
16,64,0,5
16,65,0,41
16,66,0,25
16,68,0,-3
16,69,0,5
16,70,0,38
16,71,0,5
16,73,0,-2
16,74,0,8
16,75,0,25
16,76,0,-7
16,77,0,11
16,122,0,1
17,1,0,-9
17,2,0,-1
17,3,0,-24
17,4,0,8
17,5,0,1
17,6,0,21
17,7,0,26
17,8,0,1
17,9,0,12
17,10,0,-9
17,11,0,-5
17,12,0,7
17,13,0,30
17,14,0,-2
17,15,0,-1
17,16,0,-13
17,17,0,101
17,18,0,2
17,19,0,9
17,20,0,2
17,21,0,18
17,22,0,14
17,23,0,20
17,24,0,4
17,25,0,7
17,26,0,-13
17,27,0,9
17,28,0,2
17,29,0,-4
17,30,0,6
17,31,0,11
17,32,0,-8
17,33,0,7
17,34,0,13
17,36,0,14
17,37,0,-5
17,38,0,-4
17,39,0,-6
17,40,0,6
17,41,0,2
17,42,0,9
17,43,0,15
17,44,0,-5
17,45,0,3
17,46,0,7
17,47,0,-4
17,48,0,27
17,49,0,11
17,51,0,17
17,52,0,-23
17,53,0,1
17,55,0,-8
17,56,0,6
17,57,0,11
17,58,0,3
17,59,0,8
17,60,0,12
17,61,0,6
17,62,0,-3
17,63,0,11
17,64,0,16
17,65,0,7
17,66,0,4
17,67,0,7
17,68,0,4
17,69,0,14
17,70,0,-18
17,71,0,12
17,73,0,-18
17,74,0,-10
17,75,0,-6
17,76,0,5
17,77,0,-3
17,123,0,1
18,1,0,-1
18,2,0,-20
18,3,0,-22
18,4,0,-12
18,5,0,34
18,6,0,-5
18,7,0,-14
18,8,0,17
18,10,0,-5
18,11,0,-7
18,12,0,-4
18,13,0,8
18,15,0,-5
18,16,0,23
18,17,0,2
18,18,0,126
18,19,0,11
18,20,0,3
18,21,0,-10
18,22,0,-20
18,23,0,11
18,24,0,-17
18,25,0,9
18,26,0,12
18,27,0,8
18,28,0,14
18,29,0,-26
18,31,0,11
18,32,0,15
18,33,0,-3
18,34,0,-6
18,35,0,-1
18,36,0,18
18,37,0,15
18,38,0,-2
18,39,0,-16
18,40,0,15
18,41,0,19
18,42,0,-2
18,43,0,-10
18,44,0,-24
18,45,0,-9
18,46,0,-2
18,47,0,-12
18,48,0,14
18,49,0,15
18,50,0,-14
18,51,0,11
18,52,0,-9
18,53,0,17
18,54,0,4
18,55,0,-3
18,56,0,10
18,57,0,3
18,58,0,4
18,59,0,-1
18,60,0,15
18,61,0,3
18,62,0,-9
18,63,0,-2
18,64,0,-2
18,65,0,23
18,67,0,-9
18,68,0,-31
18,69,0,-3
18,70,0,-6
18,71,0,-9
18,72,0,10
18,73,0,2
18,74,0,15
18,75,0,27
18,76,0,12
18,124,0,1
19,1,0,2
19,2,0,-12
19,3,0,-7
19,4,0,-18
19,5,0,-3
19,6,0,7
19,7,0,-2
19,9,0,-18
19,10,0,-6
19,11,0,-1
19,12,0,9
19,13,0,-5
19,14,0,2
19,15,0,3
19,16,0,-18
19,17,0,9
19,18,0,11
19,19,0,115
19,20,0,2
19,21,0,9
19,22,0,-4
19,23,0,3
19,24,0,-9
19,25,0,-13
19,26,0,-7
19,27,0,7
19,28,0,-18
19,29,0,-21
19,30,0,3
19,31,0,13
19,32,0,17
19,33,0,3
19,35,0,2
19,36,0,-3
19,37,0,-19
19,38,0,-17
19,39,0,-15
19,40,0,-21
19,41,0,4
19,43,0,3
19,44,0,-7
19,45,0,10
19,46,0,4
19,47,0,-16
19,48,0,1
19,49,0,3
19,50,0,10
19,51,0,-19
19,52,0,-13
19,53,0,-7
19,54,0,-11
19,55,0,9
19,56,0,12
19,57,0,-5
19,58,0,9
19,59,0,-5
19,60,0,6
19,61,0,-23
19,62,0,9
19,63,0,7
19,64,0,7
19,65,0,-2
19,66,0,-1
19,67,0,-25
19,68,0,-16
19,69,0,-7
19,70,0,4
19,71,0,-9
19,72,0,11
19,73,0,1
19,74,0,-3
19,75,0,1
19,76,0,-1
19,77,0,-12
19,125,0,1
20,1,0,19
20,2,0,-25
20,3,0,20
20,4,0,11
20,5,0,-14
20,6,0,-7
20,7,0,-8
20,8,0,14
20,9,0,-13
20,10,0,33
20,11,0,15
20,12,0,2
20,13,0,8
20,14,0,20
20,15,0,-21
20,16,0,-7
20,17,0,2
20,18,0,3
20,19,0,2
20,20,0,103
20,21,0,9
20,22,0,-8
20,23,0,15
20,24,0,16
20,25,0,5
20,26,0,-15
20,27,0,14
20,28,0,-3
20,29,0,3
20,31,0,-17
20,32,0,6
20,33,0,-18
20,34,0,17
20,35,0,6
20,36,0,-6
20,37,0,23
20,38,0,-1
20,39,0,11
20,40,0,-26
20,41,0,-8
20,42,0,-3
20,43,0,-18
20,44,0,10
20,45,0,14
20,46,0,-20
20,47,0,-7
20,48,0,7
20,49,0,13
20,50,0,10
20,51,0,2
20,52,0,10
20,53,0,-9
20,54,0,-9
20,55,0,6
20,56,0,-3
20,57,0,2
20,58,0,5
20,59,0,9
20,60,0,10
20,61,0,-3
20,62,0,-16
20,63,0,-11
20,64,0,-9
20,65,0,-3
20,66,0,-33
20,67,0,12
20,68,0,14
20,69,0,-7
20,70,0,-12
20,72,0,-1
20,73,0,15
20,74,0,-1
20,75,0,-11
20,76,0,7
20,77,0,1
21,1,0,5
21,2,0,-1
21,3,0,-14
21,4,0,6
21,6,0,-2
21,7,0,23
21,8,0,-7
21,9,0,7
21,10,0,-5
21,11,0,15
21,12,0,-1
21,13,0,-12
21,14,0,-11
21,15,0,8
21,16,0,-7
21,17,0,18
21,18,0,-10
21,19,0,9
21,20,0,9
21,21,0,116
21,22,0,-4
21,23,0,-5
21,24,0,-13
21,25,0,-2
21,26,0,-17
21,27,0,-21
21,28,0,-5
21,30,0,-3
21,31,0,-4
21,32,0,-11
21,33,0,-6
21,34,0,-20
21,35,0,8
21,36,0,5
21,37,0,11
21,38,0,17
21,39,0,9
21,40,0,2
21,41,0,3
21,42,0,22
21,43,0,-5
21,44,0,7
21,45,0,-7
21,46,0,-6
21,47,0,-6
21,48,0,-8
21,49,0,-15
21,50,0,10
21,51,0,23
21,52,0,-5
21,53,0,-6
21,54,0,-17
21,55,0,-16
21,56,0,15
21,58,0,-7
21,59,0,6
21,60,0,-13
21,61,0,-21
21,62,0,4
21,63,0,-11
21,64,0,14
21,65,0,-17
21,66,0,-25
21,67,0,14
21,68,0,10
21,69,0,18
21,70,0,-6
21,71,0,-14
21,72,0,5
21,73,0,19
21,74,0,12
21,75,0,-19
21,76,0,8
21,77,0,-6
22,1,0,-7
22,2,0,2
22,3,0,1
22,4,0,7
22,5,0,-10
22,6,0,34
22,7,0,11
22,8,0,6
22,9,0,26
22,10,0,-15
22,11,0,2
22,12,0,10
22,13,0,7
22,14,0,-14
22,15,0,1
22,16,0,5
22,17,0,14
22,18,0,-20
22,19,0,-4
22,20,0,-8
22,21,0,-4
22,22,0,136
22,23,0,2
22,24,0,17
22,25,0,17
22,26,0,11
22,27,0,9
22,28,0,20
22,29,0,-10
22,30,0,42
22,31,0,-6
22,32,0,-18
22,33,0,11
22,34,0,-9
22,35,0,-14
22,36,0,-13
22,37,0,-26
22,38,0,9
22,39,0,-3
22,40,0,-8
22,41,0,13
22,42,0,-8
22,43,0,21
22,44,0,-1
22,45,0,-10
22,46,0,5
22,47,0,-8
22,48,0,18
22,49,0,-21
22,50,0,19
22,51,0,2
22,52,0,1
22,53,0,-19
22,54,0,-1
22,55,0,25
22,56,0,1
22,57,0,-4
22,58,0,8
22,59,0,23
22,60,0,9
22,61,0,1
22,62,0,-8
22,63,0,13
22,64,0,16
22,65,0,-12
22,66,0,1
22,67,0,-15
22,68,0,21
22,69,0,16
22,70,0,7
22,71,0,1
22,72,0,10
22,73,0,-1
22,74,0,-3
22,75,0,-18
22,76,0,-19
22,77,0,1
23,1,0,8
23,2,0,7
23,3,0,-17
23,4,0,3
23,5,0,2
23,6,0,5
23,7,0,28
23,8,0,-14
23,9,0,-2
23,10,0,8
23,11,0,13
23,12,0,-8
23,13,0,13
23,14,0,-12
23,15,0,14
23,16,0,1
23,17,0,20
23,18,0,11
23,19,0,3
23,20,0,15
23,21,0,-5
23,22,0,2
23,23,0,97
23,24,0,-9
23,25,0,17
23,26,0,-10
23,27,0,23
23,28,0,6
23,29,0,-2
23,30,0,-3
23,31,0,2
23,32,0,5
23,33,0,-6
23,34,0,-1
23,35,0,-4
23,36,0,18
23,37,0,10
23,38,0,24
23,39,0,10
23,40,0,-4
23,41,0,-19
23,42,0,15
23,43,0,-6
23,44,0,19
23,45,0,8
23,46,0,-28
23,47,0,4
23,48,0,7
23,49,0,3
23,50,0,10
23,51,0,-5
23,52,0,-9
23,53,0,1
23,54,0,12
23,55,0,-1
23,56,0,6
23,57,0,-8
23,58,0,3
23,59,0,4
23,60,0,4
23,61,0,-24
23,62,0,-7
23,63,0,3
23,64,0,-12
23,65,0,8
23,66,0,-16
23,67,0,14
23,68,0,4
23,69,0,13
23,70,0,-6
23,71,0,14
23,72,0,22
23,73,0,-18
23,74,0,-2
23,75,0,-2
23,76,0,11
23,77,0,11
24,1,0,12
24,3,0,14
24,4,0,5
24,5,0,-15
24,6,0,-4
24,7,0,14
24,8,0,-25
24,9,0,2
24,10,0,19
24,11,0,-5
24,12,0,1
24,13,0,-2
24,14,0,5
24,15,0,-5
24,16,0,-6
24,17,0,4
24,18,0,-17
24,19,0,-9
24,20,0,16
24,21,0,-13
24,22,0,17
24,23,0,-9
24,24,0,109
24,25,0,1
24,27,0,18
24,28,0,5
24,29,0,7
24,30,0,14
24,32,0,-23
24,33,0,-6
24,34,0,-6
24,35,0,-3
24,36,0,-20
24,37,0,-5
24,38,0,-2
24,39,0,11
24,40,0,-5
24,41,0,3
24,42,0,-11
24,43,0,2
24,44,0,-17
24,45,0,-4
24,46,0,4
24,47,0,-5
24,48,0,12
24,49,0,1
24,50,0,13
24,51,0,-10
24,52,0,24
24,53,0,5
24,54,0,-1
24,55,0,1
24,56,0,-16
24,57,0,-14
24,58,0,8
24,59,0,16
24,60,0,13
24,61,0,8
24,62,0,-9
24,63,0,-7
24,64,0,7
24,65,0,7
24,66,0,-6
24,67,0,2
24,68,0,12
24,69,0,-14
24,70,0,-6
24,71,0,-1
24,72,0,-21
24,73,0,-3
24,74,0,-18
24,75,0,4
24,76,0,22
24,77,0,19
25,2,0,9
25,3,0,-6
25,4,0,-1
25,5,0,3
25,6,0,9
25,7,0,3
25,8,0,-10
25,9,0,8
25,10,0,1
25,11,0,-2
25,12,0,-9
25,13,0,-14
25,14,0,-31
25,15,0,24
25,16,0,-8
25,17,0,7
25,18,0,9
25,19,0,-13
25,20,0,5
25,21,0,-2
25,22,0,17
25,23,0,17
25,24,0,1
25,25,0,111
25,27,0,12
25,28,0,14
25,29,0,-6
25,30,0,3
25,31,0,23
25,32,0,6
25,33,0,4
25,34,0,-1
25,35,0,-1
25,36,0,10
25,37,0,-4
25,38,0,2
25,39,0,-20
25,40,0,-3
25,41,0,-7
25,42,0,18
25,44,0,-16
25,45,0,11
25,46,0,-4
25,47,0,11
25,48,0,10
25,49,0,10
25,50,0,-6
25,51,0,8
25,52,0,-28
25,53,0,8
25,54,0,-21
25,55,0,-5
25,56,0,-10
25,57,0,12
25,59,0,3
25,61,0,-6
25,62,0,-13
25,63,0,-9
25,64,0,-9
25,65,0,17
25,66,0,5
25,67,0,12
25,68,0,12
25,69,0,-13
25,70,0,-13
25,71,0,9
25,72,0,-3
25,73,0,-25
25,74,0,16
25,75,0,-17
25,76,0,-1
25,77,0,-10
26,1,0,-10
26,2,0,-6
26,3,0,-5
26,4,0,-26
26,5,0,10
26,6,0,2
26,7,0,-6
26,8,0,9
26,9,0,13
26,10,0,-5
26,11,0,-12
26,12,0,6
26,14,0,-2
26,15,0,1
26,16,0,25
26,17,0,-13
26,18,0,12
26,19,0,-7
26,20,0,-15
26,21,0,-17
26,22,0,11
26,23,0,-10
26,26,0,116
26,27,0,2
26,29,0,3
26,30,0,15
26,32,0,11
26,33,0,14
26,34,0,-11
26,35,0,1
26,36,0,17
26,37,0,-3
26,38,0,-11
26,39,0,-14
26,40,0,6
26,41,0,11
26,42,0,-9
26,43,0,27
26,44,0,-5
26,45,0,4
26,46,0,-1
26,47,0,-8
26,48,0,5
26,49,0,2
26,50,0,-26
26,51,0,-16
26,52,0,12
26,53,0,6
26,54,0,23
26,56,0,-12
26,57,0,6
26,58,0,14
26,59,0,-8
26,60,0,-4
26,61,0,17
26,62,0,19
26,63,0,17
26,64,0,-3
26,65,0,27
26,66,0,24
26,67,0,19
26,68,0,-2
26,69,0,-11
26,70,0,-8
26,71,0,-17
26,72,0,-22
26,73,0,-8
26,74,0,-13
26,75,0,1
26,76,0,-11
26,77,0,9
27,1,0,23
27,2,0,-2
27,3,0,2
27,4,0,12
27,5,0,-5
27,6,0,8
27,7,0,3
27,8,0,9
27,9,0,-17
27,10,0,3
27,11,0,-13
27,12,0,5
27,13,0,5
27,14,0,-14
27,15,0,3
27,16,0,-10
27,17,0,9
27,18,0,8
27,19,0,7
27,20,0,14
27,21,0,-21
27,22,0,9
27,23,0,23
27,24,0,18
27,25,0,12
27,26,0,2
27,27,0,96
27,28,0,1
27,29,0,-2
27,30,0,-16
27,31,0,3
27,32,0,8
27,33,0,3
27,34,0,4
27,35,0,9
27,36,0,4
27,37,0,-1
27,38,0,5
27,39,0,-9
27,40,0,-5
27,41,0,6
27,42,0,5
27,43,0,-18
27,45,0,-3
27,46,0,-17
27,47,0,13
27,48,0,-4
27,49,0,10
27,50,0,4
27,51,0,1
27,52,0,9
27,53,0,-10
27,54,0,8
27,55,0,3
27,56,0,2
27,57,0,-12
27,58,0,-4
27,59,0,8
27,60,0,7
27,61,0,13
27,62,0,3
27,64,0,-3
27,65,0,6
27,66,0,5
27,67,0,-3
27,68,0,-2
27,69,0,-17
27,70,0,-2
27,71,0,-5
27,72,0,-16
27,73,0,-4
27,74,0,4
27,75,0,9
27,76,0,6
27,77,0,-8
28,1,0,-2
28,2,0,1
28,3,0,-18
28,4,0,11
28,5,0,7
28,6,0,19
28,7,0,23
28,8,0,8
28,9,0,19
28,10,0,8
28,11,0,15
28,12,0,23
28,13,0,2
28,14,0,5
28,15,0,-2
28,16,0,23
28,17,0,2
28,18,0,14
28,19,0,-18
28,20,0,-3
28,21,0,-5
28,22,0,20
28,23,0,6
28,24,0,5
28,25,0,14
28,27,0,1
28,28,0,108
28,29,0,-12
28,30,0,18
28,31,0,-2
28,32,0,14
28,33,0,16
28,34,0,3
28,35,0,1
28,36,0,18
28,37,0,-23
28,38,0,20
28,39,0,14
28,40,0,1
28,41,0,27
28,42,0,-26
28,43,0,-12
28,44,0,-12
28,45,0,-2
28,46,0,13
28,47,0,22
28,48,0,3
28,49,0,-6
28,50,0,9
28,51,0,-8
28,52,0,-2
28,53,0,19
28,54,0,6
28,55,0,12
28,56,0,10
28,57,0,3
28,58,0,26
28,59,0,22
28,60,0,-2
28,61,0,13
28,62,0,-12
28,63,0,-18
28,64,0,1
28,65,0,-3
28,66,0,-13
28,67,0,2
28,68,0,-8
28,69,0,-16
28,70,0,-7
28,71,0,7
28,72,0,9
28,73,0,16
28,74,0,-10
28,75,0,7
28,76,0,-7
28,77,0,7
29,1,0,-5
29,2,0,3
29,3,0,32
29,4,0,12
29,5,0,-19
29,6,0,5
29,7,0,13
29,8,0,7
29,9,0,-16
29,10,0,13
29,11,0,-9
29,12,0,-6
29,13,0,-27
29,14,0,10
29,15,0,-3
29,16,0,5
29,17,0,-4
29,18,0,-26
29,19,0,-21
29,20,0,3
29,22,0,-10
29,23,0,-2
29,24,0,7
29,25,0,-6
29,26,0,3
29,27,0,-2
29,28,0,-12
29,29,0,99
29,30,0,-7
29,31,0,-23
29,32,0,5
29,33,0,8
29,34,0,10
29,35,0,22
29,36,0,15
29,37,0,8
29,38,0,8
29,39,0,1
29,40,0,-5
29,41,0,10
29,42,0,-3
29,43,0,-9
29,44,0,7
29,45,0,6
29,46,0,-6
29,47,0,5
29,48,0,6
29,49,0,14
29,50,0,4
29,51,0,-5
29,52,0,5
29,53,0,-3
29,54,0,-5
29,55,0,1
29,56,0,-8
29,57,0,10
29,58,0,3
29,60,0,-15
29,61,0,7
29,62,0,1
29,63,0,2
29,64,0,-5
29,65,0,-6
29,66,0,14
29,67,0,2
29,68,0,20
29,69,0,-10
29,70,0,8
29,71,0,-3
29,72,0,-25
29,73,0,8
29,74,0,-3
29,75,0,-23
29,76,0,2
29,77,0,14
30,1,0,-1
30,2,0,14
30,3,0,-8
30,4,0,23
30,5,0,-7
30,6,0,8
30,7,0,-6
30,8,0,6
30,9,0,21
30,10,0,-17
30,11,0,-21
30,12,0,14
30,13,0,25
30,14,0,-6
30,15,0,-15
30,16,0,2
30,17,0,6
30,19,0,3
30,21,0,-3
30,22,0,42
30,23,0,-3
30,24,0,14
30,25,0,3
30,26,0,15
30,27,0,-16
30,28,0,18
30,29,0,-7
30,30,0,123
30,31,0,-4
30,32,0,-14
30,33,0,-11
30,34,0,-7
30,35,0,2
30,36,0,-1
30,37,0,-33
30,38,0,-16
30,39,0,19
30,40,0,24
30,41,0,1
30,42,0,-10
30,43,0,27
30,44,0,-5
30,45,0,-14
30,46,0,10
30,47,0,7
30,48,0,16
30,49,0,-14
30,50,0,2
30,51,0,5
30,52,0,7
30,53,0,-27
30,56,0,3
30,57,0,-3
30,58,0,22
30,59,0,3
30,60,0,-31
30,61,0,-2
30,62,0,-13
30,63,0,7
30,64,0,-3
30,65,0,-5
30,66,0,8
30,68,0,4
30,69,0,-4
30,70,0,-17
30,71,0,20
30,72,0,-12
30,73,0,-10
30,74,0,-12
30,75,0,-5
30,76,0,-16
30,77,0,10
31,1,0,8
31,2,0,-2
31,3,0,-19
31,4,0,-9
31,5,0,21
31,6,0,21
31,7,0,19
31,8,0,13
31,9,0,1
31,10,0,-19
31,11,0,-24
31,12,0,-9
31,13,0,-6
31,14,0,4
31,15,0,27
31,16,0,-1
31,17,0,11
31,18,0,11
31,19,0,13
31,20,0,-17
31,21,0,-4
31,22,0,-6
31,23,0,2
31,25,0,23
31,27,0,3
31,28,0,-2
31,29,0,-23
31,30,0,-4
31,31,0,119
31,32,0,-7
31,33,0,19
31,34,0,-11
31,35,0,-8
31,36,0,11
31,37,0,5
31,38,0,7
31,39,0,-26
31,40,0,-16
31,41,0,-2
31,42,0,3
31,43,0,8
31,44,0,4
31,45,0,6
31,46,0,-1
31,47,0,5
31,48,0,-9
31,49,0,29
31,50,0,-2
31,51,0,7
31,52,0,-7
31,53,0,26
31,55,0,10
31,56,0,-13
31,57,0,9
31,58,0,-14
31,59,0,-31
31,60,0,3
31,61,0,16
31,62,0,-17
31,63,0,-15
31,64,0,-26
31,65,0,6
31,66,0,20
31,67,0,-14
31,68,0,-10
31,69,0,14
31,70,0,-2
31,71,0,1
31,72,0,18
31,73,0,-1
31,74,0,3
31,75,0,31
31,76,0,-5
31,77,0,-12
32,1,0,-15
32,2,0,-12
32,3,0,11
32,4,0,4
32,5,0,-12
32,6,0,-7
32,7,0,-12
32,8,0,8
32,9,0,-6
32,10,0,9
32,11,0,-4
32,12,0,-8
32,13,0,-31
32,14,0,-5
32,15,0,4
32,16,0,9
32,17,0,-8
32,18,0,15
32,19,0,17
32,20,0,6
32,21,0,-11
32,22,0,-18
32,23,0,5
32,24,0,-23
32,25,0,6
32,26,0,11
32,27,0,8
32,28,0,14
32,29,0,5
32,30,0,-14
32,31,0,-7
32,32,0,120
32,33,0,24
32,34,0,2
32,35,0,-19
32,36,0,15
32,37,0,-12
32,38,0,-10
32,39,0,-3
32,40,0,-15
32,41,0,18
32,42,0,-3
32,43,0,-16
32,45,0,13
32,46,0,-9
32,47,0,-7
32,48,0,-9
32,50,0,16
32,51,0,-18
32,52,0,-3
32,53,0,-11
32,54,0,3
32,55,0,20
32,56,0,19
32,57,0,3
32,58,0,-19
32,59,0,8
32,60,0,-21
32,61,0,41
32,62,0,13
32,63,0,23
32,64,0,-8
32,65,0,10
32,66,0,6
32,67,0,-10
32,68,0,-1
32,69,0,5
32,70,0,-9
32,71,0,13
32,72,0,1
32,73,0,9
32,74,0,2
32,75,0,10
32,76,0,-2
32,77,0,-18
33,1,0,-11
33,2,0,-10
33,3,0,1
33,4,0,-17
33,5,0,8
33,6,0,10
33,7,0,2
33,8,0,11
33,9,0,11
33,10,0,-19
33,11,0,-7
33,12,0,2
33,13,0,-25
33,14,0,2
33,15,0,-5
33,16,0,6
33,17,0,7
33,18,0,-3
33,19,0,3
33,20,0,-18
33,21,0,-6
33,22,0,11
33,23,0,-6
33,24,0,-6
33,25,0,4
33,26,0,14
33,27,0,3
33,28,0,16
33,29,0,8
33,30,0,-11
33,31,0,19
33,32,0,24
33,33,0,115
33,34,0,-4
33,35,0,-8
33,36,0,33
33,37,0,-2
33,38,0,-15
33,39,0,-14
33,40,0,-14
33,41,0,15
33,42,0,-5
33,43,0,-9
33,44,0,6
33,45,0,14
33,46,0,20
33,47,0,13
33,48,0,16
33,49,0,-11
33,50,0,12
33,51,0,-17
33,52,0,-8
33,53,0,25
33,54,0,-18
33,55,0,-8
33,56,0,5
33,57,0,-7
33,58,0,14
33,60,0,-7
33,61,0,29
33,62,0,2
33,63,0,5
33,64,0,12
33,65,0,4
33,66,0,19
33,67,0,22
33,68,0,-14
33,69,0,-14
33,70,0,-20
33,71,0,-17
33,72,0,9
33,73,0,-11
33,74,0,22
33,75,0,6
33,76,0,-8
33,77,0,11
34,1,0,11
34,2,0,-20
34,3,0,22
34,4,0,-9
34,5,0,-5
34,6,0,-12
34,7,0,2
34,8,0,28
34,9,0,-9
34,10,0,11
34,11,0,14
34,12,0,13
34,13,0,-13
34,14,0,3
34,15,0,-24
34,16,0,1
34,17,0,13
34,18,0,-6
34,20,0,17
34,21,0,-20
34,22,0,-9
34,23,0,-1
34,24,0,-6
34,25,0,-1
34,26,0,-11
34,27,0,4
34,28,0,3
34,29,0,10
34,30,0,-7
34,31,0,-11
34,32,0,2
34,33,0,-4
34,34,0,112
34,35,0,14
34,36,0,-3
34,37,0,-20
34,38,0,-19
34,39,0,-2
34,40,0,-5
34,41,0,7
34,42,0,-8
34,43,0,4
34,44,0,-12
34,45,0,12
34,46,0,18
34,47,0,-7
34,48,0,-11
34,49,0,4
34,50,0,-9
34,51,0,11
34,52,0,-29
34,53,0,-15
34,54,0,10
34,55,0,-2
34,56,0,12
34,57,0,25
34,58,0,-6
34,59,0,21
34,60,0,2
34,61,0,2
34,62,0,-7
34,63,0,-5
34,64,0,15
34,65,0,-2
34,66,0,16
34,67,0,25
34,68,0,-13
34,69,0,4
34,70,0,-10
34,71,0,-19
34,72,0,-5
34,73,0,-18
34,74,0,5
34,75,0,1
34,76,0,2
34,77,0,5
35,1,0,32
35,2,0,20
35,3,0,-3
35,4,0,12
35,5,0,-2
35,6,0,-6
35,7,0,19
35,8,0,8
35,9,0,12
35,10,0,8
35,11,0,-2
35,12,0,-3
35,13,0,2
35,14,0,-1
35,15,0,-20
35,16,0,19
35,18,0,-1
35,19,0,2
35,20,0,6
35,21,0,8
35,22,0,-14
35,23,0,-4
35,24,0,-3
35,25,0,-1
35,26,0,1
35,27,0,9
35,28,0,1
35,29,0,22
35,30,0,2
35,31,0,-8
35,32,0,-19
35,33,0,-8
35,34,0,14
35,35,0,111
35,36,0,4
35,37,0,4
35,39,0,6
35,40,0,18
35,41,0,5
35,42,0,13
35,43,0,-16
35,44,0,7
35,45,0,-2
35,46,0,16
35,47,0,6
35,48,0,-10
35,49,0,8
35,50,0,-7
35,51,0,5
35,52,0,-4
35,53,0,4
35,54,0,-10
35,55,0,-14
35,56,0,7
35,57,0,-2
35,58,0,7
35,59,0,-6
35,60,0,4
35,61,0,-26
35,62,0,-13
35,63,0,-5
35,64,0,2
35,66,0,27
35,67,0,-5
35,68,0,7
35,69,0,3
35,70,0,3
35,71,0,2
35,72,0,-18
35,73,0,19
35,74,0,4
35,75,0,6
35,76,0,-18
36,1,0,4
36,2,0,-11
36,3,0,-19
36,4,0,-6
36,5,0,2
36,7,0,-2
36,8,0,9
36,9,0,-2
36,10,0,-22
36,11,0,-13
36,12,0,27
36,13,0,-10
36,14,0,3
36,15,0,4
36,16,0,3
36,17,0,14
36,18,0,18
36,19,0,-3
36,20,0,-6
36,21,0,5
36,22,0,-13
36,23,0,18
36,24,0,-20
36,25,0,10
36,26,0,17
36,27,0,4
36,28,0,18
36,29,0,15
36,30,0,-1
36,31,0,11
36,32,0,15
36,33,0,33
36,34,0,-3
36,35,0,4
36,36,0,113
36,37,0,-1
36,38,0,8
36,39,0,-13
36,40,0,9
36,41,0,19
36,42,0,16
36,43,0,4
36,44,0,18
36,46,0,2
36,47,0,-4
36,48,0,7
36,49,0,24
36,50,0,1
36,51,0,-2
36,52,0,1
36,53,0,34
36,54,0,1
36,55,0,-17
36,56,0,6
36,57,0,-4
36,58,0,8
36,59,0,-7
36,60,0,-9
36,61,0,17
36,62,0,7
36,63,0,-3
36,64,0,8
36,65,0,18
36,66,0,1
36,67,0,20
36,68,0,-5
36,69,0,9
36,70,0,-3
36,71,0,-9
36,72,0,10
36,73,0,-4
36,75,0,13
36,76,0,-2
36,77,0,8
37,1,0,12
37,2,0,-2
37,3,0,-14
37,4,0,1
37,6,0,22
37,7,0,-29
37,8,0,-4
37,9,0,-7
37,10,0,16
37,11,0,3
37,12,0,-24
37,13,0,28
37,14,0,-1
37,15,0,2
37,16,0,2
37,17,0,-5
37,18,0,15
37,19,0,-19
37,20,0,23
37,21,0,11
37,22,0,-26
37,23,0,10
37,24,0,-5
37,25,0,-4
37,26,0,-3
37,27,0,-1
37,28,0,-23
37,29,0,8
37,30,0,-33
37,31,0,5
37,32,0,-12
37,33,0,-2
37,34,0,-20
37,35,0,4
37,36,0,-1
37,37,0,104
37,38,0,20
37,39,0,15
37,40,0,2
37,41,0,-12
37,42,0,20
37,43,0,-7
37,44,0,13
37,45,0,27
37,46,0,5
37,47,0,22
37,49,0,19
37,50,0,17
37,51,0,9
37,52,0,15
37,53,0,5
37,54,0,-26
37,55,0,-2
37,56,0,-2
37,57,0,7
37,58,0,-1
37,59,0,7
37,60,0,11
37,61,0,8
37,62,0,-9
37,63,0,-1
37,64,0,-17
37,65,0,9
37,66,0,-17
37,67,0,-2
37,68,0,6
37,69,0,1
37,71,0,-8
37,72,0,-5
37,75,0,10
37,76,0,-2
37,77,0,1
38,1,0,9
38,2,0,-5
38,3,0,-32
38,4,0,-6
38,5,0,6
38,6,0,11
38,7,0,15
38,8,0,5
38,9,0,-13
38,10,0,-6
38,11,0,19
38,12,0,-12
38,13,0,29
38,14,0,-18
38,15,0,1
38,16,0,13
38,17,0,-4
38,18,0,-2
38,19,0,-17
38,20,0,-1
38,21,0,17
38,22,0,9
38,23,0,24
38,24,0,-2
38,25,0,2
38,26,0,-11
38,27,0,5
38,28,0,20
38,29,0,8
38,30,0,-16
38,31,0,7
38,32,0,-10
38,33,0,-15
38,34,0,-19
38,36,0,8
38,37,0,20
38,38,0,121
38,39,0,8
38,41,0,27
38,42,0,30
38,43,0,-7
38,44,0,12
38,45,0,-17
38,46,0,-3
38,47,0,-2
38,48,0,-4
38,49,0,7
38,50,0,37
38,52,0,-5
38,53,0,-14
38,54,0,-13
38,55,0,20
38,56,0,-10
38,57,0,-7
38,58,0,-11
38,59,0,-19
38,61,0,-13
38,62,0,5
38,63,0,1
38,64,0,4
38,65,0,-1
38,66,0,14
38,67,0,-27
38,68,0,10
38,69,0,25
38,70,0,24
38,71,0,4
38,72,0,-1
38,73,0,13
38,74,0,-10
38,75,0,-9
38,76,0,-8
38,77,0,2
39,1,0,-2
39,2,0,2
39,3,0,-11
39,4,0,20
39,5,0,-20
39,6,0,11
39,7,0,-5
39,8,0,5
39,9,0,-2
39,10,0,-11
39,11,0,7
39,12,0,-31
39,13,0,16
39,14,0,-15
39,15,0,-19
39,16,0,21
39,17,0,-6
39,18,0,-16
39,19,0,-15
39,20,0,11
39,21,0,9
39,22,0,-3
39,23,0,10
39,24,0,11
39,25,0,-20
39,26,0,-14
39,27,0,-9
39,28,0,14
39,29,0,1
39,30,0,19
39,31,0,-26
39,32,0,-3
39,33,0,-14
39,34,0,-2
39,35,0,6
39,36,0,-13
39,37,0,15
39,38,0,8
39,39,0,117
39,40,0,23
39,41,0,2
39,42,0,6
39,43,0,-11
39,44,0,20
39,45,0,-5
39,46,0,5
39,47,0,23
39,48,0,-23
39,49,0,-16
39,50,0,29
39,51,0,19
39,52,0,12
39,54,0,-4
39,55,0,6
39,56,0,19
39,57,0,-19
39,58,0,-9
39,59,0,18
39,60,0,-15
39,61,0,11
39,62,0,-11
39,63,0,-21
39,64,0,9
39,65,0,-11
39,66,0,-15
39,67,0,-14
39,68,0,1
39,69,0,1
39,70,0,-8
39,71,0,16
39,72,0,-14
39,73,0,2
39,74,0,-3
39,75,0,5
39,76,0,-9
39,77,0,12
40,1,0,-1
40,2,0,10
40,3,0,-3
40,4,0,-3
40,5,0,3
40,6,0,-1
40,7,0,20
40,8,0,-18
40,9,0,30
40,10,0,-17
40,11,0,-13
40,12,0,-5
40,13,0,3
40,14,0,2
40,15,0,-17
40,16,0,19
40,17,0,6
40,18,0,15
40,19,0,-21
40,20,0,-26
40,21,0,2
40,22,0,-8
40,23,0,-4
40,24,0,-5
40,25,0,-3
40,26,0,6
40,27,0,-5
40,28,0,1
40,29,0,-5
40,30,0,24
40,31,0,-16
40,32,0,-15
40,33,0,-14
40,34,0,-5
40,35,0,18
40,36,0,9
40,37,0,2
40,39,0,23
40,40,0,119
40,41,0,18
40,42,0,3
40,43,0,-1
40,44,0,-10
40,45,0,-41
40,46,0,8
40,47,0,-9
40,48,0,-15
40,49,0,6
40,50,0,-8
40,51,0,20
40,52,0,14
40,53,0,-14
40,54,0,5
40,55,0,9
40,56,0,18
40,57,0,20
40,58,0,-8
40,59,0,-11
40,60,0,-18
40,61,0,6
40,62,0,7
40,63,0,-9
40,64,0,17
40,65,0,6
40,66,0,8
40,67,0,-11
40,68,0,-2
40,69,0,8
40,70,0,-4
40,71,0,-10
40,72,0,-23
40,73,0,-16
40,74,0,1
40,75,0,11
40,76,0,-11
40,77,0,-3
41,1,0,3
41,2,0,-13
41,3,0,10
41,4,0,-27
41,5,0,6
41,6,0,2
41,7,0,5
41,8,0,14
41,9,0,9
41,10,0,-18
41,11,0,-17
41,12,0,2
41,13,0,-6
41,14,0,-18
41,15,0,9
41,16,0,34
41,17,0,2
41,18,0,19
41,19,0,4
41,20,0,-8
41,21,0,3
41,22,0,13
41,23,0,-19
41,24,0,3
41,25,0,-7
41,26,0,11
41,27,0,6
41,28,0,27
41,29,0,10
41,30,0,1
41,31,0,-2
41,32,0,18
41,33,0,15
41,34,0,7
41,35,0,5
41,36,0,19
41,37,0,-12
41,38,0,27
41,39,0,2
41,40,0,18
41,41,0,116
41,42,0,16
41,44,0,-24
41,46,0,20
41,47,0,7
41,48,0,15
41,49,0,-14
41,50,0,12
41,51,0,-13
41,52,0,-3
41,53,0,5
41,54,0,3
41,55,0,23
41,56,0,4
41,57,0,17
41,58,0,-11
41,59,0,6
41,60,0,-8
41,61,0,31
41,62,0,12
41,63,0,8
41,64,0,25
41,65,0,5
41,66,0,19
41,67,0,-11
41,68,0,-5
41,69,0,5
41,70,0,12
41,71,0,-3
41,72,0,-6
41,73,0,11
41,74,0,-18
41,75,0,-3
41,76,0,-6
41,77,0,16
42,1,0,13
42,2,0,5
42,3,0,-28
42,4,0,8
42,5,0,8
42,6,0,-1
42,7,0,-10
42,8,0,27
42,9,0,12
42,10,0,-26
42,11,0,-28
42,12,0,-9
42,13,0,23
42,14,0,-22
42,15,0,-7
42,16,0,-1
42,17,0,9
42,18,0,-2
42,20,0,-3
42,21,0,22
42,22,0,-8
42,23,0,15
42,24,0,-11
42,25,0,18
42,26,0,-9
42,27,0,5
42,28,0,-26
42,29,0,-3
42,30,0,-10
42,31,0,3
42,32,0,-3
42,33,0,-5
42,34,0,-8
42,35,0,13
42,36,0,16
42,37,0,20
42,38,0,30
42,39,0,6
42,40,0,3
42,41,0,16
42,42,0,107
42,43,0,5
42,44,0,13
42,45,0,-6
42,46,0,9
42,47,0,12
42,48,0,4
42,49,0,-3
42,50,0,11
42,51,0,5
42,52,0,-7
42,54,0,-14
42,55,0,-10
42,56,0,6
42,57,0,28
42,58,0,-21
42,59,0,5
42,60,0,-23
42,61,0,-16
42,62,0,-19
42,63,0,19
42,64,0,15
42,65,0,-2
42,66,0,12
42,67,0,-7
42,68,0,7
42,69,0,12
42,70,0,-1
42,71,0,12
42,72,0,-13
42,73,0,-6
42,74,0,1
42,75,0,-15
42,76,0,17
42,77,0,33
43,1,0,3
43,2,0,2
43,3,0,-22
43,4,0,-16
43,5,0,5
43,6,0,-6
43,7,0,18
43,8,0,-2
43,9,0,9
43,10,0,-3
43,11,0,-6
43,12,0,17
43,13,0,8
43,14,0,-9
43,15,0,-16
43,16,0,-16
43,17,0,15
43,18,0,-10
43,19,0,3
43,20,0,-18
43,21,0,-5
43,22,0,21
43,23,0,-6
43,24,0,2
43,26,0,27
43,27,0,-18
43,28,0,-12
43,29,0,-9
43,30,0,27
43,31,0,8
43,32,0,-16
43,33,0,-9
43,34,0,4
43,35,0,-16
43,36,0,4
43,37,0,-7
43,38,0,-7
43,39,0,-11
43,40,0,-1
43,42,0,5
43,43,0,113
43,44,0,4
43,45,0,15
43,46,0,21
43,47,0,-8
43,48,0,8
43,49,0,8
43,50,0,-14
43,51,0,5
43,52,0,-11
43,53,0,-21
43,54,0,26
43,55,0,-1
43,56,0,-2
43,57,0,-14
43,58,0,4
43,59,0,-9
43,60,0,-23
43,61,0,-4
43,62,0,-1
43,63,0,15
43,64,0,4
43,65,0,7
43,66,0,6
43,67,0,9
43,69,0,14
43,70,0,7
43,71,0,-16
43,72,0,-2
43,73,0,-3
43,74,0,-7
43,75,0,-16
43,76,0,4
43,77,0,32
44,1,0,13
44,2,0,-6
44,3,0,-12
44,4,0,8
44,5,0,-6
44,6,0,3
44,7,0,4
44,8,0,-13
44,9,0,-14
44,10,0,-3
44,11,0,29
44,12,0,12
44,13,0,-2
44,14,0,5
44,15,0,-3
44,16,0,-5
44,17,0,-5
44,18,0,-24
44,19,0,-7
44,20,0,10
44,21,0,7
44,22,0,-1
44,23,0,19
44,24,0,-17
44,25,0,-16
44,26,0,-5
44,28,0,-12
44,29,0,7
44,30,0,-5
44,31,0,4
44,33,0,6
44,34,0,-12
44,35,0,7
44,36,0,18
44,37,0,13
44,38,0,12
44,39,0,20
44,40,0,-10
44,41,0,-24
44,42,0,13
44,43,0,4
44,44,0,104
44,45,0,-14
44,46,0,-12
44,47,0,1
44,48,0,-17
44,49,0,4
44,50,0,-4
44,51,0,1
44,52,0,11
44,53,0,5
44,55,0,-2
44,56,0,4
44,57,0,-10
44,58,0,7
44,59,0,-1
44,60,0,-6
44,61,0,-2
44,62,0,-16
44,63,0,-12
44,64,0,1
44,65,0,-9
44,66,0,-3
44,67,0,-25
44,68,0,4
44,69,0,30
44,70,0,8
44,71,0,5
44,72,0,16
44,73,0,11
44,74,0,18
44,75,0,8
44,76,0,-3
44,77,0,-9
45,1,0,-2
45,2,0,2
45,3,0,19
45,4,0,-5
45,5,0,-21
45,6,0,5
45,7,0,-11
45,8,0,-18
45,9,0,-22
45,10,0,11
45,11,0,14
45,13,0,3
45,14,0,5
45,15,0,-10
45,16,0,-8
45,17,0,3
45,18,0,-9
45,19,0,10
45,20,0,14
45,21,0,-7
45,22,0,-10
45,23,0,8
45,24,0,-4
45,25,0,11
45,26,0,4
45,27,0,-3
45,28,0,-2
45,29,0,6
45,30,0,-14
45,31,0,6
45,32,0,13
45,33,0,14
45,34,0,12
45,35,0,-2
45,37,0,27
45,38,0,-17
45,39,0,-5
45,40,0,-41
45,42,0,-6
45,43,0,15
45,44,0,-14
45,45,0,111
45,46,0,4
45,47,0,6
45,48,0,6
45,49,0,-2
45,50,0,12
45,51,0,-21
45,52,0,-26
45,53,0,2
45,54,0,-8
45,55,0,3
45,56,0,13
45,57,0,-11
45,58,0,5
45,59,0,11
45,60,0,14
45,61,0,10
45,62,0,7
45,63,0,-5
45,64,0,-6
45,65,0,10
45,66,0,-5
45,67,0,19
45,68,0,12
45,69,0,6
45,70,0,-2
45,71,0,4
45,72,0,1
45,73,0,-7
45,74,0,-18
45,75,0,-13
45,76,0,-8
45,77,0,-2
46,1,0,27
46,2,0,5
46,3,0,-3
46,4,0,-16
46,6,0,-1
46,8,0,16
46,9,0,19
46,10,0,-11
46,11,0,-10
46,12,0,17
46,13,0,15
46,14,0,-8
46,15,0,-3
46,16,0,7
46,17,0,7
46,18,0,-2
46,19,0,4
46,20,0,-20
46,21,0,-6
46,22,0,5
46,23,0,-28
46,24,0,4
46,25,0,-4
46,26,0,-1
46,27,0,-17
46,28,0,13
46,29,0,-6
46,30,0,10
46,31,0,-1
46,32,0,-9
46,33,0,20
46,34,0,18
46,35,0,16
46,36,0,2
46,37,0,5
46,38,0,-3
46,39,0,5
46,40,0,8
46,41,0,20
46,42,0,9
46,43,0,21
46,44,0,-12
46,45,0,4
46,46,0,105
46,47,0,12
46,48,0,15
46,49,0,-10
46,50,0,23
46,51,0,-3
46,52,0,-18
46,53,0,1
46,54,0,-17
46,55,0,2
46,56,0,25
46,57,0,21
46,58,0,16
46,59,0,3
46,60,0,9
46,61,0,-4
46,62,0,18
46,63,0,2
46,64,0,46
46,65,0,11
46,66,0,15
46,67,0,-31
46,68,0,1
46,69,0,-2
46,70,0,-12
46,71,0,-5
46,72,0,-17
46,73,0,-5
46,74,0,10
46,75,0,1
46,76,0,-10
46,77,0,20
47,1,0,-10
47,2,0,24
47,3,0,-11
47,4,0,2
47,5,0,27
47,6,0,19
47,7,0,-1
47,8,0,21
47,9,0,3
47,10,0,-3
47,11,0,5
47,12,0,-11
47,13,0,18
47,14,0,11
47,15,0,13
47,16,0,16
47,17,0,-4
47,18,0,-12
47,19,0,-16
47,20,0,-7
47,21,0,-6
47,22,0,-8
47,23,0,4
47,24,0,-5
47,25,0,11
47,26,0,-8
47,27,0,13
47,28,0,22
47,29,0,5
47,30,0,7
47,31,0,5
47,32,0,-7
47,33,0,13
47,34,0,-7
47,35,0,6
47,36,0,-4
47,37,0,22
47,38,0,-2
47,39,0,23
47,40,0,-9
47,41,0,7
47,42,0,12
47,43,0,-8
47,44,0,1
47,45,0,6
47,46,0,12
47,47,0,115
47,48,0,11
47,49,0,3
47,50,0,-1
47,51,0,-3
47,52,0,7
47,53,0,10
47,54,0,16
47,55,0,10
47,56,0,-3
47,57,0,-9
47,58,0,18
47,59,0,18
47,60,0,-5
47,61,0,22
47,62,0,-22
47,64,0,-19
47,65,0,12
47,66,0,-11
47,67,0,11
47,68,0,18
47,69,0,-34
47,70,0,1
47,71,0,24
47,72,0,-9
47,74,0,-5
47,75,0,-4
47,76,0,-2
47,77,0,21
48,1,0,-15
48,2,0,-1
48,3,0,-3
48,4,0,-27
48,5,0,24
48,6,0,-10
48,7,0,-2
48,8,0,-4
48,9,0,10
48,10,0,-21
48,11,0,-11
48,12,0,32
48,13,0,20
48,14,0,10
48,15,0,-3
48,16,0,-3
48,17,0,27
48,18,0,14
48,19,0,1
48,20,0,7
48,21,0,-8
48,22,0,18
48,23,0,7
48,24,0,12
48,25,0,10
48,26,0,5
48,27,0,-4
48,28,0,3
48,29,0,6
48,30,0,16
48,31,0,-9
48,32,0,-9
48,33,0,16
48,34,0,-11
48,35,0,-10
48,36,0,7
48,38,0,-4
48,39,0,-23
48,40,0,-15
48,41,0,15
48,42,0,4
48,43,0,8
48,44,0,-17
48,45,0,6
48,46,0,15
48,47,0,11
48,48,0,116
48,49,0,-14
48,50,0,12
48,51,0,5
48,52,0,3
48,53,0,1
48,54,0,-20
48,55,0,-7
48,56,0,-2
48,57,0,13
48,58,0,32
48,59,0,16
48,60,0,21
48,61,0,1
48,62,0,-14
48,63,0,29
48,64,0,6
48,65,0,8
48,66,0,-8
48,67,0,-2
48,68,0,16
48,69,0,-12
48,70,0,-12
48,71,0,12
48,72,0,8
48,73,0,-15
48,74,0,-12
48,75,0,-14
48,76,0,6
48,77,0,27
49,1,0,16
49,2,0,6
49,3,0,-9
49,4,0,-2
49,5,0,-3
49,6,0,21
49,7,0,29
49,8,0,13
49,9,0,-17
49,10,0,25
49,11,0,-10
49,12,0,-7
49,13,0,4
49,14,0,7
49,15,0,-16
49,16,0,-10
49,17,0,11
49,18,0,15
49,19,0,3
49,20,0,13
49,21,0,-15
49,22,0,-21
49,23,0,3
49,24,0,1
49,25,0,10
49,26,0,2
49,27,0,10
49,28,0,-6
49,29,0,14
49,30,0,-14
49,31,0,29
49,33,0,-11
49,34,0,4
49,35,0,8
49,36,0,24
49,37,0,19
49,38,0,7
49,39,0,-16
49,40,0,6
49,41,0,-14
49,42,0,-3
49,43,0,8
49,44,0,4
49,45,0,-2
49,46,0,-10
49,47,0,3
49,48,0,-14
49,49,0,106
49,50,0,-16
49,51,0,21
49,52,0,-2
49,53,0,4
49,54,0,21
49,55,0,-3
49,56,0,-16
49,57,0,7
49,58,0,-14
49,59,0,-12
49,60,0,7
49,61,0,9
49,62,0,-11
49,63,0,-13
49,64,0,-27
49,65,0,-4
49,66,0,-3
49,67,0,-11
49,68,0,-20
49,69,0,-8
49,70,0,-11
49,71,0,-7
49,72,0,-6
49,73,0,-9
49,74,0,7
49,75,0,-16
49,76,0,-29
49,77,0,7
50,1,0,8
50,2,0,-5
50,3,0,2
50,4,0,-1
50,5,0,-13
50,6,0,11
50,7,0,-2
50,8,0,-3
50,9,0,-4
50,10,0,-16
50,11,0,-4
50,12,0,-10
50,13,0,15
50,15,0,-4
50,16,0,4
50,18,0,-14
50,19,0,10
50,20,0,10
50,21,0,10
50,22,0,19
50,23,0,10
50,24,0,13
50,25,0,-6
50,26,0,-26
50,27,0,4
50,28,0,9
50,29,0,4
50,30,0,2
50,31,0,-2
50,32,0,16
50,33,0,12
50,34,0,-9
50,35,0,-7
50,36,0,1
50,37,0,17
50,38,0,37
50,39,0,29
50,40,0,-8
50,41,0,12
50,42,0,11
50,43,0,-14
50,44,0,-4
50,45,0,12
50,46,0,23
50,47,0,-1
50,48,0,12
50,49,0,-16
50,50,0,109
50,51,0,23
50,52,0,12
50,53,0,-4
50,54,0,-21
50,55,0,6
50,56,0,6
50,57,0,10
50,58,0,-7
50,59,0,16
50,61,0,-7
50,62,0,-10
50,63,0,8
50,64,0,31
50,65,0,-7
50,66,0,-16
50,67,0,-21
50,68,0,22
50,69,0,12
50,70,0,-6
50,71,0,10
50,72,0,3
50,73,0,10
50,74,0,-24
50,75,0,6
50,76,0,-7
50,77,0,6
51,1,0,10
51,2,0,6
51,3,0,-18
51,4,0,1
51,6,0,7
51,7,0,7
51,8,0,3
51,9,0,8
51,10,0,-20
51,11,0,4
51,12,0,-23
51,13,0,7
51,14,0,-7
51,15,0,-10
51,16,0,12
51,17,0,17
51,18,0,11
51,19,0,-19
51,20,0,2
51,21,0,23
51,22,0,2
51,23,0,-5
51,24,0,-10
51,25,0,8
51,26,0,-16
51,27,0,1
51,28,0,-8
51,29,0,-5
51,30,0,5
51,31,0,7
51,32,0,-18
51,33,0,-17
51,34,0,11
51,35,0,5
51,36,0,-2
51,37,0,9
51,39,0,19
51,40,0,20
51,41,0,-13
51,42,0,5
51,43,0,5
51,44,0,1
51,45,0,-21
51,46,0,-3
51,47,0,-3
51,48,0,5
51,49,0,21
51,50,0,23
51,51,0,113
51,52,0,11
51,53,0,-8
51,54,0,10
51,55,0,-23
51,56,0,-17
51,57,0,10
51,58,0,-1
51,59,0,11
51,60,0,-12
51,61,0,-21
51,62,0,-13
51,63,0,-9
51,64,0,17
51,65,0,-4
51,66,0,10
51,67,0,-2
51,68,0,-12
51,69,0,3
51,70,0,-11
51,71,0,-9
51,72,0,-2
51,73,0,-12
51,74,0,12
51,75,0,-5
51,76,0,-7
51,77,0,6
52,1,0,-14
52,2,0,4
52,3,0,8
52,4,0,-8
52,5,0,16
52,6,0,10
52,7,0,-13
52,8,0,-10
52,9,0,4
52,10,0,3
52,11,0,-15
52,12,0,-16
52,13,0,25
52,14,0,6
52,15,0,-9
52,16,0,19
52,17,0,-23
52,18,0,-9
52,19,0,-13
52,20,0,10
52,21,0,-5
52,22,0,1
52,23,0,-9
52,24,0,24
52,25,0,-28
52,26,0,12
52,27,0,9
52,28,0,-2
52,29,0,5
52,30,0,7
52,31,0,-7
52,32,0,-3
52,33,0,-8
52,34,0,-29
52,35,0,-4
52,36,0,1
52,37,0,15
52,38,0,-5
52,39,0,12
52,40,0,14
52,41,0,-3
52,42,0,-7
52,43,0,-11
52,44,0,11
52,45,0,-26
52,46,0,-18
52,47,0,7
52,48,0,3
52,49,0,-2
52,50,0,12
52,51,0,11
52,52,0,110
52,53,0,9
52,54,0,6
52,55,0,10
52,56,0,-16
52,57,0,-12
52,58,0,-7
52,59,0,5
52,60,0,1
52,62,0,-9
52,63,0,7
52,64,0,-5
52,65,0,7
52,66,0,-14
52,67,0,8
52,68,0,-1
52,69,0,-20
52,70,0,-1
52,71,0,11
52,72,0,-6
52,73,0,14
52,74,0,-23
52,75,0,17
52,76,0,19
52,77,0,2
53,1,0,-16
53,3,0,-15
53,4,0,-15
53,5,0,10
53,6,0,-1
53,7,0,-14
53,8,0,-15
53,9,0,-14
53,10,0,-4
53,11,0,-22
53,12,0,-2
53,13,0,4
53,14,0,13
53,15,0,20
53,16,0,7
53,17,0,1
53,18,0,17
53,19,0,-7
53,20,0,-9
53,21,0,-6
53,22,0,-19
53,23,0,1
53,24,0,5
53,25,0,8
53,26,0,6
53,27,0,-10
53,28,0,19
53,29,0,-3
53,30,0,-27
53,31,0,26
53,32,0,-11
53,33,0,25
53,34,0,-15
53,35,0,4
53,36,0,34
53,37,0,5
53,38,0,-14
53,40,0,-14
53,41,0,5
53,43,0,-21
53,44,0,5
53,45,0,2
53,46,0,1
53,47,0,10
53,48,0,1
53,49,0,4
53,50,0,-4
53,51,0,-8
53,52,0,9
53,53,0,115
53,54,0,-4
53,55,0,-23
53,56,0,-14
53,57,0,2
53,58,0,15
53,59,0,10
53,60,0,20
53,61,0,-1
53,63,0,-7
53,64,0,-14
53,65,0,10
53,66,0,-6
53,67,0,14
53,68,0,-14
53,69,0,-13
53,70,0,-22
53,71,0,10
53,72,0,-6
53,73,0,13
53,74,0,-3
53,75,0,27
53,76,0,6
53,77,0,1
54,1,0,-12
54,2,0,-5
54,3,0,1
54,4,0,14
54,5,0,6
54,6,0,-2
54,7,0,26
54,8,0,22
54,9,0,9
54,10,0,5
54,11,0,7
54,12,0,13
54,13,0,-16
54,14,0,9
54,15,0,4
54,16,0,13
54,18,0,4
54,19,0,-11
54,20,0,-9
54,21,0,-17
54,22,0,-1
54,23,0,12
54,24,0,-1
54,25,0,-21
54,26,0,23
54,27,0,8
54,28,0,6
54,29,0,-5
54,32,0,3
54,33,0,-18
54,34,0,10
54,35,0,-10
54,36,0,1
54,37,0,-26
54,38,0,-13
54,39,0,-4
54,40,0,5
54,41,0,3
54,42,0,-14
54,43,0,26
54,45,0,-8
54,46,0,-17
54,47,0,16
54,48,0,-20
54,49,0,21
54,50,0,-21
54,51,0,10
54,52,0,6
54,53,0,-4
54,54,0,113
54,55,0,10
54,56,0,4
54,57,0,-17
54,58,0,-7
54,59,0,8
54,60,0,-12
54,61,0,-3
54,62,0,7
54,63,0,7
54,65,0,16
54,66,0,4
54,67,0,23
54,68,0,7
54,69,0,18
54,70,0,2
54,71,0,-12
54,72,0,-12
54,73,0,-5
54,74,0,-11
54,75,0,-7
54,76,0,2
54,77,0,1
55,1,0,8
55,2,0,-5
55,3,0,14
55,4,0,4
55,5,0,-9
55,6,0,29
55,7,0,12
55,8,0,20
55,9,0,8
55,10,0,11
55,11,0,9
55,12,0,-4
55,13,0,10
55,14,0,1
55,15,0,7
55,16,0,18
55,17,0,-8
55,18,0,-3
55,19,0,9
55,20,0,6
55,21,0,-16
55,22,0,25
55,23,0,-1
55,24,0,1
55,25,0,-5
55,27,0,3
55,28,0,12
55,29,0,1
55,31,0,10
55,32,0,20
55,33,0,-8
55,34,0,-2
55,35,0,-14
55,36,0,-17
55,37,0,-2
55,38,0,20
55,39,0,6
55,40,0,9
55,41,0,23
55,42,0,-10
55,43,0,-1
55,44,0,-2
55,45,0,3
55,46,0,2
55,47,0,10
55,48,0,-7
55,49,0,-3
55,50,0,6
55,51,0,-23
55,52,0,10
55,53,0,-23
55,54,0,10
55,55,0,110
55,56,0,17
55,57,0,11
55,58,0,-22
55,59,0,-9
55,60,0,5
55,61,0,15
55,62,0,-2
55,63,0,-2
55,64,0,-6
55,65,0,-10
55,66,0,12
55,67,0,-38
55,68,0,10
55,69,0,23
55,70,0,35
55,71,0,19
55,72,0,-5
55,73,0,14
55,74,0,-9
55,75,0,4
55,76,0,2
55,77,0,-3
56,1,0,16
56,2,0,6
56,3,0,-9
56,4,0,11
56,5,0,-20
56,7,0,17
56,8,0,23
56,9,0,-17
56,10,0,-6
56,11,0,-3
56,12,0,20
56,13,0,-9
56,14,0,5
56,15,0,-3
56,16,0,-5
56,17,0,6
56,18,0,10
56,19,0,12
56,20,0,-3
56,21,0,15
56,22,0,1
56,23,0,6
56,24,0,-16
56,25,0,-10
56,26,0,-12
56,27,0,2
56,28,0,10
56,29,0,-8
56,30,0,3
56,31,0,-13
56,32,0,19
56,33,0,5
56,34,0,12
56,35,0,7
56,36,0,6
56,37,0,-2
56,38,0,-10
56,39,0,19
56,40,0,18
56,41,0,4
56,42,0,6
56,43,0,-2
56,44,0,4
56,45,0,13
56,46,0,25
56,47,0,-3
56,48,0,-2
56,49,0,-16
56,50,0,6
56,51,0,-17
56,52,0,-16
56,53,0,-14
56,54,0,4
56,55,0,17
56,56,0,115
56,57,0,9
56,58,0,-17
56,59,0,-4
56,60,0,4
56,61,0,-3
56,62,0,3
56,63,0,-2
56,64,0,21
56,65,0,9
56,66,0,2
56,67,0,-18
56,69,0,1
56,70,0,-16
56,71,0,-16
56,72,0,-10
56,73,0,8
56,74,0,-9
56,75,0,-7
56,76,0,-19
56,77,0,-24
57,1,0,16
57,2,0,1
57,4,0,-7
57,5,0,10
57,6,0,15
57,7,0,17
57,8,0,29
57,9,0,-2
57,10,0,11
57,11,0,-15
57,12,0,13
57,13,0,14
57,15,0,10
57,16,0,6
57,17,0,11
57,18,0,3
57,19,0,-5
57,20,0,2
57,22,0,-4
57,23,0,-8
57,24,0,-14
57,25,0,12
57,26,0,6
57,27,0,-12
57,28,0,3
57,29,0,10
57,30,0,-3
57,31,0,9
57,32,0,3
57,33,0,-7
57,34,0,25
57,35,0,-2
57,36,0,-4
57,37,0,7
57,38,0,-7
57,39,0,-19
57,40,0,20
57,41,0,17
57,42,0,28
57,43,0,-14
57,44,0,-10
57,45,0,-11
57,46,0,21
57,47,0,-9
57,48,0,13
57,49,0,7
57,50,0,10
57,51,0,10
57,52,0,-12
57,53,0,2
57,54,0,-17
57,55,0,11
57,56,0,9
57,57,0,125
57,58,0,-6
57,59,0,-4
57,60,0,5
57,61,0,4
57,62,0,-11
57,63,0,-12
57,64,0,21
57,65,0,-17
57,66,0,6
57,67,0,-15
57,68,0,16
57,69,0,-12
57,70,0,1
57,71,0,16
57,72,0,1
57,73,0,-20
57,74,0,4
57,75,0,-14
57,76,0,-11
57,77,0,2
58,1,0,-15
58,2,0,-10
58,3,0,3
58,4,0,-31
58,5,0,-4
58,6,0,4
58,7,0,-8
58,8,0,-31
58,9,0,8
58,10,0,1
58,11,0,33
58,12,0,29
58,13,0,-12
58,14,0,6
58,15,0,-18
58,16,0,1
58,17,0,3
58,18,0,4
58,19,0,9
58,20,0,5
58,21,0,-7
58,22,0,8
58,23,0,3
58,24,0,8
58,26,0,14
58,27,0,-4
58,28,0,26
58,29,0,3
58,30,0,22
58,31,0,-14
58,32,0,-19
58,33,0,14
58,34,0,-6
58,35,0,7
58,36,0,8
58,37,0,-1
58,38,0,-11
58,39,0,-9
58,40,0,-8
58,41,0,-11
58,42,0,-21
58,43,0,4
58,44,0,7
58,45,0,5
58,46,0,16
58,47,0,18
58,48,0,32
58,49,0,-14
58,50,0,-7
58,51,0,-1
58,52,0,-7
58,53,0,15
58,54,0,-7
58,55,0,-22
58,56,0,-17
58,57,0,-6
58,58,0,108
58,59,0,30
58,60,0,13
58,61,0,-10
58,62,0,1
58,63,0,-5
58,64,0,-10
58,65,0,26
58,66,0,-3
58,67,0,6
58,68,0,13
58,69,0,-15
58,70,0,16
58,71,0,-1
58,72,0,-7
58,73,0,-5
58,74,0,4
58,75,0,8
58,76,0,-7
58,77,0,20
59,1,0,-17
59,2,0,6
59,3,0,4
59,4,0,6
59,6,0,-17
59,7,0,-12
59,8,0,-10
59,9,0,11
59,10,0,17
59,11,0,5
59,12,0,5
59,14,0,-15
59,15,0,-20
59,16,0,9
59,17,0,8
59,18,0,-1
59,19,0,-5
59,20,0,9
59,21,0,6
59,22,0,23
59,23,0,4
59,24,0,16
59,25,0,3
59,26,0,-8
59,27,0,8
59,28,0,22
59,30,0,3
59,31,0,-31
59,32,0,8
59,34,0,21
59,35,0,-6
59,36,0,-7
59,37,0,7
59,38,0,-19
59,39,0,18
59,40,0,-11
59,41,0,6
59,42,0,5
59,43,0,-9
59,44,0,-1
59,45,0,11
59,46,0,3
59,47,0,18
59,48,0,16
59,49,0,-12
59,50,0,16
59,51,0,11
59,52,0,5
59,53,0,10
59,54,0,8
59,55,0,-9
59,56,0,-4
59,57,0,-4
59,58,0,30
59,59,0,127
59,60,0,-14
59,61,0,-15
59,62,0,-27
59,63,0,9
59,64,0,-17
59,65,0,-8
59,66,0,-18
59,67,0,18
59,68,0,-8
59,69,0,5
59,70,0,-11
59,71,0,2
59,72,0,-16
59,73,0,-11
59,74,0,-17
59,75,0,16
59,76,0,9
59,77,0,-1
60,1,0,3
60,2,0,-34
60,3,0,19
60,4,0,-26
60,5,0,3
60,6,0,16
60,7,0,11
60,8,0,-1
60,9,0,-18
60,10,0,-6
60,11,0,18
60,12,0,-6
60,13,0,13
60,14,0,10
60,15,0,25
60,16,0,-8
60,17,0,12
60,18,0,15
60,19,0,6
60,20,0,10
60,21,0,-13
60,22,0,9
60,23,0,4
60,24,0,13
60,26,0,-4
60,27,0,7
60,28,0,-2
60,29,0,-15
60,30,0,-31
60,31,0,3
60,32,0,-21
60,33,0,-7
60,34,0,2
60,35,0,4
60,36,0,-9
60,37,0,11
60,39,0,-15
60,40,0,-18
60,41,0,-8
60,42,0,-23
60,43,0,-23
60,44,0,-6
60,45,0,14
60,46,0,9
60,47,0,-5
60,48,0,21
60,49,0,7
60,51,0,-12
60,52,0,1
60,53,0,20
60,54,0,-12
60,55,0,5
60,56,0,4
60,57,0,5
60,58,0,13
60,59,0,-14
60,60,0,110
60,61,0,9
60,62,0,-10
60,63,0,8
60,64,0,-5
60,65,0,-6
60,66,0,3
60,67,0,-20
60,68,0,9
60,69,0,-16
60,70,0,20
60,71,0,11
60,72,0,14
60,73,0,-3
60,74,0,9
60,75,0,-5
60,76,0,5
60,77,0,-2
61,1,0,-11
61,2,0,-22
61,3,0,21
61,4,0,-4
61,5,0,-10
61,6,0,-1
61,7,0,-1
61,8,0,4
61,9,0,-1
61,10,0,-3
61,11,0,-19
61,12,0,-6
61,13,0,-21
61,14,0,13
61,15,0,-9
61,16,0,20
61,17,0,6
61,18,0,3
61,19,0,-23
61,20,0,-3
61,21,0,-21
61,22,0,1
61,23,0,-24
61,24,0,8
61,25,0,-6
61,26,0,17
61,27,0,13
61,28,0,13
61,29,0,7
61,30,0,-2
61,31,0,16
61,32,0,41
61,33,0,29
61,34,0,2
61,35,0,-26
61,36,0,17
61,37,0,8
61,38,0,-13
61,39,0,11
61,40,0,6
61,41,0,31
61,42,0,-16
61,43,0,-4
61,44,0,-2
61,45,0,10
61,46,0,-4
61,47,0,22
61,48,0,1
61,49,0,9
61,50,0,-7
61,51,0,-21
61,53,0,-1
61,54,0,-3
61,55,0,15
61,56,0,-3
61,57,0,4
61,58,0,-10
61,59,0,-15
61,60,0,9
61,61,0,127
61,62,0,7
61,63,0,7
61,64,0,-18
61,65,0,26
61,66,0,3
61,67,0,-5
61,68,0,15
61,69,0,-22
61,70,0,20
61,71,0,3
61,72,0,6
61,73,0,-5
61,74,0,18
61,75,0,21
61,76,0,-13
61,77,0,4
62,1,0,1
62,2,0,12
62,3,0,17
62,4,0,-24
62,5,0,-19
62,6,0,-15
62,7,0,-8
62,8,0,-25
62,9,0,-8
62,10,0,13
62,11,0,11
62,12,0,9
62,13,0,-3
62,14,0,-15
62,15,0,8
62,16,0,10
62,17,0,-3
62,18,0,-9
62,19,0,9
62,20,0,-16
62,21,0,4
62,22,0,-8
62,23,0,-7
62,24,0,-9
62,25,0,-13
62,26,0,19
62,27,0,3
62,28,0,-12
62,29,0,1
62,30,0,-13
62,31,0,-17
62,32,0,13
62,33,0,2
62,34,0,-7
62,35,0,-13
62,36,0,7
62,37,0,-9
62,38,0,5
62,39,0,-11
62,40,0,7
62,41,0,12
62,42,0,-19
62,43,0,-1
62,44,0,-16
62,45,0,7
62,46,0,18
62,47,0,-22
62,48,0,-14
62,49,0,-11
62,50,0,-10
62,51,0,-13
62,52,0,-9
62,54,0,7
62,55,0,-2
62,56,0,3
62,57,0,-11
62,58,0,1
62,59,0,-27
62,60,0,-10
62,61,0,7
62,62,0,115
62,63,0,-2
62,64,0,16
62,65,0,30
62,66,0,24
62,67,0,-1
62,68,0,5
62,69,0,9
62,70,0,-4
62,71,0,-2
62,72,0,-20
62,73,0,-6
62,74,0,12
62,75,0,12
62,76,0,2
62,77,0,-26
63,1,0,-19
63,2,0,-7
63,3,0,-2
63,4,0,-4
63,5,0,11
63,6,0,-17
63,7,0,-16
63,8,0,22
63,9,0,16
63,10,0,1
63,11,0,-5
63,12,0,5
63,13,0,-6
63,14,0,-10
63,15,0,-11
63,16,0,1
63,17,0,11
63,18,0,-2
63,19,0,7
63,20,0,-11
63,21,0,-11
63,22,0,13
63,23,0,3
63,24,0,-7
63,25,0,-9
63,26,0,17
63,28,0,-18
63,29,0,2
63,30,0,7
63,31,0,-15
63,32,0,23
63,33,0,5
63,34,0,-5
63,35,0,-5
63,36,0,-3
63,37,0,-1
63,38,0,1
63,39,0,-21
63,40,0,-9
63,41,0,8
63,42,0,19
63,43,0,15
63,44,0,-12
63,45,0,-5
63,46,0,2
63,48,0,29
63,49,0,-13
63,50,0,8
63,51,0,-9
63,52,0,7
63,53,0,-7
63,54,0,7
63,55,0,-2
63,56,0,-2
63,57,0,-12
63,58,0,-5
63,59,0,9
63,60,0,8
63,61,0,7
63,62,0,-2
63,63,0,125
63,64,0,-22
63,65,0,5
63,66,0,9
63,67,0,-9
63,68,0,-10
63,69,0,5
63,70,0,2
63,71,0,19
63,72,0,-20
63,73,0,14
63,74,0,-4
63,75,0,-8
63,76,0,9
63,77,0,10
64,1,0,13
64,2,0,-18
64,3,0,-22
64,4,0,-5
64,5,0,-9
64,6,0,5
64,7,0,-3
64,8,0,6
64,9,0,14
64,10,0,-25
64,11,0,-7
64,12,0,16
64,13,0,12
64,14,0,6
64,15,0,-1
64,16,0,5
64,17,0,16
64,18,0,-2
64,19,0,7
64,20,0,-9
64,21,0,14
64,22,0,16
64,23,0,-12
64,24,0,7
64,25,0,-9
64,26,0,-3
64,27,0,-3
64,28,0,1
64,29,0,-5
64,30,0,-3
64,31,0,-26
64,32,0,-8
64,33,0,12
64,34,0,15
64,35,0,2
64,36,0,8
64,37,0,-17
64,38,0,4
64,39,0,9
64,40,0,17
64,41,0,25
64,42,0,15
64,43,0,4
64,44,0,1
64,45,0,-6
64,46,0,46
64,47,0,-19
64,48,0,6
64,49,0,-27
64,50,0,31
64,51,0,17
64,52,0,-5
64,53,0,-14
64,55,0,-6
64,56,0,21
64,57,0,21
64,58,0,-10
64,59,0,-17
64,60,0,-5
64,61,0,-18
64,62,0,16
64,63,0,-22
64,64,0,129
64,66,0,1
64,67,0,-13
64,68,0,6
64,69,0,2
64,70,0,-14
64,71,0,-4
64,72,0,2
64,73,0,-9
64,74,0,5
64,75,0,-14
64,76,0,-5
64,77,0,14
65,2,0,9
65,3,0,8
65,4,0,-24
65,5,0,9
65,6,0,-8
65,7,0,-15
65,8,0,-3
65,9,0,-1
65,10,0,-10
65,11,0,2
65,12,0,-2
65,13,0,-6
65,15,0,9
65,16,0,41
65,17,0,7
65,18,0,23
65,19,0,-2
65,20,0,-3
65,21,0,-17
65,22,0,-12
65,23,0,8
65,24,0,7
65,25,0,17
65,26,0,27
65,27,0,6
65,28,0,-3
65,29,0,-6
65,30,0,-5
65,31,0,6
65,32,0,10
65,33,0,4
65,34,0,-2
65,36,0,18
65,37,0,9
65,38,0,-1
65,39,0,-11
65,40,0,6
65,41,0,5
65,42,0,-2
65,43,0,7
65,44,0,-9
65,45,0,10
65,46,0,11
65,47,0,12
65,48,0,8
65,49,0,-4
65,50,0,-7
65,51,0,-4
65,52,0,7
65,53,0,10
65,54,0,16
65,55,0,-10
65,56,0,9
65,57,0,-17
65,58,0,26
65,59,0,-8
65,60,0,-6
65,61,0,26
65,62,0,30
65,63,0,5
65,65,0,111
65,66,0,9
65,67,0,9
65,68,0,3
65,69,0,-8
65,70,0,21
65,71,0,2
65,72,0,-3
65,73,0,-2
65,74,0,-8
65,75,0,17
65,76,0,-1
65,77,0,-5
66,1,0,-4
66,2,0,3
66,3,0,-4
66,4,0,-8
66,5,0,-13
66,6,0,-8
66,7,0,-9
66,8,0,17
66,9,0,-15
66,10,0,-28
66,11,0,-9
66,12,0,-16
66,14,0,-11
66,15,0,4
66,16,0,25
66,17,0,4
66,19,0,-1
66,20,0,-33
66,21,0,-25
66,22,0,1
66,23,0,-16
66,24,0,-6
66,25,0,5
66,26,0,24
66,27,0,5
66,28,0,-13
66,29,0,14
66,30,0,8
66,31,0,20
66,32,0,6
66,33,0,19
66,34,0,16
66,35,0,27
66,36,0,1
66,37,0,-17
66,38,0,14
66,39,0,-15
66,40,0,8
66,41,0,19
66,42,0,12
66,43,0,6
66,44,0,-3
66,45,0,-5
66,46,0,15
66,47,0,-11
66,48,0,-8
66,49,0,-3
66,50,0,-16
66,51,0,10
66,52,0,-14
66,53,0,-6
66,54,0,4
66,55,0,12
66,56,0,2
66,57,0,6
66,58,0,-3
66,59,0,-18
66,60,0,3
66,61,0,3
66,62,0,24
66,63,0,9
66,64,0,1
66,65,0,9
66,66,0,110
66,67,0,-20
66,68,0,-6
66,69,0,9
66,70,0,17
66,71,0,4
66,72,0,-21
66,73,0,-23
66,74,0,13
66,75,0,5
66,76,0,-3
66,77,0,-12
67,1,0,-39
67,2,0,7
67,3,0,14
67,4,0,-14
67,5,0,25
67,6,0,-13
67,7,0,12
67,8,0,-4
67,9,0,8
67,10,0,12
67,11,0,3
67,12,0,1
67,13,0,-2
67,14,0,6
67,15,0,-1
67,17,0,7
67,18,0,-9
67,19,0,-25
67,20,0,12
67,21,0,14
67,22,0,-15
67,23,0,14
67,24,0,2
67,25,0,12
67,26,0,19
67,27,0,-3
67,28,0,2
67,29,0,2
67,31,0,-14
67,32,0,-10
67,33,0,22
67,34,0,25
67,35,0,-5
67,36,0,20
67,37,0,-2
67,38,0,-27
67,39,0,-14
67,40,0,-11
67,41,0,-11
67,42,0,-7
67,43,0,9
67,44,0,-25
67,45,0,19
67,46,0,-31
67,47,0,11
67,48,0,-2
67,49,0,-11
67,50,0,-21
67,51,0,-2
67,52,0,8
67,53,0,14
67,54,0,23
67,55,0,-38
67,56,0,-18
67,57,0,-15
67,58,0,6
67,59,0,18
67,60,0,-20
67,61,0,-5
67,62,0,-1
67,63,0,-9
67,64,0,-13
67,65,0,9
67,66,0,-20
67,67,0,132
67,68,0,23
67,69,0,-19
67,70,0,-28
67,71,0,-11
67,72,0,8
67,73,0,-24
67,74,0,-5
67,75,0,2
67,76,0,14
67,77,0,11
68,1,0,-13
68,2,0,5
68,3,0,16
68,4,0,2
68,5,0,-24
68,6,0,6
68,7,0,25
68,8,0,-6
68,9,0,3
68,10,0,-3
68,11,0,8
68,12,0,8
68,13,0,4
68,14,0,10
68,15,0,-14
68,16,0,-3
68,17,0,4
68,18,0,-31
68,19,0,-16
68,20,0,14
68,21,0,10
68,22,0,21
68,23,0,4
68,24,0,12
68,25,0,12
68,26,0,-2
68,27,0,-2
68,28,0,-8
68,29,0,20
68,30,0,4
68,31,0,-10
68,32,0,-1
68,33,0,-14
68,34,0,-13
68,35,0,7
68,36,0,-5
68,37,0,6
68,38,0,10
68,39,0,1
68,40,0,-2
68,41,0,-5
68,42,0,7
68,44,0,4
68,45,0,12
68,46,0,1
68,47,0,18
68,48,0,16
68,49,0,-20
68,50,0,22
68,51,0,-12
68,52,0,-1
68,53,0,-14
68,54,0,7
68,55,0,10
68,57,0,16
68,58,0,13
68,59,0,-8
68,60,0,9
68,61,0,15
68,62,0,5
68,63,0,-10
68,64,0,6
68,65,0,3
68,66,0,-6
68,67,0,23
68,68,0,120
68,69,0,1
68,70,0,1
68,71,0,18
68,73,0,1
68,74,0,-3
68,75,0,-13
69,1,0,6
69,2,0,-3
69,3,0,-5
69,4,0,4
69,5,0,1
69,6,0,-27
69,8,0,-18
69,9,0,16
69,10,0,-17
69,11,0,20
69,12,0,6
69,13,0,-22
69,14,0,-9
69,15,0,8
69,16,0,5
69,17,0,14
69,18,0,-3
69,19,0,-7
69,20,0,-7
69,21,0,18
69,22,0,16
69,23,0,13
69,24,0,-14
69,25,0,-13
69,26,0,-11
69,27,0,-17
69,28,0,-16
69,29,0,-10
69,30,0,-4
69,31,0,14
69,32,0,5
69,33,0,-14
69,34,0,4
69,35,0,3
69,36,0,9
69,37,0,1
69,38,0,25
69,39,0,1
69,40,0,8
69,41,0,5
69,42,0,12
69,43,0,14
69,44,0,30
69,45,0,6
69,46,0,-2
69,47,0,-34
69,48,0,-12
69,49,0,-8
69,50,0,12
69,51,0,3
69,52,0,-20
69,53,0,-13
69,54,0,18
69,55,0,23
69,56,0,1
69,57,0,-12
69,58,0,-15
69,59,0,5
69,60,0,-16
69,61,0,-22
69,62,0,9
69,63,0,5
69,64,0,2
69,65,0,-8
69,66,0,9
69,67,0,-19
69,68,0,1
69,69,0,111
69,70,0,14
69,71,0,-6
69,72,0,2
69,74,0,2
69,75,0,10
69,76,0,9
69,77,0,-16
70,1,0,10
70,2,0,-10
70,3,0,18
70,4,0,-8
70,5,0,-2
70,6,0,1
70,7,0,-2
70,8,0,2
70,9,0,-8
70,11,0,23
70,12,0,-3
70,13,0,-17
70,14,0,-7
70,15,0,16
70,16,0,38
70,17,0,-18
70,18,0,-6
70,19,0,4
70,20,0,-12
70,21,0,-6
70,22,0,7
70,23,0,-6
70,24,0,-6
70,25,0,-13
70,26,0,-8
70,27,0,-2
70,28,0,-7
70,29,0,8
70,30,0,-17
70,31,0,-2
70,32,0,-9
70,33,0,-20
70,34,0,-10
70,35,0,3
70,36,0,-3
70,38,0,24
70,39,0,-8
70,40,0,-4
70,41,0,12
70,42,0,-1
70,43,0,7
70,44,0,8
70,45,0,-2
70,46,0,-12
70,47,0,1
70,48,0,-12
70,49,0,-11
70,50,0,-6
70,51,0,-11
70,52,0,-1
70,53,0,-22
70,54,0,2
70,55,0,35
70,56,0,-16
70,57,0,1
70,58,0,16
70,59,0,-11
70,60,0,20
70,61,0,20
70,62,0,-4
70,63,0,2
70,64,0,-14
70,65,0,21
70,66,0,17
70,67,0,-28
70,68,0,1
70,69,0,14
70,70,0,118
70,71,0,16
70,72,0,29
70,73,0,19
70,74,0,10
70,75,0,5
70,76,0,-2
70,77,0,10
71,1,0,-10
71,2,0,9
71,3,0,12
71,4,0,17
71,5,0,4
71,6,0,7
71,7,0,10
71,8,0,10
71,9,0,7
71,10,0,19
71,11,0,-7
71,12,0,-16
71,13,0,37
71,14,0,-3
71,15,0,6
71,16,0,5
71,17,0,12
71,18,0,-9
71,19,0,-9
71,21,0,-14
71,22,0,1
71,23,0,14
71,24,0,-1
71,25,0,9
71,26,0,-17
71,27,0,-5
71,28,0,7
71,29,0,-3
71,30,0,20
71,31,0,1
71,32,0,13
71,33,0,-17
71,34,0,-19
71,35,0,2
71,36,0,-9
71,37,0,-8
71,38,0,4
71,39,0,16
71,40,0,-10
71,41,0,-3
71,42,0,12
71,43,0,-16
71,44,0,5
71,45,0,4
71,46,0,-5
71,47,0,24
71,48,0,12
71,49,0,-7
71,50,0,10
71,51,0,-9
71,52,0,11
71,53,0,10
71,54,0,-12
71,55,0,19
71,56,0,-16
71,57,0,16
71,58,0,-1
71,59,0,2
71,60,0,11
71,61,0,3
71,62,0,-2
71,63,0,19
71,64,0,-4
71,65,0,2
71,66,0,4
71,67,0,-11
71,68,0,18
71,69,0,-6
71,70,0,16
71,71,0,126
71,72,0,12
71,73,0,22
71,74,0,-2
71,75,0,-6
71,76,0,6
71,77,0,10
72,1,0,7
72,2,0,-5
72,3,0,-4
72,4,0,-10
72,5,0,11
72,6,0,1
72,7,0,13
72,8,0,-3
72,9,0,-9
72,10,0,15
72,11,0,11
72,12,0,5
72,13,0,2
72,14,0,8
72,15,0,10
72,18,0,10
72,19,0,11
72,20,0,-1
72,21,0,5
72,22,0,10
72,23,0,22
72,24,0,-21
72,25,0,-3
72,26,0,-22
72,27,0,-16
72,28,0,9
72,29,0,-25
72,30,0,-12
72,31,0,18
72,32,0,1
72,33,0,9
72,34,0,-5
72,35,0,-18
72,36,0,10
72,37,0,-5
72,38,0,-1
72,39,0,-14
72,40,0,-23
72,41,0,-6
72,42,0,-13
72,43,0,-2
72,44,0,16
72,45,0,1
72,46,0,-17
72,47,0,-9
72,48,0,8
72,49,0,-6
72,50,0,3
72,51,0,-2
72,52,0,-6
72,53,0,-6
72,54,0,-12
72,55,0,-5
72,56,0,-10
72,57,0,1
72,58,0,-7
72,59,0,-16
72,60,0,14
72,61,0,6
72,62,0,-20
72,63,0,-20
72,64,0,2
72,65,0,-3
72,66,0,-21
72,67,0,8
72,69,0,2
72,70,0,29
72,71,0,12
72,72,0,108
72,73,0,23
72,74,0,-11
72,75,0,-2
72,76,0,5
72,77,0,-10
73,1,0,23
73,2,0,-10
73,3,0,21
73,4,0,24
73,5,0,-14
73,6,0,7
73,7,0,4
73,8,0,28
73,9,0,-13
73,10,0,18
73,11,0,-4
73,12,0,-3
73,13,0,-9
73,14,0,17
73,15,0,-12
73,16,0,-2
73,17,0,-18
73,18,0,2
73,19,0,1
73,20,0,15
73,21,0,19
73,22,0,-1
73,23,0,-18
73,24,0,-3
73,25,0,-25
73,26,0,-8
73,27,0,-4
73,28,0,16
73,29,0,8
73,30,0,-10
73,31,0,-1
73,32,0,9
73,33,0,-11
73,34,0,-18
73,35,0,19
73,36,0,-4
73,38,0,13
73,39,0,2
73,40,0,-16
73,41,0,11
73,42,0,-6
73,43,0,-3
73,44,0,11
73,45,0,-7
73,46,0,-5
73,48,0,-15
73,49,0,-9
73,50,0,10
73,51,0,-12
73,52,0,14
73,53,0,13
73,54,0,-5
73,55,0,14
73,56,0,8
73,57,0,-20
73,58,0,-5
73,59,0,-11
73,60,0,-3
73,61,0,-5
73,62,0,-6
73,63,0,14
73,64,0,-9
73,65,0,-2
73,66,0,-23
73,67,0,-24
73,68,0,1
73,70,0,19
73,71,0,22
73,72,0,23
73,73,0,108
73,74,0,-22
73,75,0,12
73,76,0,2
73,77,0,-1
74,1,0,8
74,2,0,-7
74,3,0,1
74,4,0,-2
74,5,0,3
74,6,0,-21
74,7,0,8
74,8,0,3
74,9,0,14
74,10,0,-2
74,11,0,10
74,12,0,-8
74,13,0,-28
74,14,0,8
74,16,0,8
74,17,0,-10
74,18,0,15
74,19,0,-3
74,20,0,-1
74,21,0,12
74,22,0,-3
74,23,0,-2
74,24,0,-18
74,25,0,16
74,26,0,-13
74,27,0,4
74,28,0,-10
74,29,0,-3
74,30,0,-12
74,31,0,3
74,32,0,2
74,33,0,22
74,34,0,5
74,35,0,4
74,38,0,-10
74,39,0,-3
74,40,0,1
74,41,0,-18
74,42,0,1
74,43,0,-7
74,44,0,18
74,45,0,-18
74,46,0,10
74,47,0,-5
74,48,0,-12
74,49,0,7
74,50,0,-24
74,51,0,12
74,52,0,-23
74,53,0,-3
74,54,0,-11
74,55,0,-9
74,56,0,-9
74,57,0,4
74,58,0,4
74,59,0,-17
74,60,0,9
74,61,0,18
74,62,0,12
74,63,0,-4
74,64,0,5
74,65,0,-8
74,66,0,13
74,67,0,-5
74,68,0,-3
74,69,0,2
74,70,0,10
74,71,0,-2
74,72,0,-11
74,73,0,-22
74,74,0,117
74,75,0,1
74,76,0,-5
74,77,0,15
75,1,0,-14
75,2,0,-9
75,3,0,7
75,4,0,-18
75,5,0,-2
75,7,0,-29
75,8,0,-7
75,9,0,8
75,10,0,-10
75,11,0,-1
75,12,0,-7
75,13,0,-13
75,14,0,7
75,15,0,18
75,16,0,25
75,17,0,-6
75,18,0,27
75,19,0,1
75,20,0,-11
75,21,0,-19
75,22,0,-18
75,23,0,-2
75,24,0,4
75,25,0,-17
75,26,0,1
75,27,0,9
75,28,0,7
75,29,0,-23
75,30,0,-5
75,31,0,31
75,32,0,10
75,33,0,6
75,34,0,1
75,35,0,6
75,36,0,13
75,37,0,10
75,38,0,-9
75,39,0,5
75,40,0,11
75,41,0,-3
75,42,0,-15
75,43,0,-16
75,44,0,8
75,45,0,-13
75,46,0,1
75,47,0,-4
75,48,0,-14
75,49,0,-16
75,50,0,6
75,51,0,-5
75,52,0,17
75,53,0,27
75,54,0,-7
75,55,0,4
75,56,0,-7
75,57,0,-14
75,58,0,8
75,59,0,16
75,60,0,-5
75,61,0,21
75,62,0,12
75,63,0,-8
75,64,0,-14
75,65,0,17
75,66,0,5
75,67,0,2
75,68,0,-13
75,69,0,10
75,70,0,5
75,71,0,-6
75,72,0,-2
75,73,0,12
75,74,0,1
75,75,0,126
75,76,0,25
75,77,0,-25
76,1,0,-10
76,2,0,-16
76,3,0,13
76,4,0,1
76,5,0,15
76,6,0,-16
76,7,0,1
76,8,0,-3
76,9,0,9
76,10,0,-6
76,11,0,5
76,12,0,-3
76,13,0,-6
76,14,0,5
76,15,0,16
76,16,0,-7
76,17,0,5
76,18,0,12
76,19,0,-1
76,20,0,7
76,21,0,8
76,22,0,-19
76,23,0,11
76,24,0,22
76,25,0,-1
76,26,0,-11
76,27,0,6
76,28,0,-7
76,29,0,2
76,30,0,-16
76,31,0,-5
76,32,0,-2
76,33,0,-8
76,34,0,2
76,35,0,-18
76,36,0,-2
76,37,0,-2
76,38,0,-8
76,39,0,-9
76,40,0,-11
76,41,0,-6
76,42,0,17
76,43,0,4
76,44,0,-3
76,45,0,-8
76,46,0,-10
76,47,0,-2
76,48,0,6
76,49,0,-29
76,50,0,-7
76,51,0,-7
76,52,0,19
76,53,0,6
76,54,0,2
76,55,0,2
76,56,0,-19
76,57,0,-11
76,58,0,-7
76,59,0,9
76,60,0,5
76,61,0,-13
76,62,0,2
76,63,0,9
76,64,0,-5
76,65,0,-1
76,66,0,-3
76,67,0,14
76,69,0,9
76,70,0,-2
76,71,0,6
76,72,0,5
76,73,0,2
76,74,0,-5
76,75,0,25
76,76,0,91
76,77,0,7
77,1,0,10
77,2,0,-7
77,3,0,4
77,4,0,-14
77,5,0,6
77,6,0,7
77,7,0,16
77,8,0,12
77,9,0,23
77,10,0,-19
77,11,0,-18
77,12,0,-9
77,13,0,13
77,14,0,2
77,15,0,-14
77,16,0,11
77,17,0,-3
77,19,0,-12
77,20,0,1
77,21,0,-6
77,22,0,1
77,23,0,11
77,24,0,19
77,25,0,-10
77,26,0,9
77,27,0,-8
77,28,0,7
77,29,0,14
77,30,0,10
77,31,0,-12
77,32,0,-18
77,33,0,11
77,34,0,5
77,36,0,8
77,37,0,1
77,38,0,2
77,39,0,12
77,40,0,-3
77,41,0,16
77,42,0,33
77,43,0,32
77,44,0,-9
77,45,0,-2
77,46,0,20
77,47,0,21
77,48,0,27
77,49,0,7
77,50,0,6
77,51,0,6
77,52,0,2
77,53,0,1
77,54,0,1
77,55,0,-3
77,56,0,-24
77,57,0,2
77,58,0,20
77,59,0,-1
77,60,0,-2
77,61,0,4
77,62,0,-26
77,63,0,10
77,64,0,14
77,65,0,-5
77,66,0,-12
77,67,0,11
77,69,0,-16
77,70,0,10
77,71,0,10
77,72,0,-10
77,73,0,-1
77,74,0,15
77,75,0,-25
77,76,0,7
77,77,0,107
78,1,0,-1
79,1,0,-1
80,1,0,-1
81,1,0,-1
82,1,0,-1
83,1,0,-1
84,1,0,-1
85,1,0,-1
86,1,0,-1
87,1,0,-1
88,1,0,-1
89,1,0,-1
90,1,0,-1
91,1,0,-1
92,1,0,-1
93,1,0,-1
94,1,0,-1
95,1,0,-1
96,1,0,-1
97,1,0,-1
98,1,0,-1
99,1,0,-1
100,1,0,-1
101,1,0,-1
102,1,0,-1
103,1,0,-1
104,1,0,-1
105,1,0,-1
106,1,0,-1
107,1,0,-1
107,107,0,4
107,107,1,1
108,2,0,-1
108,108,0,3
108,108,1,-2
109,3,0,-1
109,109,0,2
109,109,1,2
110,4,0,-1
110,110,0,3
110,110,1,-3
111,5,0,-1
111,111,0,1
112,6,0,-1
112,112,0,3
112,112,1,2
113,7,0,-1
113,113,0,3
114,8,0,-1
114,114,0,3
114,114,1,-1
115,9,0,-1
115,115,0,3
115,115,1,-1
116,10,0,-1
116,116,0,2
116,116,1,1
117,11,0,-1
117,117,0,3
117,117,1,-1
118,12,0,-1
118,118,0,3
118,118,1,-3
119,13,0,-1
119,119,0,2
119,119,1,1
120,14,0,-1
120,120,0,4
120,120,1,1
121,15,0,-1
121,121,0,5
121,121,1,5
122,16,0,-1
122,122,0,5
122,122,1,3
123,17,0,-1
123,123,0,4
123,123,1,-1
124,18,0,-1
124,124,0,5
124,124,1,-1
125,19,0,-1
125,125,0,2
125,125,1,1

q_data
1,0,-422
2,0,-280
3,0,-42
3,1,26
4,0,353
5,0,-693
6,0,-543
7,0,-1263
7,1,-315
8,0,-491
9,0,-804
9,1,-477
10,0,1
11,0,-579
12,0,-250
13,0,-781
13,1,-604
14,0,248
15,0,-183
16,0,-1053
17,0,-1017
18,0,-361
19,0,-2
20,0,-219
20,1,149
21,0,-348
21,1,-316
22,0,-907
23,0,-1023
23,1,-875
24,0,-220
25,0,-479
26,0,-254
27,0,-296
28,0,-1059
29,0,189
30,0,-632
31,0,-450
32,0,-55
33,0,-229
34,0,-153
35,0,-647
36,0,-598
37,0,3
37,1,-1
38,0,-619
39,0,-193
40,0,-222
40,1,-202
41,0,-722
42,0,-265
42,1,243
43,0,-148
44,0,-60
45,0,-198
46,0,-759
47,0,-784
47,1,-264
48,0,-672
48,1,326
49,0,350
50,0,-795
51,0,-82
52,0,-5
53,0,-95
54,0,-227
55,0,-848
55,1,-548
56,0,-340
57,0,-392
58,0,-540
59,0,-375
60,0,-354
61,0,-89
62,0,-261
63,0,-397
64,0,-153
64,1,-113
65,0,-960
66,0,-231
67,0,-168
68,0,-745
69,0,-494
70,0,-365
71,0,-1142
71,1,458
72,0,-204
73,0,-198
74,0,138
74,1,78
75,0,-425
76,0,-377
77,0,-277
78,0,2
79,0,5
80,0,2
81,0,2
82,0,6
82,1,5
83,0,2
84,0,2
84,1,-1
85,0,2
85,1,2
86,0,2
87,0,2
88,0,2
89,0,2
90,0,2
90,1,-2
91,0,2
92,0,6
93,0,5
94,0,2
95,0,2
96,0,2
97,0,2
98,0,2
99,0,2
100,0,2
101,0,2
102,0,2
103,0,2
104,0,2
105,0,2
106,0,2
107,0,-10
107,1,9
108,0,-7
109,0,-5
110,0,-3
111,0,1
112,0,-10
113,0,-7
113,1,-5
114,0,-5
116,0,-7
117,0,-2
120,0,-7
121,0,7
121,1,4
122,0,-12
123,0,-15
124,0,-8
124,1,-2
125,0,1

Param_Space
1,1,-1
2,1,1

Param_Space_RHS
0
1

END
