LCP


h
100

k
1

M_data
1,1,0,67
1,2,0,-3
1,3,0,-8
1,4,0,10
1,5,0,5
1,6,0,-1
1,7,0,14
1,8,0,-3
1,9,0,4
1,10,0,11
1,11,0,-1
1,12,0,3
1,13,0,-5
1,14,0,-8
1,15,0,-9
1,16,0,13
1,17,0,-4
1,18,0,5
1,19,0,2
1,20,0,-1
1,21,0,-11
1,22,0,-14
1,23,0,2
1,24,0,1
1,25,0,-2
1,26,0,3
1,27,0,-23
1,28,0,-6
1,29,0,3
1,30,0,8
1,31,0,6
1,32,0,-6
1,34,0,4
1,35,0,-15
1,36,0,-28
1,37,0,6
1,38,0,10
1,39,0,3
1,40,0,3
1,41,0,4
1,42,0,2
1,43,0,11
1,44,0,1
1,45,0,1
1,46,0,1
1,47,0,1
1,48,0,1
1,49,0,1
1,50,0,1
1,51,0,1
1,52,0,1
1,53,0,1
1,54,0,1
1,55,0,1
1,56,0,1
1,57,0,1
1,58,0,1
1,59,0,1
1,60,0,1
1,61,0,1
1,62,0,1
1,63,0,1
1,64,0,1
1,65,0,1
1,66,0,1
1,67,0,1
1,68,0,1
1,69,0,1
1,70,0,1
1,71,0,1
1,72,0,1
1,73,0,1
1,74,0,1
1,75,0,1
1,76,0,1
1,77,0,1
1,78,0,1
1,79,0,1
1,80,0,1
1,81,0,1
1,82,0,1
1,83,0,1
1,84,0,1
1,85,0,1
1,86,0,1
1,87,0,1
1,88,0,1
1,89,0,1
2,1,0,-3
2,2,0,68
2,3,0,-13
2,4,0,-3
2,5,0,-1
2,6,0,-15
2,7,0,2
2,8,0,6
2,9,0,6
2,10,0,-1
2,11,0,-3
2,12,0,8
2,13,0,1
2,14,0,-13
2,15,0,12
2,16,0,14
2,17,0,1
2,18,0,16
2,19,0,-12
2,20,0,-12
2,21,0,4
2,23,0,-5
2,24,0,-3
2,25,0,-6
2,26,0,7
2,27,0,-5
2,28,0,-4
2,29,0,6
2,30,0,-15
2,31,0,-10
2,32,0,24
2,33,0,-12
2,34,0,-10
2,35,0,4
2,36,0,14
2,37,0,-8
2,38,0,-5
2,39,0,24
2,40,0,10
2,41,0,5
2,42,0,-17
2,43,0,9
2,90,0,1
3,1,0,-8
3,2,0,-13
3,3,0,72
3,4,0,-3
3,5,0,-9
3,6,0,5
3,7,0,-15
3,9,0,4
3,10,0,16
3,11,0,-7
3,12,0,-17
3,13,0,-10
3,14,0,1
3,15,0,1
3,16,0,-2
3,17,0,16
3,18,0,-9
3,19,0,1
3,20,0,3
3,21,0,10
3,22,0,4
3,23,0,-20
3,24,0,-11
3,25,0,10
3,26,0,-9
3,27,0,11
3,28,0,-17
3,29,0,-9
3,30,0,-10
3,31,0,3
3,32,0,-6
3,33,0,16
3,34,0,-11
3,35,0,-11
3,36,0,-11
3,37,0,-7
3,38,0,8
3,39,0,-15
3,40,0,8
3,41,0,-4
3,42,0,5
3,43,0,8
3,91,0,1
4,1,0,10
4,2,0,-3
4,3,0,-3
4,4,0,68
4,5,0,-6
4,7,0,4
4,8,0,-8
4,9,0,16
4,10,0,-3
4,11,0,-11
4,12,0,3
4,13,0,-8
4,14,0,8
4,15,0,-5
4,16,0,-3
4,17,0,-25
4,18,0,-13
4,19,0,5
4,20,0,-17
4,21,0,-16
4,22,0,-11
4,23,0,-12
4,24,0,2
4,25,0,1
4,26,0,-5
4,27,0,9
4,28,0,20
4,29,0,-4
4,30,0,-1
4,31,0,8
4,32,0,-6
4,33,0,-8
4,34,0,-2
4,35,0,-23
4,36,0,-20
4,37,0,7
4,38,0,10
4,39,0,2
4,40,0,16
4,42,0,6
4,43,0,1
4,92,0,1
5,1,0,5
5,2,0,-1
5,3,0,-9
5,4,0,-6
5,5,0,64
5,6,0,2
5,7,0,7
5,8,0,15
5,10,0,8
5,11,0,-6
5,12,0,11
5,13,0,3
5,14,0,5
5,15,0,-5
5,16,0,12
5,18,0,12
5,19,0,3
5,20,0,6
5,21,0,4
5,22,0,13
5,23,0,8
5,24,0,-6
5,25,0,15
5,26,0,8
5,27,0,-10
5,28,0,-4
5,29,0,-13
5,30,0,2
5,31,0,-9
5,32,0,5
5,33,0,-22
5,34,0,12
5,35,0,9
5,36,0,-4
5,37,0,-5
5,38,0,-6
5,39,0,-6
5,40,0,2
5,41,0,-1
5,42,0,-14
5,43,0,6
5,93,0,1
6,1,0,-1
6,2,0,-15
6,3,0,5
6,5,0,2
6,6,0,52
6,7,0,14
6,8,0,-4
6,9,0,-8
6,10,0,-6
6,11,0,13
6,12,0,-7
6,13,0,-7
6,14,0,8
6,15,0,-5
6,16,0,-3
6,17,0,4
6,18,0,-1
6,19,0,3
6,20,0,12
6,21,0,-13
6,22,0,1
6,23,0,-6
6,24,0,11
6,25,0,23
6,26,0,-5
6,27,0,-11
6,28,0,-7
6,29,0,-5
6,30,0,20
6,31,0,2
6,32,0,-9
6,34,0,-5
6,35,0,3
6,36,0,3
6,37,0,-13
6,38,0,17
6,39,0,-8
6,40,0,-5
6,41,0,-4
6,42,0,3
6,43,0,-2
6,94,0,1
7,1,0,14
7,2,0,2
7,3,0,-15
7,4,0,4
7,5,0,7
7,6,0,14
7,7,0,77
7,8,0,-24
7,9,0,-2
7,10,0,-9
7,11,0,-11
7,12,0,-1
7,13,0,12
7,14,0,-13
7,15,0,-15
7,17,0,23
7,18,0,-18
7,19,0,-16
7,20,0,21
7,21,0,-17
7,22,0,5
7,23,0,1
7,24,0,19
7,25,0,-10
7,26,0,9
7,27,0,-4
7,28,0,2
7,29,0,5
7,30,0,9
7,31,0,1
7,32,0,3
7,33,0,-20
7,34,0,-4
7,35,0,10
7,36,0,2
7,37,0,17
7,38,0,23
7,39,0,21
7,40,0,-6
7,41,0,14
7,42,0,9
7,43,0,1
7,95,0,1
8,1,0,-3
8,2,0,6
8,4,0,-8
8,5,0,15
8,6,0,-4
8,7,0,-24
8,8,0,69
8,9,0,3
8,10,0,4
8,11,0,15
8,12,0,-8
8,13,0,1
8,14,0,7
8,15,0,-10
8,16,0,1
8,17,0,13
8,18,0,10
8,19,0,-2
8,20,0,-1
8,21,0,7
8,22,0,-1
8,23,0,12
8,24,0,-1
8,25,0,13
8,26,0,1
8,27,0,-24
8,28,0,5
8,29,0,5
8,30,0,-9
8,31,0,-10
8,32,0,6
8,33,0,4
8,34,0,21
8,35,0,-4
8,36,0,4
8,37,0,-7
8,38,0,-4
8,39,0,-13
8,40,0,10
8,41,0,-18
8,42,0,-21
8,43,0,-2
8,96,0,1
9,1,0,4
9,2,0,6
9,3,0,4
9,4,0,16
9,6,0,-8
9,7,0,-2
9,8,0,3
9,9,0,50
9,10,0,8
9,11,0,9
9,12,0,10
9,13,0,1
9,14,0,-4
9,15,0,1
9,16,0,-10
9,17,0,5
9,18,0,-5
9,19,0,11
9,20,0,-13
9,21,0,11
9,22,0,-9
9,23,0,-8
9,24,0,4
9,25,0,7
9,26,0,1
9,27,0,-5
9,28,0,1
9,29,0,6
9,30,0,1
9,31,0,-9
9,32,0,11
9,33,0,7
9,34,0,10
9,35,0,-20
9,36,0,4
9,37,0,15
9,38,0,13
9,39,0,2
9,40,0,11
9,41,0,5
9,42,0,10
9,43,0,-10
9,97,0,1
10,1,0,11
10,2,0,-1
10,3,0,16
10,4,0,-3
10,5,0,8
10,6,0,-6
10,7,0,-9
10,8,0,4
10,9,0,8
10,10,0,79
10,11,0,13
10,12,0,8
10,13,0,7
10,14,0,-2
10,15,0,-9
10,16,0,-1
10,17,0,13
10,18,0,28
10,19,0,7
10,20,0,12
10,21,0,21
10,22,0,-7
10,23,0,-3
10,24,0,-10
10,25,0,8
10,26,0,3
10,27,0,-2
10,28,0,2
10,29,0,7
10,30,0,-5
10,31,0,16
10,32,0,2
10,33,0,-12
10,34,0,-5
10,35,0,-8
10,36,0,-6
10,37,0,9
10,38,0,3
10,39,0,-13
10,40,0,-3
10,41,0,22
10,42,0,-4
10,43,0,-9
10,98,0,1
11,1,0,-1
11,2,0,-3
11,3,0,-7
11,4,0,-11
11,5,0,-6
11,6,0,13
11,7,0,-11
11,8,0,15
11,9,0,9
11,10,0,13
11,11,0,89
11,12,0,-13
11,13,0,-9
11,14,0,8
11,15,0,-12
11,16,0,-3
11,17,0,8
11,18,0,2
11,19,0,15
11,20,0,10
11,21,0,-4
11,22,0,-20
11,23,0,7
11,24,0,-1
11,25,0,15
11,26,0,-3
11,27,0,2
11,28,0,2
11,29,0,-3
11,30,0,15
11,31,0,4
11,32,0,-30
11,33,0,1
11,34,0,7
11,35,0,-6
11,36,0,5
11,37,0,-2
11,38,0,-4
11,39,0,-6
11,40,0,4
11,41,0,7
11,42,0,6
11,43,0,-1
11,99,0,1
12,1,0,3
12,2,0,8
12,3,0,-17
12,4,0,3
12,5,0,11
12,6,0,-7
12,7,0,-1
12,8,0,-8
12,9,0,10
12,10,0,8
12,11,0,-13
12,12,0,64
12,13,0,2
12,14,0,3
12,15,0,14
12,16,0,3
12,17,0,-9
12,18,0,9
12,19,0,-9
12,20,0,2
12,21,0,10
12,22,0,-8
12,23,0,-5
12,24,0,-4
12,25,0,-9
12,26,0,11
12,28,0,8
12,29,0,17
12,30,0,-11
12,31,0,-4
12,32,0,9
12,33,0,2
12,34,0,2
12,35,0,9
12,36,0,-6
12,37,0,1
12,38,0,2
12,39,0,23
12,40,0,12
12,41,0,8
12,42,0,1
12,43,0,-5
12,100,0,1
13,1,0,-5
13,2,0,1
13,3,0,-10
13,4,0,-8
13,5,0,3
13,6,0,-7
13,7,0,12
13,8,0,1
13,9,0,1
13,10,0,7
13,11,0,-9
13,12,0,2
13,13,0,60
13,14,0,5
13,15,0,-16
13,16,0,-13
13,17,0,6
13,18,0,23
13,19,0,-18
13,20,0,18
13,21,0,6
13,22,0,4
13,23,0,17
13,24,0,-6
13,26,0,-2
13,27,0,-10
13,28,0,7
13,29,0,18
13,30,0,-13
13,31,0,4
13,32,0,18
13,33,0,-3
13,34,0,5
13,35,0,-11
13,36,0,19
13,37,0,-8
13,38,0,12
13,39,0,-6
13,40,0,-6
13,41,0,-3
13,42,0,-4
13,43,0,-20
14,1,0,-8
14,2,0,-13
14,3,0,1
14,4,0,8
14,5,0,5
14,6,0,8
14,7,0,-13
14,8,0,7
14,9,0,-4
14,10,0,-2
14,11,0,8
14,12,0,3
14,13,0,5
14,14,0,58
14,15,0,-5
14,16,0,-8
14,17,0,-5
14,18,0,-8
14,19,0,-9
14,20,0,11
14,21,0,-3
14,22,0,-4
14,23,0,2
14,24,0,-14
14,25,0,12
14,26,0,-4
14,27,0,-2
14,28,0,1
14,29,0,9
14,30,0,-8
14,31,0,4
14,32,0,-7
14,33,0,6
14,34,0,7
14,35,0,2
14,36,0,-1
14,37,0,-17
14,38,0,4
14,39,0,-16
14,41,0,-8
14,42,0,16
14,43,0,-17
15,1,0,-9
15,2,0,12
15,3,0,1
15,4,0,-5
15,5,0,-5
15,6,0,-5
15,7,0,-15
15,8,0,-10
15,9,0,1
15,10,0,-9
15,11,0,-12
15,12,0,14
15,13,0,-16
15,14,0,-5
15,15,0,69
15,16,0,7
15,17,0,-14
15,18,0,2
15,19,0,16
15,20,0,-23
15,21,0,6
15,22,0,11
15,23,0,-3
15,24,0,1
15,25,0,-10
15,27,0,15
15,28,0,6
15,29,0,-11
15,30,0,-18
15,31,0,-3
15,32,0,11
15,33,0,9
15,34,0,-11
15,35,0,3
15,37,0,-8
15,38,0,-1
15,39,0,10
15,40,0,-13
15,41,0,25
15,42,0,6
16,1,0,13
16,2,0,14
16,3,0,-2
16,4,0,-3
16,5,0,12
16,6,0,-3
16,8,0,1
16,9,0,-10
16,10,0,-1
16,11,0,-3
16,12,0,3
16,13,0,-13
16,14,0,-8
16,15,0,7
16,16,0,61
16,17,0,4
16,18,0,5
16,19,0,3
16,20,0,-2
16,21,0,3
16,22,0,-5
16,23,0,4
16,24,0,-20
16,25,0,4
16,26,0,15
16,27,0,10
16,28,0,-17
16,29,0,12
16,30,0,-3
16,31,0,-9
16,32,0,-5
16,33,0,-11
16,34,0,-7
16,35,0,12
16,36,0,4
16,37,0,-1
16,38,0,-4
16,39,0,-7
16,40,0,14
16,41,0,-1
16,42,0,-16
16,43,0,22
17,1,0,-4
17,2,0,1
17,3,0,16
17,4,0,-25
17,6,0,4
17,7,0,23
17,8,0,13
17,9,0,5
17,10,0,13
17,11,0,8
17,12,0,-9
17,13,0,6
17,14,0,-5
17,15,0,-14
17,16,0,4
17,17,0,75
17,18,0,-12
17,19,0,5
17,20,0,17
17,21,0,-1
17,22,0,-7
17,23,0,7
17,24,0,-2
17,25,0,18
17,26,0,7
17,27,0,14
17,28,0,-12
17,29,0,2
17,30,0,11
17,31,0,-7
17,32,0,6
17,33,0,9
17,34,0,-6
17,35,0,-1
17,36,0,28
17,37,0,1
17,38,0,5
17,39,0,1
17,40,0,-2
17,41,0,2
17,43,0,11
18,1,0,5
18,2,0,16
18,3,0,-9
18,4,0,-13
18,5,0,12
18,6,0,-1
18,7,0,-18
18,8,0,10
18,9,0,-5
18,10,0,28
18,11,0,2
18,12,0,9
18,13,0,23
18,14,0,-8
18,15,0,2
18,16,0,5
18,17,0,-12
18,18,0,81
18,19,0,-14
18,20,0,-5
18,22,0,8
18,23,0,19
18,24,0,8
18,25,0,18
18,26,0,5
18,27,0,-17
18,28,0,-6
18,29,0,4
18,30,0,-12
18,31,0,-6
18,32,0,14
18,33,0,-12
18,34,0,-7
18,35,0,4
18,36,0,5
18,37,0,-5
18,38,0,-13
18,39,0,7
18,40,0,-3
18,41,0,9
18,42,0,-35
18,43,0,2
19,1,0,2
19,2,0,-12
19,3,0,1
19,4,0,5
19,5,0,3
19,6,0,3
19,7,0,-16
19,8,0,-2
19,9,0,11
19,10,0,7
19,11,0,15
19,12,0,-9
19,13,0,-18
19,14,0,-9
19,15,0,16
19,16,0,3
19,17,0,5
19,18,0,-14
19,19,0,79
19,20,0,-7
19,21,0,8
19,22,0,-9
19,23,0,-2
19,24,0,4
19,25,0,2
19,26,0,-14
19,27,0,16
19,28,0,7
19,29,0,-13
19,30,0,17
19,31,0,-10
19,32,0,-13
19,33,0,6
19,34,0,-1
19,35,0,-7
19,36,0,-7
19,37,0,-22
19,39,0,6
19,40,0,2
19,41,0,21
19,42,0,14
19,43,0,4
20,1,0,-1
20,2,0,-12
20,3,0,3
20,4,0,-17
20,5,0,6
20,6,0,12
20,7,0,21
20,8,0,-1
20,9,0,-13
20,10,0,12
20,11,0,10
20,12,0,2
20,13,0,18
20,14,0,11
20,15,0,-23
20,16,0,-2
20,17,0,17
20,18,0,-5
20,19,0,-7
20,20,0,70
20,22,0,-7
20,23,0,-5
20,25,0,-6
20,26,0,13
20,27,0,-8
20,28,0,-13
20,29,0,18
20,30,0,6
20,31,0,6
20,32,0,1
20,33,0,-4
20,34,0,-17
20,35,0,3
20,36,0,2
20,37,0,-5
20,38,0,3
20,39,0,-6
20,40,0,-4
20,41,0,-17
20,42,0,-9
20,43,0,-4
21,1,0,-11
21,2,0,4
21,3,0,10
21,4,0,-16
21,5,0,4
21,6,0,-13
21,7,0,-17
21,8,0,7
21,9,0,11
21,10,0,21
21,11,0,-4
21,12,0,10
21,13,0,6
21,14,0,-3
21,15,0,6
21,16,0,3
21,17,0,-1
21,19,0,8
21,21,0,82
21,23,0,10
21,24,0,6
21,25,0,-11
21,26,0,-14
21,27,0,2
21,28,0,-2
21,29,0,6
21,30,0,-3
21,31,0,-6
21,32,0,5
21,33,0,-13
21,34,0,7
21,35,0,8
21,36,0,-2
21,37,0,-1
21,38,0,6
21,39,0,-6
21,40,0,17
21,41,0,-6
21,42,0,4
21,43,0,-22
22,1,0,-14
22,3,0,4
22,4,0,-11
22,5,0,13
22,6,0,1
22,7,0,5
22,8,0,-1
22,9,0,-9
22,10,0,-7
22,11,0,-20
22,12,0,-8
22,13,0,4
22,14,0,-4
22,15,0,11
22,16,0,-5
22,17,0,-7
22,18,0,8
22,19,0,-9
22,20,0,-7
22,22,0,66
22,23,0,-16
22,26,0,-11
22,27,0,3
22,28,0,-5
22,29,0,-5
22,30,0,-8
22,32,0,21
22,33,0,9
22,34,0,-3
22,35,0,13
22,36,0,5
22,37,0,-6
22,38,0,-18
22,39,0,-4
22,40,0,-16
22,41,0,-8
22,42,0,-14
22,43,0,15
23,1,0,2
23,2,0,-5
23,3,0,-20
23,4,0,-12
23,5,0,8
23,6,0,-6
23,7,0,1
23,8,0,12
23,9,0,-8
23,10,0,-3
23,11,0,7
23,12,0,-5
23,13,0,17
23,14,0,2
23,15,0,-3
23,16,0,4
23,17,0,7
23,18,0,19
23,19,0,-2
23,20,0,-5
23,21,0,10
23,22,0,-16
23,23,0,60
23,24,0,-1
23,25,0,-8
23,26,0,4
23,27,0,-16
23,28,0,15
23,29,0,-6
23,30,0,-3
23,31,0,-10
23,33,0,-14
23,34,0,6
23,35,0,4
23,36,0,6
23,37,0,10
23,38,0,1
23,39,0,5
23,40,0,1
23,41,0,5
23,42,0,1
23,43,0,-15
24,1,0,1
24,2,0,-3
24,3,0,-11
24,4,0,2
24,5,0,-6
24,6,0,11
24,7,0,19
24,8,0,-1
24,9,0,4
24,10,0,-10
24,11,0,-1
24,12,0,-4
24,13,0,-6
24,14,0,-14
24,15,0,1
24,16,0,-20
24,17,0,-2
24,18,0,8
24,19,0,4
24,21,0,6
24,23,0,-1
24,24,0,56
24,25,0,11
24,26,0,-1
24,27,0,-2
24,28,0,-6
24,29,0,-21
24,30,0,9
24,31,0,-6
24,32,0,-2
24,33,0,-6
24,35,0,8
24,36,0,-20
24,37,0,5
24,38,0,9
24,39,0,15
24,40,0,-3
24,41,0,-4
24,43,0,-12
25,1,0,-2
25,2,0,-6
25,3,0,10
25,4,0,1
25,5,0,15
25,6,0,23
25,7,0,-10
25,8,0,13
25,9,0,7
25,10,0,8
25,11,0,15
25,12,0,-9
25,14,0,12
25,15,0,-10
25,16,0,4
25,17,0,18
25,18,0,18
25,19,0,2
25,20,0,-6
25,21,0,-11
25,23,0,-8
25,24,0,11
25,25,0,74
25,26,0,1
25,27,0,-1
25,28,0,-23
25,29,0,-9
25,30,0,19
25,31,0,-4
25,34,0,12
25,35,0,1
25,36,0,-7
25,37,0,-3
25,38,0,3
25,39,0,-27
25,40,0,1
25,41,0,-6
25,42,0,-7
25,43,0,1
26,1,0,3
26,2,0,7
26,3,0,-9
26,4,0,-5
26,5,0,8
26,6,0,-5
26,7,0,9
26,8,0,1
26,9,0,1
26,10,0,3
26,11,0,-3
26,12,0,11
26,13,0,-2
26,14,0,-4
26,16,0,15
26,17,0,7
26,18,0,5
26,19,0,-14
26,20,0,13
26,21,0,-14
26,22,0,-11
26,23,0,4
26,24,0,-1
26,25,0,1
26,26,0,46
26,27,0,2
26,28,0,2
26,30,0,-8
26,31,0,-5
26,32,0,-1
26,33,0,-3
26,34,0,-2
26,35,0,2
26,36,0,-4
26,37,0,12
26,38,0,-4
26,39,0,-7
26,40,0,-4
26,41,0,2
26,42,0,-7
26,43,0,4
27,1,0,-23
27,2,0,-5
27,3,0,11
27,4,0,9
27,5,0,-10
27,6,0,-11
27,7,0,-4
27,8,0,-24
27,9,0,-5
27,10,0,-2
27,11,0,2
27,13,0,-10
27,14,0,-2
27,15,0,15
27,16,0,10
27,17,0,14
27,18,0,-17
27,19,0,16
27,20,0,-8
27,21,0,2
27,22,0,3
27,23,0,-16
27,24,0,-2
27,25,0,-1
27,26,0,2
27,27,0,72
27,28,0,-1
27,29,0,-18
27,30,0,-3
27,32,0,-10
27,33,0,5
27,34,0,-13
27,35,0,-5
27,36,0,2
27,37,0,-9
27,38,0,-17
27,39,0,-7
27,40,0,2
27,41,0,11
27,42,0,7
27,43,0,9
28,1,0,-6
28,2,0,-4
28,3,0,-17
28,4,0,20
28,5,0,-4
28,6,0,-7
28,7,0,2
28,8,0,5
28,9,0,1
28,10,0,2
28,11,0,2
28,12,0,8
28,13,0,7
28,14,0,1
28,15,0,6
28,16,0,-17
28,17,0,-12
28,18,0,-6
28,19,0,7
28,20,0,-13
28,21,0,-2
28,22,0,-5
28,23,0,15
28,24,0,-6
28,25,0,-23
28,26,0,2
28,27,0,-1
28,28,0,55
28,29,0,3
28,30,0,-3
28,31,0,1
28,32,0,-3
28,33,0,-8
28,34,0,18
28,36,0,-5
28,38,0,3
28,39,0,10
28,40,0,3
28,41,0,22
28,42,0,7
28,43,0,-12
29,1,0,3
29,2,0,6
29,3,0,-9
29,4,0,-4
29,5,0,-13
29,6,0,-5
29,7,0,5
29,8,0,5
29,9,0,6
29,10,0,7
29,11,0,-3
29,12,0,17
29,13,0,18
29,14,0,9
29,15,0,-11
29,16,0,12
29,17,0,2
29,18,0,4
29,19,0,-13
29,20,0,18
29,21,0,6
29,22,0,-5
29,23,0,-6
29,24,0,-21
29,25,0,-9
29,27,0,-18
29,28,0,3
29,29,0,72
29,30,0,-9
29,31,0,3
29,32,0,2
29,33,0,4
29,34,0,-4
29,35,0,-2
29,36,0,19
29,37,0,-10
29,38,0,8
29,39,0,6
29,40,0,8
29,41,0,7
29,42,0,-8
29,43,0,-4
30,1,0,8
30,2,0,-15
30,3,0,-10
30,4,0,-1
30,5,0,2
30,6,0,20
30,7,0,9
30,8,0,-9
30,9,0,1
30,10,0,-5
30,11,0,15
30,12,0,-11
30,13,0,-13
30,14,0,-8
30,15,0,-18
30,16,0,-3
30,17,0,11
30,18,0,-12
30,19,0,17
30,20,0,6
30,21,0,-3
30,22,0,-8
30,23,0,-3
30,24,0,9
30,25,0,19
30,26,0,-8
30,27,0,-3
30,28,0,-3
30,29,0,-9
30,30,0,55
30,31,0,-12
30,32,0,-7
30,33,0,-10
30,34,0,15
30,35,0,9
30,36,0,1
30,37,0,15
30,38,0,-4
30,39,0,-3
30,40,0,-6
30,41,0,-7
30,42,0,4
30,43,0,12
31,1,0,6
31,2,0,-10
31,3,0,3
31,4,0,8
31,5,0,-9
31,6,0,2
31,7,0,1
31,8,0,-10
31,9,0,-9
31,10,0,16
31,11,0,4
31,12,0,-4
31,13,0,4
31,14,0,4
31,15,0,-3
31,16,0,-9
31,17,0,-7
31,18,0,-6
31,19,0,-10
31,20,0,6
31,21,0,-6
31,23,0,-10
31,24,0,-6
31,25,0,-4
31,26,0,-5
31,28,0,1
31,29,0,3
31,30,0,-12
31,31,0,43
31,32,0,-11
31,33,0,7
31,34,0,-14
31,35,0,-4
31,36,0,-2
31,37,0,-4
31,38,0,13
31,39,0,-3
31,43,0,-4
32,1,0,-6
32,2,0,24
32,3,0,-6
32,4,0,-6
32,5,0,5
32,6,0,-9
32,7,0,3
32,8,0,6
32,9,0,11
32,10,0,2
32,11,0,-30
32,12,0,9
32,13,0,18
32,14,0,-7
32,15,0,11
32,16,0,-5
32,17,0,6
32,18,0,14
32,19,0,-13
32,20,0,1
32,21,0,5
32,22,0,21
32,24,0,-2
32,26,0,-1
32,27,0,-10
32,28,0,-3
32,29,0,2
32,30,0,-7
32,31,0,-11
32,32,0,69
32,33,0,-1
32,34,0,-3
32,35,0,-5
32,36,0,11
32,37,0,5
32,38,0,-3
32,39,0,7
32,40,0,1
32,41,0,-2
32,42,0,-14
32,43,0,-10
33,2,0,-12
33,3,0,16
33,4,0,-8
33,5,0,-22
33,7,0,-20
33,8,0,4
33,9,0,7
33,10,0,-12
33,11,0,1
33,12,0,2
33,13,0,-3
33,14,0,6
33,15,0,9
33,16,0,-11
33,17,0,9
33,18,0,-12
33,19,0,6
33,20,0,-4
33,21,0,-13
33,22,0,9
33,23,0,-14
33,24,0,-6
33,26,0,-3
33,27,0,5
33,28,0,-8
33,29,0,4
33,30,0,-10
33,31,0,7
33,32,0,-1
33,33,0,51
33,34,0,-11
33,35,0,-8
33,36,0,8
33,37,0,-17
33,38,0,-1
33,39,0,-1
33,41,0,-15
33,42,0,9
33,43,0,13
34,1,0,4
34,2,0,-10
34,3,0,-11
34,4,0,-2
34,5,0,12
34,6,0,-5
34,7,0,-4
34,8,0,21
34,9,0,10
34,10,0,-5
34,11,0,7
34,12,0,2
34,13,0,5
34,14,0,7
34,15,0,-11
34,16,0,-7
34,17,0,-6
34,18,0,-7
34,19,0,-1
34,20,0,-17
34,21,0,7
34,22,0,-3
34,23,0,6
34,25,0,12
34,26,0,-2
34,27,0,-13
34,28,0,18
34,29,0,-4
34,30,0,15
34,31,0,-14
34,32,0,-3
34,33,0,-11
34,34,0,62
34,35,0,14
34,36,0,-7
34,37,0,14
34,38,0,3
34,39,0,-14
34,40,0,4
34,41,0,-1
34,42,0,3
34,43,0,-19
35,1,0,-15
35,2,0,4
35,3,0,-11
35,4,0,-23
35,5,0,9
35,6,0,3
35,7,0,10
35,8,0,-4
35,9,0,-20
35,10,0,-8
35,11,0,-6
35,12,0,9
35,13,0,-11
35,14,0,2
35,15,0,3
35,16,0,12
35,17,0,-1
35,18,0,4
35,19,0,-7
35,20,0,3
35,21,0,8
35,22,0,13
35,23,0,4
35,24,0,8
35,25,0,1
35,26,0,2
35,27,0,-5
35,29,0,-2
35,30,0,9
35,31,0,-4
35,32,0,-5
35,33,0,-8
35,34,0,14
35,35,0,58
35,36,0,3
35,37,0,6
35,38,0,-3
35,39,0,15
35,40,0,6
35,41,0,-3
35,42,0,-9
35,43,0,8
36,1,0,-28
36,2,0,14
36,3,0,-11
36,4,0,-20
36,5,0,-4
36,6,0,3
36,7,0,2
36,8,0,4
36,9,0,4
36,10,0,-6
36,11,0,5
36,12,0,-6
36,13,0,19
36,14,0,-1
36,16,0,4
36,17,0,28
36,18,0,5
36,19,0,-7
36,20,0,2
36,21,0,-2
36,22,0,5
36,23,0,6
36,24,0,-20
36,25,0,-7
36,26,0,-4
36,27,0,2
36,28,0,-5
36,29,0,19
36,30,0,1
36,31,0,-2
36,32,0,11
36,33,0,8
36,34,0,-7
36,35,0,3
36,36,0,71
36,37,0,-2
36,38,0,-2
36,39,0,3
36,40,0,-10
36,41,0,-1
36,42,0,-7
36,43,0,7
37,1,0,6
37,2,0,-8
37,3,0,-7
37,4,0,7
37,5,0,-5
37,6,0,-13
37,7,0,17
37,8,0,-7
37,9,0,15
37,10,0,9
37,11,0,-2
37,12,0,1
37,13,0,-8
37,14,0,-17
37,15,0,-8
37,16,0,-1
37,17,0,1
37,18,0,-5
37,19,0,-22
37,20,0,-5
37,21,0,-1
37,22,0,-6
37,23,0,10
37,24,0,5
37,25,0,-3
37,26,0,12
37,27,0,-9
37,29,0,-10
37,30,0,15
37,31,0,-4
37,32,0,5
37,33,0,-17
37,34,0,14
37,35,0,6
37,36,0,-2
37,37,0,78
37,38,0,-3
37,39,0,-10
37,40,0,-5
37,41,0,8
37,42,0,-1
37,43,0,-7
38,1,0,10
38,2,0,-5
38,3,0,8
38,4,0,10
38,5,0,-6
38,6,0,17
38,7,0,23
38,8,0,-4
38,9,0,13
38,10,0,3
38,11,0,-4
38,12,0,2
38,13,0,12
38,14,0,4
38,15,0,-1
38,16,0,-4
38,17,0,5
38,18,0,-13
38,20,0,3
38,21,0,6
38,22,0,-18
38,23,0,1
38,24,0,9
38,25,0,3
38,26,0,-4
38,27,0,-17
38,28,0,3
38,29,0,8
38,30,0,-4
38,31,0,13
38,32,0,-3
38,33,0,-1
38,34,0,3
38,35,0,-3
38,36,0,-2
38,37,0,-3
38,38,0,55
38,39,0,2
38,40,0,12
38,41,0,11
38,42,0,21
38,43,0,-19
39,1,0,3
39,2,0,24
39,3,0,-15
39,4,0,2
39,5,0,-6
39,6,0,-8
39,7,0,21
39,8,0,-13
39,9,0,2
39,10,0,-13
39,11,0,-6
39,12,0,23
39,13,0,-6
39,14,0,-16
39,15,0,10
39,16,0,-7
39,17,0,1
39,18,0,7
39,19,0,6
39,20,0,-6
39,21,0,-6
39,22,0,-4
39,23,0,5
39,24,0,15
39,25,0,-27
39,26,0,-7
39,27,0,-7
39,28,0,10
39,29,0,6
39,30,0,-3
39,31,0,-3
39,32,0,7
39,33,0,-1
39,34,0,-14
39,35,0,15
39,36,0,3
39,37,0,-10
39,38,0,2
39,39,0,67
39,40,0,11
39,41,0,10
39,42,0,-5
39,43,0,9
40,1,0,3
40,2,0,10
40,3,0,8
40,4,0,16
40,5,0,2
40,6,0,-5
40,7,0,-6
40,8,0,10
40,9,0,11
40,10,0,-3
40,11,0,4
40,12,0,12
40,13,0,-6
40,15,0,-13
40,16,0,14
40,17,0,-2
40,18,0,-3
40,19,0,2
40,20,0,-4
40,21,0,17
40,22,0,-16
40,23,0,1
40,24,0,-3
40,25,0,1
40,26,0,-4
40,27,0,2
40,28,0,3
40,29,0,8
40,30,0,-6
40,32,0,1
40,34,0,4
40,35,0,6
40,36,0,-10
40,37,0,-5
40,38,0,12
40,39,0,11
40,40,0,51
40,41,0,-9
40,42,0,-14
40,43,0,-1
41,1,0,4
41,2,0,5
41,3,0,-4
41,5,0,-1
41,6,0,-4
41,7,0,14
41,8,0,-18
41,9,0,5
41,10,0,22
41,11,0,7
41,12,0,8
41,13,0,-3
41,14,0,-8
41,15,0,25
41,16,0,-1
41,17,0,2
41,18,0,9
41,19,0,21
41,20,0,-17
41,21,0,-6
41,22,0,-8
41,23,0,5
41,24,0,-4
41,25,0,-6
41,26,0,2
41,27,0,11
41,28,0,22
41,29,0,7
41,30,0,-7
41,32,0,-2
41,33,0,-15
41,34,0,-1
41,35,0,-3
41,36,0,-1
41,37,0,8
41,38,0,11
41,39,0,10
41,40,0,-9
41,41,0,68
41,42,0,17
41,43,0,-10
42,1,0,2
42,2,0,-17
42,3,0,5
42,4,0,6
42,5,0,-14
42,6,0,3
42,7,0,9
42,8,0,-21
42,9,0,10
42,10,0,-4
42,11,0,6
42,12,0,1
42,13,0,-4
42,14,0,16
42,15,0,6
42,16,0,-16
42,18,0,-35
42,19,0,14
42,20,0,-9
42,21,0,4
42,22,0,-14
42,23,0,1
42,25,0,-7
42,26,0,-7
42,27,0,7
42,28,0,7
42,29,0,-8
42,30,0,4
42,32,0,-14
42,33,0,9
42,34,0,3
42,35,0,-9
42,36,0,-7
42,37,0,-1
42,38,0,21
42,39,0,-5
42,40,0,-14
42,41,0,17
42,42,0,64
42,43,0,-17
43,1,0,11
43,2,0,9
43,3,0,8
43,4,0,1
43,5,0,6
43,6,0,-2
43,7,0,1
43,8,0,-2
43,9,0,-10
43,10,0,-9
43,11,0,-1
43,12,0,-5
43,13,0,-20
43,14,0,-17
43,16,0,22
43,17,0,11
43,18,0,2
43,19,0,4
43,20,0,-4
43,21,0,-22
43,22,0,15
43,23,0,-15
43,24,0,-12
43,25,0,1
43,26,0,4
43,27,0,9
43,28,0,-12
43,29,0,-4
43,30,0,12
43,31,0,-4
43,32,0,-10
43,33,0,13
43,34,0,-19
43,35,0,8
43,36,0,7
43,37,0,-7
43,38,0,-19
43,39,0,9
43,40,0,-1
43,41,0,-10
43,42,0,-17
43,43,0,62
44,1,0,-1
45,1,0,-1
46,1,0,-1
47,1,0,-1
48,1,0,-1
49,1,0,-1
50,1,0,-1
51,1,0,-1
52,1,0,-1
53,1,0,-1
54,1,0,-1
55,1,0,-1
56,1,0,-1
57,1,0,-1
58,1,0,-1
59,1,0,-1
60,1,0,-1
61,1,0,-1
62,1,0,-1
63,1,0,-1
64,1,0,-1
65,1,0,-1
66,1,0,-1
67,1,0,-1
68,1,0,-1
69,1,0,-1
70,1,0,-1
71,1,0,-1
72,1,0,-1
73,1,0,-1
74,1,0,-1
75,1,0,-1
76,1,0,-1
77,1,0,-1
78,1,0,-1
79,1,0,-1
80,1,0,-1
81,1,0,-1
82,1,0,-1
83,1,0,-1
84,1,0,-1
85,1,0,-1
86,1,0,-1
87,1,0,-1
88,1,0,-1
89,1,0,-1
89,89,0,4
90,2,0,-1
90,90,0,3
90,90,1,2
91,3,0,-1
91,91,0,3
92,4,0,-1
92,92,0,2
92,92,1,-2
93,5,0,-1
93,93,0,4
93,93,1,3
94,6,0,-1
94,94,0,3
94,94,1,1
95,7,0,-1
95,95,0,1
96,8,0,-1
96,96,0,1
96,96,1,-1
97,9,0,-1
97,97,0,4
97,97,1,-2
98,10,0,-1
98,98,0,4
98,98,1,4
99,11,0,-1
99,99,0,5
100,12,0,-1
100,100,0,3
100,100,1,-2

q_data
1,0,-183
2,0,-268
3,0,180
4,0,95
5,0,-273
6,0,17
7,0,-245
7,1,128
8,0,-336
9,0,-372
10,0,-500
11,0,-357
12,0,-483
13,0,-170
14,0,-153
15,0,-44
16,0,-244
17,0,-450
18,0,-325
20,0,-75
21,0,-525
22,0,109
22,1,16
23,0,-257
24,0,-150
25,0,-370
26,0,-129
27,0,40
28,0,-75
29,0,-244
29,1,-229
30,0,56
30,1,24
31,0,178
32,0,-244
33,0,181
34,0,-268
35,0,-327
36,0,-21
37,0,-128
37,1,-113
38,0,-307
39,0,-151
40,0,-442
41,0,-268
42,0,66
43,0,235
44,0,1
45,0,1
46,0,1
46,1,-1
47,0,1
48,0,1
49,0,1
49,1,1
50,0,1
51,0,1
52,0,1
52,1,-1
53,0,1
54,0,1
55,0,1
56,0,1
57,0,1
58,0,1
59,0,1
60,0,1
61,0,1
62,0,1
63,0,1
64,0,1
65,0,5
66,0,1
66,1,-1
67,0,1
68,0,1
69,0,1
70,0,1
70,1,-1
71,0,1
72,0,1
73,0,1
74,0,1
75,0,1
76,0,1
77,0,1
78,0,3
79,0,1
80,0,1
81,0,1
82,0,1
82,1,-1
83,0,1
84,0,1
84,1,-1
85,0,1
86,0,1
87,0,1
87,1,1
88,0,1
89,0,-3
90,0,-2
91,0,-2
92,0,-2
93,0,-3
94,0,-2
95,0,6
96,0,2
97,0,3
98,0,-8
99,0,-1
100,0,-2

Param_Space
1,1,-1
2,1,1

Param_Space_RHS
0
1

END
