LCP


h
75

k
1

M_data
1,23,0,2
1,24,0,-2
1,25,0,1
1,26,0,-1
1,27,0,-2
1,28,0,2
1,29,0,2
1,30,0,2
1,31,0,2
1,32,0,1
1,33,0,2
1,36,0,-1
1,37,0,-1
1,38,0,1
1,39,0,2
1,40,0,2
1,41,0,2
1,42,0,2
1,44,0,-1
1,45,0,1
1,46,0,-2
1,49,0,-1
1,50,0,-2
1,51,0,-1
1,52,0,-2
1,53,0,-1
1,54,0,-1
1,55,0,1
1,56,0,-2
1,58,0,1
1,59,0,-1
1,62,0,-2
1,63,0,1
1,64,0,1
1,65,0,-2
1,66,0,1
1,67,0,-2
1,68,0,-1
1,70,0,1
1,72,0,2
1,73,0,2
1,74,0,-2
1,75,0,1
2,23,0,-2
2,24,0,2
2,26,0,2
2,27,0,2
2,28,0,-1
2,29,0,1
2,30,0,-1
2,31,0,-2
2,33,0,-1
2,34,0,-1
2,35,0,-2
2,36,0,-1
2,38,0,2
2,39,0,2
2,41,0,-1
2,42,0,-1
2,44,0,2
2,45,0,-2
2,46,0,-2
2,47,0,2
2,48,0,1
2,49,0,-1
2,50,0,1
2,51,0,-1
2,53,0,2
2,55,0,-2
2,56,0,1
2,58,0,1
2,62,0,-2
2,63,0,-2
2,64,0,1
2,66,0,1
2,67,0,-2
2,69,0,-1
2,70,0,-1
2,71,0,-1
2,72,0,-1
2,73,0,2
2,74,0,1
2,75,0,1
3,23,0,1
3,24,0,-2
3,26,0,-2
3,27,0,-1
3,28,0,-2
3,29,0,-2
3,30,0,-1
3,32,0,2
3,33,0,-1
3,34,0,-1
3,37,0,1
3,38,0,-2
3,39,0,1
3,41,0,1
3,43,0,-2
3,44,0,1
3,45,0,1
3,46,0,-1
3,47,0,2
3,48,0,-1
3,49,0,1
3,50,0,2
3,51,0,-2
3,52,0,2
3,53,0,2
3,54,0,-2
3,55,0,-1
3,56,0,1
3,57,0,-2
3,58,0,2
3,59,0,-2
3,60,0,-2
3,61,0,2
3,62,0,-2
3,63,0,2
3,66,0,-1
3,67,0,-1
3,68,0,2
3,69,0,-2
3,70,0,1
3,71,0,-1
3,73,0,1
3,74,0,2
3,75,0,2
4,23,0,2
4,24,0,2
4,25,0,2
4,27,0,-1
4,28,0,-1
4,29,0,-2
4,30,0,-1
4,31,0,2
4,32,0,2
4,33,0,-1
4,34,0,-1
4,35,0,-1
4,37,0,-1
4,38,0,-2
4,39,0,-1
4,40,0,-2
4,42,0,-1
4,43,0,-1
4,45,0,-1
4,47,0,-2
4,49,0,2
4,50,0,1
4,51,0,-2
4,53,0,2
4,54,0,-1
4,55,0,-1
4,56,0,2
4,58,0,1
4,60,0,1
4,61,0,-1
4,62,0,2
4,63,0,-1
4,64,0,2
4,65,0,2
4,68,0,-2
4,69,0,1
4,70,0,1
4,71,0,-2
4,72,0,-2
4,73,0,-1
4,74,0,1
4,75,0,1
5,23,0,2
5,24,0,-1
5,25,0,1
5,26,0,1
5,29,0,2
5,30,0,1
5,31,0,1
5,32,0,-2
5,34,0,-2
5,35,0,1
5,36,0,-1
5,38,0,-1
5,40,0,-1
5,42,0,1
5,43,0,2
5,44,0,1
5,45,0,-1
5,46,0,-2
5,47,0,2
5,49,0,-2
5,50,0,2
5,51,0,-1
5,52,0,-1
5,53,0,-1
5,54,0,1
5,55,0,-2
5,56,0,-1
5,57,0,2
5,58,0,-2
5,59,0,-1
5,60,0,-2
5,61,0,1
5,62,0,2
5,64,0,-1
5,65,0,-2
5,66,0,1
5,67,0,2
5,68,0,-2
5,69,0,1
5,72,0,1
5,74,0,-2
5,75,0,-2
6,23,0,1
6,24,0,-2
6,25,0,-1
6,27,0,2
6,29,0,-1
6,30,0,-2
6,31,0,1
6,32,0,2
6,33,0,1
6,34,0,2
6,35,0,-2
6,36,0,-1
6,37,0,-2
6,39,0,-1
6,40,0,2
6,41,0,-1
6,42,0,2
6,43,0,2
6,44,0,-1
6,45,0,-1
6,48,0,-2
6,50,0,-1
6,51,0,-2
6,53,0,2
6,54,0,-2
6,55,0,1
6,56,0,1
6,57,0,2
6,59,0,1
6,60,0,-1
6,61,0,2
6,62,0,2
6,65,0,-1
6,66,0,1
6,67,0,-1
6,70,0,-1
6,71,0,-2
6,72,0,1
6,73,0,-2
6,74,0,-2
6,75,0,-1
7,23,0,2
7,24,0,2
7,25,0,-1
7,26,0,1
7,27,0,2
7,29,0,-2
7,31,0,2
7,32,0,1
7,34,0,-1
7,35,0,-2
7,37,0,1
7,38,0,1
7,40,0,-2
7,41,0,2
7,43,0,2
7,44,0,1
7,46,0,1
7,47,0,-1
7,49,0,1
7,51,0,-1
7,53,0,-1
7,54,0,1
7,55,0,2
7,56,0,-1
7,58,0,2
7,59,0,2
7,61,0,1
7,62,0,2
7,63,0,1
7,64,0,-2
7,65,0,2
7,66,0,2
7,67,0,2
7,68,0,2
7,69,0,-2
7,70,0,-2
7,71,0,-2
7,72,0,-2
7,74,0,-2
7,75,0,-2
8,23,0,2
8,24,0,-2
8,25,0,2
8,26,0,-2
8,27,0,1
8,29,0,-2
8,30,0,2
8,31,0,-2
8,33,0,1
8,35,0,-1
8,36,0,-1
8,37,0,1
8,38,0,-2
8,39,0,-1
8,40,0,-1
8,41,0,-1
8,42,0,2
8,43,0,1
8,44,0,-2
8,45,0,1
8,46,0,2
8,47,0,1
8,48,0,2
8,49,0,-2
8,51,0,-1
8,52,0,-1
8,53,0,-1
8,55,0,2
8,57,0,2
8,58,0,1
8,59,0,-1
8,60,0,-1
8,61,0,-2
8,62,0,-1
8,63,0,1
8,65,0,1
8,67,0,-2
8,68,0,-2
8,69,0,1
8,70,0,-2
8,71,0,-1
8,72,0,-2
8,74,0,-2
8,75,0,-2
9,23,0,1
9,25,0,-1
9,27,0,-2
9,29,0,2
9,30,0,-1
9,31,0,-2
9,33,0,-2
9,34,0,1
9,35,0,2
9,36,0,1
9,39,0,-1
9,40,0,-2
9,41,0,-2
9,42,0,2
9,45,0,-1
9,48,0,1
9,49,0,-1
9,50,0,2
9,51,0,-2
9,52,0,-1
9,53,0,2
9,54,0,-1
9,55,0,-1
9,56,0,-2
9,59,0,1
9,60,0,1
9,61,0,-1
9,62,0,2
9,63,0,1
9,64,0,-1
9,66,0,-1
9,68,0,-2
9,69,0,-2
9,70,0,-1
9,71,0,-1
9,72,0,-2
9,75,0,1
10,25,0,1
10,27,0,1
10,28,0,-1
10,29,0,1
10,30,0,-2
10,32,0,1
10,33,0,1
10,34,0,-1
10,37,0,-1
10,39,0,1
10,40,0,-2
10,41,0,-1
10,44,0,2
10,45,0,1
10,46,0,-2
10,47,0,-1
10,48,0,1
10,49,0,1
10,50,0,-2
10,51,0,-2
10,52,0,-2
10,53,0,-2
10,54,0,1
10,55,0,-1
10,56,0,2
10,58,0,1
10,59,0,-2
10,60,0,1
10,61,0,1
10,62,0,1
10,63,0,2
10,66,0,-1
10,67,0,-1
10,69,0,1
10,70,0,-1
10,71,0,-2
10,72,0,-1
10,73,0,-2
11,23,0,-1
11,24,0,1
11,26,0,1
11,27,0,-2
11,29,0,2
11,30,0,-1
11,31,0,1
11,32,0,-2
11,33,0,-1
11,34,0,-1
11,35,0,2
11,36,0,2
11,38,0,1
11,39,0,-2
11,40,0,1
11,41,0,-2
11,42,0,1
11,43,0,1
11,45,0,-2
11,46,0,2
11,48,0,-2
11,49,0,1
11,50,0,1
11,51,0,1
11,52,0,-2
11,53,0,1
11,54,0,2
11,55,0,1
11,56,0,-2
11,58,0,-2
11,61,0,-1
11,62,0,2
11,64,0,-2
11,66,0,-1
11,67,0,-2
11,69,0,2
11,70,0,-1
11,71,0,-1
11,72,0,2
11,73,0,-2
11,74,0,-2
11,75,0,-2
12,23,0,2
12,24,0,2
12,29,0,1
12,30,0,-2
12,32,0,1
12,33,0,-1
12,34,0,1
12,38,0,2
12,39,0,-1
12,40,0,1
12,41,0,1
12,42,0,-2
12,43,0,-2
12,44,0,-1
12,45,0,1
12,46,0,-2
12,47,0,-1
12,48,0,-2
12,49,0,-1
12,50,0,2
12,51,0,2
12,53,0,1
12,54,0,-2
12,55,0,2
12,58,0,-2
12,61,0,-1
12,62,0,-1
12,64,0,2
12,65,0,1
12,66,0,-1
12,67,0,-2
12,68,0,-2
12,71,0,-2
12,72,0,-1
12,73,0,1
12,74,0,-2
12,75,0,-2
13,24,0,-1
13,25,0,-2
13,26,0,-2
13,27,0,2
13,29,0,2
13,30,0,1
13,31,0,1
13,32,0,2
13,33,0,-2
13,34,0,-2
13,35,0,1
13,37,0,-2
13,38,0,2
13,39,0,2
13,41,0,2
13,42,0,2
13,43,0,-1
13,45,0,1
13,46,0,2
13,47,0,1
13,48,0,-1
13,49,0,-1
13,50,0,1
13,52,0,1
13,53,0,2
13,54,0,-2
13,55,0,1
13,56,0,-2
13,58,0,-1
13,59,0,2
13,60,0,1
13,61,0,2
13,62,0,-1
13,63,0,-1
13,64,0,2
13,65,0,-2
13,66,0,-1
13,67,0,2
13,68,0,1
13,69,0,1
13,70,0,-2
13,71,0,2
13,72,0,-2
13,73,0,1
13,75,0,-2
14,23,0,-1
14,24,0,-2
14,25,0,1
14,26,0,-2
14,27,0,2
14,29,0,1
14,30,0,-2
14,31,0,-1
14,32,0,2
14,35,0,-2
14,36,0,-1
14,37,0,1
14,38,0,2
14,39,0,2
14,40,0,-2
14,41,0,-1
14,42,0,-2
14,44,0,1
14,45,0,2
14,46,0,-2
14,47,0,2
14,48,0,2
14,49,0,2
14,50,0,1
14,51,0,-1
14,52,0,-2
14,53,0,1
14,54,0,2
14,56,0,1
14,57,0,-1
14,58,0,-2
14,59,0,2
14,60,0,-1
14,61,0,-1
14,62,0,-1
14,64,0,1
14,65,0,2
14,66,0,2
14,67,0,-1
14,68,0,-1
14,69,0,-2
14,70,0,1
14,71,0,1
14,73,0,1
14,74,0,1
14,75,0,-1
15,23,0,-1
15,24,0,1
15,25,0,1
15,27,0,-2
15,28,0,1
15,29,0,2
15,30,0,-2
15,31,0,1
15,33,0,2
15,34,0,-2
15,35,0,1
15,37,0,1
15,39,0,-1
15,40,0,1
15,41,0,-1
15,42,0,2
15,43,0,1
15,47,0,2
15,48,0,-1
15,49,0,2
15,50,0,2
15,52,0,-1
15,53,0,-2
15,54,0,2
15,55,0,1
15,56,0,-1
15,57,0,2
15,58,0,-1
15,59,0,1
15,60,0,1
15,61,0,2
15,62,0,1
15,63,0,2
15,65,0,1
15,66,0,2
15,69,0,1
15,71,0,2
15,72,0,2
15,73,0,1
15,74,0,2
15,75,0,-2
16,26,0,-1
16,27,0,1
16,28,0,1
16,29,0,2
16,30,0,-1
16,31,0,-2
16,32,0,-1
16,34,0,-2
16,35,0,1
16,37,0,-2
16,38,0,2
16,40,0,1
16,41,0,1
16,43,0,-1
16,44,0,-2
16,45,0,-2
16,46,0,-2
16,47,0,-1
16,48,0,2
16,49,0,-1
16,52,0,-1
16,53,0,-2
16,54,0,-2
16,55,0,-1
16,58,0,2
16,60,0,2
16,61,0,2
16,62,0,2
16,65,0,-2
16,67,0,2
16,68,0,1
16,70,0,1
16,71,0,-2
16,74,0,1
16,75,0,2
17,24,0,-2
17,25,0,-2
17,26,0,2
17,27,0,2
17,28,0,-1
17,29,0,1
17,30,0,2
17,31,0,-1
17,32,0,1
17,33,0,2
17,34,0,1
17,35,0,-1
17,36,0,-2
17,37,0,-1
17,38,0,-2
17,39,0,2
17,41,0,2
17,43,0,-2
17,45,0,1
17,46,0,2
17,47,0,-1
17,48,0,2
17,49,0,2
17,50,0,2
17,51,0,-1
17,53,0,-1
17,54,0,1
17,55,0,-1
17,56,0,-2
17,57,0,-1
17,59,0,-2
17,61,0,-2
17,63,0,-1
17,64,0,1
17,66,0,1
17,67,0,1
17,68,0,-2
17,69,0,-1
17,71,0,-1
17,74,0,2
18,23,0,1
18,24,0,-1
18,25,0,-1
18,28,0,1
18,29,0,1
18,30,0,1
18,31,0,1
18,33,0,1
18,34,0,-1
18,36,0,-1
18,37,0,2
18,38,0,-1
18,39,0,1
18,41,0,2
18,42,0,2
18,43,0,1
18,44,0,-2
18,46,0,-1
18,49,0,-2
18,50,0,-2
18,51,0,-1
18,53,0,1
18,55,0,2
18,57,0,1
18,58,0,-1
18,59,0,2
18,60,0,2
18,62,0,-1
18,63,0,-1
18,64,0,-2
18,65,0,2
18,67,0,2
18,69,0,2
18,71,0,1
18,72,0,1
18,73,0,-2
18,74,0,1
18,75,0,1
19,23,0,-2
19,25,0,-1
19,27,0,2
19,29,0,-1
19,31,0,-1
19,32,0,-2
19,33,0,-2
19,34,0,1
19,35,0,-2
19,36,0,2
19,38,0,1
19,40,0,2
19,41,0,-2
19,43,0,-1
19,45,0,1
19,46,0,1
19,47,0,-2
19,49,0,-2
19,50,0,-2
19,51,0,1
19,52,0,-2
19,53,0,1
19,54,0,1
19,55,0,-2
19,56,0,1
19,57,0,2
19,58,0,1
19,60,0,2
19,61,0,-2
19,64,0,-1
19,65,0,-1
19,66,0,2
19,67,0,2
19,68,0,1
19,69,0,-2
19,71,0,-1
19,73,0,-2
19,74,0,-2
19,75,0,2
20,23,0,-1
20,24,0,-2
20,26,0,-2
20,27,0,2
20,28,0,2
20,29,0,1
20,30,0,1
20,31,0,1
20,32,0,-2
20,35,0,2
20,36,0,-2
20,37,0,-2
20,39,0,1
20,40,0,-2
20,41,0,1
20,42,0,2
20,43,0,-1
20,44,0,-2
20,48,0,-2
20,50,0,-2
20,51,0,1
20,52,0,1
20,54,0,2
20,55,0,1
20,56,0,1
20,57,0,1
20,58,0,2
20,59,0,2
20,60,0,2
20,61,0,1
20,62,0,-2
20,63,0,1
20,64,0,-1
20,65,0,1
20,66,0,-1
20,67,0,1
20,68,0,-2
20,69,0,-1
20,70,0,1
20,72,0,1
20,74,0,-2
21,23,0,2
21,24,0,2
21,25,0,-1
21,26,0,-1
21,28,0,-2
21,29,0,-1
21,30,0,-2
21,31,0,2
21,32,0,1
21,33,0,2
21,34,0,1
21,35,0,-2
21,36,0,2
21,37,0,2
21,38,0,-1
21,39,0,-2
21,42,0,1
21,43,0,1
21,44,0,1
21,46,0,1
21,47,0,2
21,50,0,-1
21,51,0,2
21,52,0,-2
21,53,0,1
21,54,0,1
21,55,0,-2
21,56,0,-2
21,57,0,-1
21,60,0,1
21,61,0,2
21,62,0,2
21,63,0,-1
21,64,0,2
21,65,0,-2
21,66,0,1
21,67,0,-2
21,70,0,-1
21,71,0,-1
21,73,0,1
21,74,0,2
21,75,0,1
22,23,0,-1
22,24,0,-1
22,25,0,-1
22,26,0,-1
22,27,0,-2
22,28,0,-1
22,29,0,-2
22,30,0,-1
22,31,0,-2
22,32,0,-1
22,33,0,1
22,34,0,-2
22,36,0,2
22,37,0,1
22,38,0,-1
22,39,0,1
22,40,0,-1
22,41,0,-1
22,42,0,-1
22,43,0,2
22,44,0,-1
22,45,0,1
22,47,0,2
22,48,0,2
22,50,0,-1
22,51,0,-1
22,53,0,2
22,54,0,-2
22,55,0,-1
22,56,0,-2
22,57,0,2
22,59,0,2
22,60,0,2
22,61,0,2
22,62,0,-2
22,63,0,1
22,64,0,-1
22,65,0,2
22,66,0,-2
22,67,0,1
22,68,0,2
22,71,0,2
22,72,0,-1
22,73,0,1
22,74,0,1
22,75,0,1
23,1,0,-2
23,2,0,2
23,3,0,-1
23,4,0,-2
23,5,0,-2
23,6,0,-1
23,7,0,-2
23,8,0,-2
23,9,0,-1
23,11,0,1
23,12,0,-2
23,14,0,1
23,15,0,1
23,18,0,-1
23,19,0,2
23,20,0,1
23,21,0,-2
23,22,0,1
23,23,0,75
23,23,1,18
23,24,0,-6
23,24,1,5
23,25,0,8
23,25,1,-4
23,26,0,12
23,26,1,-39
23,27,1,-8
23,28,0,2
23,28,1,-11
23,29,0,2
23,29,1,8
23,30,0,-3
23,30,1,14
23,31,0,5
23,31,1,-9
23,32,0,12
23,33,0,-12
23,33,1,11
23,34,0,-3
23,34,1,31
23,35,0,2
23,35,1,-4
23,36,0,15
23,36,1,4
23,37,0,3
23,37,1,-3
23,38,0,-3
23,38,1,6
23,39,0,14
23,39,1,-12
23,40,0,-4
23,40,1,-6
23,41,0,-8
23,41,1,5
23,42,0,25
23,42,1,-20
23,43,0,7
23,43,1,10
23,44,0,13
23,44,1,-20
23,45,0,1
23,45,1,-5
23,46,0,-10
23,46,1,1
23,47,0,-3
23,47,1,-12
23,48,0,4
23,48,1,-7
23,49,0,-5
23,49,1,1
23,50,0,13
23,50,1,-12
23,51,1,-17
23,52,0,-9
23,52,1,26
23,53,0,3
23,53,1,11
23,54,0,-5
23,54,1,8
23,55,0,3
23,55,1,-18
23,56,0,2
23,56,1,-7
23,57,0,-23
23,57,1,7
23,58,0,-2
23,58,1,17
23,59,0,-5
23,59,1,8
23,60,0,22
23,60,1,-31
23,61,0,-12
23,61,1,17
23,62,0,16
23,62,1,-15
23,63,0,-7
23,63,1,4
23,64,0,-11
23,64,1,10
23,65,0,13
23,65,1,-7
23,66,0,-10
23,66,1,20
23,67,0,-2
23,67,1,-4
23,68,0,7
23,68,1,-9
23,69,0,-12
23,69,1,4
23,70,0,2
23,70,1,-3
23,71,0,-5
23,71,1,2
23,72,0,15
23,72,1,-26
23,73,0,8
23,73,1,8
23,74,0,-8
23,74,1,-16
23,75,0,-22
23,75,1,19
24,1,0,2
24,2,0,-2
24,3,0,2
24,4,0,-2
24,5,0,1
24,6,0,2
24,7,0,-2
24,8,0,2
24,11,0,-1
24,12,0,-2
24,13,0,1
24,14,0,2
24,15,0,-1
24,17,0,2
24,18,0,1
24,20,0,2
24,21,0,-2
24,22,0,1
24,23,0,-6
24,23,1,5
24,24,0,88
24,25,0,-13
24,25,1,7
24,26,0,3
24,26,1,2
24,27,0,-13
24,27,1,9
24,28,0,-1
24,28,1,20
24,29,0,-15
24,29,1,27
24,30,0,-5
24,30,1,19
24,31,0,4
24,31,1,-22
24,32,0,-15
24,32,1,2
24,33,0,-17
24,33,1,6
24,34,0,-25
24,34,1,11
24,35,0,-19
24,35,1,21
24,36,0,-3
24,36,1,5
24,37,0,19
24,37,1,-23
24,38,0,-12
24,38,1,16
24,39,1,11
24,40,0,2
24,40,1,-3
24,41,0,18
24,41,1,1
24,42,0,4
24,42,1,-22
24,43,0,2
24,43,1,10
24,44,0,-23
24,44,1,12
24,45,0,-19
24,45,1,30
24,46,0,-9
24,46,1,-4
24,47,0,5
24,47,1,-15
24,48,0,4
24,48,1,2
24,49,0,20
24,49,1,-40
24,50,0,4
24,50,1,3
24,51,0,-10
24,51,1,-10
24,52,0,-2
24,52,1,13
24,53,0,-14
24,53,1,12
24,54,0,16
24,54,1,-29
24,55,0,2
24,55,1,18
24,56,0,8
24,56,1,-14
24,57,1,-14
24,58,0,1
24,59,0,2
24,59,1,-10
24,60,0,-28
24,60,1,15
24,61,0,13
24,61,1,-17
24,62,0,3
24,62,1,9
24,63,0,1
24,63,1,-9
24,64,0,15
24,64,1,-3
24,65,0,3
24,65,1,8
24,66,0,-4
24,66,1,-11
24,67,0,6
24,67,1,-7
24,68,0,4
24,68,1,-28
24,69,0,5
24,69,1,1
24,70,0,-9
24,70,1,4
24,71,0,2
24,71,1,-11
24,72,0,-7
24,72,1,-13
24,73,0,7
24,73,1,-21
24,74,0,-15
24,74,1,22
24,75,0,15
24,75,1,-24
25,1,0,-1
25,4,0,-2
25,5,0,-1
25,6,0,1
25,7,0,1
25,8,0,-2
25,9,0,1
25,10,0,-1
25,13,0,2
25,14,0,-1
25,15,0,-1
25,17,0,2
25,18,0,1
25,19,0,1
25,21,0,1
25,22,0,1
25,23,0,8
25,23,1,-4
25,24,0,-13
25,24,1,7
25,25,0,89
25,25,1,-18
25,26,0,-15
25,26,1,10
25,27,0,-26
25,27,1,15
25,28,0,-4
25,28,1,-15
25,29,0,-13
25,29,1,10
25,30,0,9
25,30,1,-9
25,31,0,-6
25,31,1,6
25,32,1,5
25,33,0,2
25,33,1,-14
25,34,0,-19
25,34,1,12
25,35,0,19
25,35,1,-22
25,36,0,-32
25,36,1,28
25,37,0,-16
25,37,1,12
25,38,0,12
25,38,1,-13
25,39,0,-9
25,39,1,8
25,40,0,-17
25,40,1,24
25,41,0,-22
25,41,1,38
25,42,0,-5
25,42,1,22
25,43,0,-14
25,43,1,37
25,44,0,21
25,44,1,-20
25,45,0,6
25,45,1,19
25,46,0,-14
25,46,1,34
25,47,0,-25
25,47,1,29
25,48,0,-6
25,48,1,25
25,49,0,-3
25,49,1,7
25,50,0,-5
25,50,1,-10
25,51,0,10
25,51,1,-16
25,52,0,-19
25,52,1,15
25,53,0,2
25,53,1,-8
25,54,0,-1
25,54,1,-12
25,55,0,5
25,55,1,-13
25,56,0,-9
25,56,1,16
25,57,0,-17
25,57,1,38
25,58,0,-1
25,58,1,-11
25,59,0,13
25,59,1,-24
25,60,0,20
25,60,1,-30
25,61,0,5
25,61,1,-13
25,62,0,-6
25,62,1,-1
25,63,0,-14
25,63,1,12
25,64,0,-24
25,64,1,9
25,65,0,18
25,65,1,-3
25,66,0,-7
25,66,1,5
25,67,0,-1
25,67,1,3
25,68,0,-8
25,68,1,16
25,69,0,-20
25,69,1,35
25,70,0,8
25,70,1,-4
25,71,0,-18
25,71,1,3
25,72,0,16
25,72,1,-25
25,73,0,10
25,73,1,5
25,74,0,18
25,74,1,-30
25,75,0,7
25,75,1,-2
26,1,0,1
26,2,0,-2
26,3,0,2
26,5,0,-1
26,7,0,-1
26,8,0,2
26,11,0,-1
26,13,0,2
26,14,0,2
26,16,0,1
26,17,0,-2
26,20,0,2
26,21,0,1
26,22,0,1
26,23,0,12
26,23,1,-39
26,24,0,3
26,24,1,2
26,25,0,-15
26,25,1,10
26,26,0,82
26,26,1,-1
26,27,0,10
26,27,1,-1
26,28,0,8
26,28,1,6
26,29,0,-8
26,29,1,18
26,30,0,12
26,30,1,-19
26,31,0,-13
26,31,1,16
26,32,0,8
26,32,1,-13
26,33,0,-26
26,33,1,16
26,34,0,1
26,34,1,1
26,35,0,-1
26,35,1,21
26,36,0,-7
26,37,0,8
26,37,1,-11
26,38,0,-21
26,38,1,40
26,39,0,-23
26,39,1,25
26,40,0,14
26,40,1,-9
26,41,0,-14
26,41,1,18
26,42,0,14
26,42,1,-25
26,43,0,12
26,43,1,-27
26,44,1,-6
26,45,0,8
26,45,1,8
26,46,0,-3
26,46,1,4
26,47,0,8
26,47,1,-17
26,48,0,4
26,48,1,-13
26,49,0,7
26,49,1,-15
26,50,0,23
26,50,1,-38
26,51,0,-2
26,51,1,6
26,52,0,17
26,52,1,-17
26,53,0,-4
26,53,1,21
26,54,0,21
26,54,1,-29
26,55,0,-1
26,55,1,5
26,56,0,10
26,56,1,-15
26,57,0,-31
26,57,1,44
26,58,0,8
26,58,1,-35
26,59,0,-12
26,59,1,-1
26,60,0,-5
26,60,1,9
26,61,0,-16
26,61,1,10
26,62,0,8
26,62,1,-14
26,63,0,6
26,63,1,-16
26,64,1,1
26,65,0,-2
26,65,1,-12
26,66,0,5
26,66,1,-24
26,67,0,19
26,67,1,-18
26,68,0,6
26,68,1,-3
26,69,1,-11
26,70,0,-12
26,70,1,25
26,71,0,10
26,72,0,10
26,72,1,-14
26,73,0,-11
26,73,1,-9
26,74,0,-19
26,74,1,23
26,75,0,-2
26,75,1,-2
27,1,0,2
27,2,0,-2
27,3,0,1
27,4,0,1
27,6,0,-2
27,7,0,-2
27,8,0,-1
27,9,0,2
27,10,0,-1
27,11,0,2
27,13,0,-2
27,14,0,-2
27,15,0,2
27,16,0,-1
27,17,0,-2
27,19,0,-2
27,20,0,-2
27,22,0,2
27,23,1,-8
27,24,0,-13
27,24,1,9
27,25,0,-26
27,25,1,15
27,26,0,10
27,26,1,-1
27,27,0,85
27,27,1,-16
27,28,0,12
27,28,1,-6
27,29,0,11
27,29,1,-10
27,30,0,13
27,30,1,8
27,31,0,1
27,31,1,-4
27,32,0,-5
27,32,1,5
27,33,0,-9
27,33,1,41
27,34,0,26
27,34,1,-39
27,35,0,-7
27,35,1,4
27,36,0,14
27,36,1,-22
27,37,0,1
27,37,1,-22
27,38,0,5
27,38,1,-18
27,39,0,-15
27,39,1,14
27,40,0,6
27,40,1,-10
27,41,0,-8
27,41,1,-8
27,42,0,4
27,42,1,-21
27,43,0,-8
27,43,1,21
27,44,0,-10
27,44,1,5
27,45,0,6
27,45,1,-23
27,46,0,3
27,46,1,-3
27,47,0,12
27,47,1,-4
27,48,0,21
27,48,1,-40
27,49,0,-6
27,49,1,15
27,50,0,14
27,50,1,-14
27,51,0,4
27,51,1,-6
27,52,0,15
27,52,1,-30
27,53,0,-4
27,53,1,-7
27,54,0,-6
27,54,1,-1
27,55,0,6
27,55,1,-8
27,56,0,-7
27,56,1,-8
27,57,0,8
27,57,1,-13
27,58,0,-11
27,58,1,-2
27,59,0,-5
27,59,1,3
27,60,0,20
27,60,1,-24
27,61,0,-2
27,61,1,-6
27,62,0,5
27,62,1,22
27,63,0,19
27,63,1,-13
27,64,0,16
27,64,1,-16
27,65,0,-19
27,65,1,15
27,66,1,7
27,67,0,1
27,67,1,2
27,68,0,-11
27,68,1,11
27,69,0,9
27,69,1,-22
27,70,0,-8
27,70,1,11
27,71,0,12
27,72,0,-9
27,72,1,13
27,73,0,4
27,73,1,20
27,74,0,-2
27,74,1,16
27,75,0,14
27,75,1,-27
28,1,0,-2
28,2,0,1
28,3,0,2
28,4,0,1
28,10,0,1
28,15,0,-1
28,16,0,-1
28,17,0,1
28,18,0,-1
28,20,0,-2
28,21,0,2
28,22,0,1
28,23,0,2
28,23,1,-11
28,24,0,-1
28,24,1,20
28,25,0,-4
28,25,1,-15
28,26,0,8
28,26,1,6
28,27,0,12
28,27,1,-6
28,28,0,79
28,28,1,10
28,29,0,-3
28,29,1,19
28,30,0,-12
28,30,1,12
28,31,0,6
28,31,1,-5
28,32,0,-12
28,32,1,-1
28,33,0,8
28,33,1,-13
28,34,0,18
28,34,1,-26
28,35,0,6
28,35,1,21
28,36,0,4
28,37,1,-1
28,38,0,7
28,38,1,6
28,39,0,2
28,39,1,-5
28,40,0,-3
28,40,1,10
28,41,0,-10
28,41,1,1
28,42,0,-16
28,42,1,10
28,43,0,5
28,43,1,-16
28,44,0,-9
28,44,1,8
28,45,0,-3
28,45,1,4
28,46,0,-6
28,47,0,13
28,47,1,-22
28,48,0,20
28,48,1,-30
28,49,0,6
28,49,1,-8
28,50,0,6
28,50,1,-2
28,51,1,-9
28,52,0,-11
28,52,1,-4
28,53,1,4
28,54,0,-4
28,54,1,-11
28,55,0,-8
28,55,1,10
28,56,0,-11
28,56,1,2
28,57,0,-8
28,57,1,2
28,58,0,6
28,58,1,-9
28,59,0,-6
28,59,1,1
28,60,1,25
28,61,0,-6
28,61,1,-20
28,62,0,8
28,62,1,-5
28,63,0,4
28,63,1,-35
28,64,0,4
28,64,1,9
28,65,0,6
28,65,1,-12
28,66,0,18
28,66,1,-23
28,67,0,19
28,67,1,-26
28,68,0,6
28,68,1,1
28,69,0,1
28,69,1,5
28,70,0,4
28,70,1,-11
28,71,0,20
28,71,1,4
28,72,0,-16
28,72,1,4
28,73,0,12
28,73,1,-33
28,74,0,-12
28,74,1,29
28,75,1,-10
29,1,0,-2
29,2,0,-1
29,3,0,2
29,4,0,2
29,5,0,-2
29,6,0,1
29,7,0,2
29,8,0,2
29,9,0,-2
29,10,0,-1
29,11,0,-2
29,12,0,-1
29,13,0,-2
29,14,0,-1
29,15,0,-2
29,16,0,-2
29,17,0,-1
29,18,0,-1
29,19,0,1
29,20,0,-1
29,21,0,1
29,22,0,2
29,23,0,2
29,23,1,8
29,24,0,-15
29,24,1,27
29,25,0,-13
29,25,1,10
29,26,0,-8
29,26,1,18
29,27,0,11
29,27,1,-10
29,28,0,-3
29,28,1,19
29,29,0,65
29,29,1,3
29,31,0,10
29,31,1,-20
29,32,0,-2
29,32,1,8
29,33,0,7
29,33,1,-20
29,34,0,13
29,34,1,-16
29,35,0,4
29,35,1,-1
29,36,0,7
29,36,1,-1
29,37,0,-10
29,37,1,11
29,38,0,2
29,38,1,9
29,39,0,18
29,39,1,-23
29,40,0,9
29,40,1,-11
29,41,1,11
29,42,0,11
29,42,1,4
29,43,0,-1
29,44,1,-1
29,45,0,-15
29,45,1,30
29,46,0,15
29,46,1,-17
29,47,0,7
29,47,1,-16
29,48,0,-11
29,48,1,12
29,49,0,-4
29,49,1,-10
29,50,0,-10
29,50,1,33
29,51,0,-1
29,51,1,-13
29,52,0,13
29,52,1,-23
29,53,0,-5
29,53,1,8
29,54,0,-9
29,54,1,-5
29,55,0,2
29,56,0,8
29,57,0,19
29,57,1,-30
29,58,0,-10
29,58,1,-7
29,59,0,-4
29,59,1,3
29,60,0,13
29,60,1,-23
29,61,0,-3
29,61,1,-8
29,62,0,-14
29,62,1,20
29,63,0,-5
29,63,1,-2
29,64,0,-7
29,64,1,34
29,65,0,-13
29,65,1,8
29,66,0,-7
29,66,1,10
29,67,0,-8
29,67,1,-20
29,68,0,-6
29,68,1,2
29,69,0,8
29,69,1,-11
29,70,0,-7
29,70,1,2
29,71,0,9
29,71,1,-12
29,72,0,12
29,72,1,-24
29,73,0,-6
29,73,1,11
29,74,0,-6
29,74,1,-10
29,75,0,3
29,75,1,-18
30,1,0,-2
30,2,0,1
30,3,0,1
30,4,0,1
30,5,0,-1
30,6,0,2
30,8,0,-2
30,9,0,1
30,10,0,2
30,11,0,1
30,12,0,2
30,13,0,-1
30,14,0,2
30,15,0,2
30,16,0,1
30,17,0,-2
30,18,0,-1
30,20,0,-1
30,21,0,2
30,22,0,1
30,23,0,-3
30,23,1,14
30,24,0,-5
30,24,1,19
30,25,0,9
30,25,1,-9
30,26,0,12
30,26,1,-19
30,27,0,13
30,27,1,8
30,28,0,-12
30,28,1,12
30,30,0,78
30,30,1,16
30,31,0,-12
30,31,1,2
30,32,0,3
30,32,1,-2
30,33,0,-17
30,33,1,45
30,34,0,-4
30,34,1,-4
30,35,0,3
30,35,1,-3
30,36,0,-14
30,36,1,7
30,37,0,1
30,37,1,-12
30,38,0,-6
30,38,1,11
30,39,0,-19
30,39,1,16
30,40,0,2
30,40,1,-24
30,41,0,-2
30,41,1,-14
30,42,0,-7
30,42,1,10
30,43,0,-4
30,43,1,20
30,44,0,-10
30,44,1,-2
30,45,0,-5
30,45,1,8
30,46,0,-10
30,46,1,9
30,47,0,12
30,47,1,-13
30,48,0,-5
30,48,1,12
30,49,0,3
30,49,1,10
30,50,0,18
30,50,1,-1
30,51,0,-2
30,51,1,10
30,52,0,5
30,52,1,-2
30,53,0,10
30,53,1,-9
30,54,0,-5
30,54,1,-10
30,55,0,18
30,55,1,-14
30,56,0,-6
30,56,1,12
30,57,0,-14
30,57,1,6
30,58,0,-11
30,58,1,21
30,59,0,2
30,59,1,-14
30,60,0,6
30,60,1,-19
30,61,0,-12
30,61,1,5
30,62,0,-5
30,62,1,31
30,63,0,7
30,63,1,-8
30,64,0,1
30,64,1,-21
30,65,0,4
30,65,1,2
30,66,0,2
30,66,1,13
30,67,0,3
30,67,1,13
30,68,0,5
30,68,1,-5
30,69,0,-13
30,69,1,9
30,70,0,2
30,70,1,-14
30,71,0,1
30,71,1,7
30,72,0,-1
30,72,1,11
30,73,0,3
30,73,1,-6
30,74,0,2
30,74,1,1
30,75,0,-4
30,75,1,-1
31,1,0,-2
31,2,0,2
31,4,0,-2
31,5,0,-1
31,6,0,-1
31,7,0,-2
31,8,0,2
31,9,0,2
31,11,0,-1
31,13,0,-1
31,14,0,1
31,15,0,-1
31,16,0,2
31,17,0,1
31,18,0,-1
31,19,0,1
31,20,0,-1
31,21,0,-2
31,22,0,2
31,23,0,5
31,23,1,-9
31,24,0,4
31,24,1,-22
31,25,0,-6
31,25,1,6
31,26,0,-13
31,26,1,16
31,27,0,1
31,27,1,-4
31,28,0,6
31,28,1,-5
31,29,0,10
31,29,1,-20
31,30,0,-12
31,30,1,2
31,31,0,82
31,31,1,13
31,32,0,4
31,32,1,-8
31,33,0,3
31,33,1,-5
31,34,0,-4
31,34,1,6
31,35,0,5
31,35,1,1
31,36,0,9
31,36,1,8
31,37,1,-3
31,38,0,9
31,38,1,-9
31,39,0,26
31,39,1,-38
31,40,0,11
31,40,1,-20
31,41,0,6
31,41,1,5
31,42,0,-9
31,42,1,18
31,43,0,-2
31,43,1,4
31,44,0,23
31,44,1,4
31,45,0,-4
31,45,1,12
31,46,0,2
31,46,1,7
31,47,0,7
31,47,1,17
31,48,0,6
31,48,1,4
31,49,0,-33
31,49,1,21
31,50,0,11
31,50,1,-5
31,51,0,-2
31,51,1,-16
31,52,0,-7
31,52,1,14
31,53,0,4
31,53,1,-8
31,54,0,3
31,54,1,7
31,55,0,10
31,55,1,-8
31,56,0,-18
31,56,1,33
31,57,0,-4
31,57,1,-15
31,58,0,-8
31,59,0,15
31,59,1,-13
31,60,0,-10
31,60,1,2
31,61,0,8
31,61,1,2
31,62,0,13
31,62,1,-13
31,63,0,-7
31,63,1,12
31,64,0,12
31,64,1,-4
31,65,0,-10
31,65,1,9
31,66,0,-5
31,66,1,16
31,67,0,-6
31,67,1,-4
31,68,0,1
31,68,1,2
31,69,1,25
31,70,0,-3
31,70,1,-14
31,71,0,7
31,71,1,-16
31,72,0,25
31,72,1,-15
31,73,0,-5
31,73,1,13
31,74,0,-5
31,74,1,-5
31,75,0,-3
31,75,1,-3
32,1,0,-1
32,3,0,-2
32,4,0,-2
32,5,0,2
32,6,0,-2
32,7,0,-1
32,10,0,-1
32,11,0,2
32,12,0,-1
32,13,0,-2
32,14,0,-2
32,16,0,1
32,17,0,-1
32,19,0,2
32,20,0,2
32,21,0,-1
32,22,0,1
32,23,0,12
32,24,0,-15
32,24,1,2
32,25,1,5
32,26,0,8
32,26,1,-13
32,27,0,-5
32,27,1,5
32,28,0,-12
32,28,1,-1
32,29,0,-2
32,29,1,8
32,30,0,3
32,30,1,-2
32,31,0,4
32,31,1,-8
32,32,0,80
32,32,1,-24
32,33,0,13
32,33,1,-11
32,34,0,14
32,34,1,-31
32,35,0,-16
32,35,1,13
32,36,0,-11
32,36,1,11
32,37,0,12
32,37,1,-9
32,38,0,-5
32,38,1,-4
32,39,0,7
32,39,1,-8
32,40,0,-2
32,40,1,-2
32,41,0,3
32,41,1,-5
32,42,0,3
32,42,1,-2
32,43,0,-5
32,43,1,2
32,44,0,10
32,44,1,-22
32,45,0,4
32,45,1,8
32,46,0,-23
32,46,1,34
32,47,0,8
32,47,1,-9
32,48,0,-24
32,48,1,13
32,49,0,2
32,49,1,8
32,50,0,-8
32,50,1,-5
32,51,0,-9
32,51,1,6
32,52,0,-1
32,52,1,-18
32,53,0,-17
32,53,1,12
32,54,0,-1
32,54,1,8
32,55,0,1
32,55,1,-15
32,56,0,-10
32,56,1,6
32,57,0,-23
32,57,1,19
32,58,0,-9
32,58,1,1
32,59,0,-22
32,59,1,28
32,60,0,-2
32,60,1,-6
32,61,1,-19
32,62,0,-6
32,62,1,10
32,63,0,19
32,63,1,-19
32,64,0,4
32,64,1,-8
32,65,0,-7
32,65,1,12
32,66,0,-8
32,66,1,14
32,67,0,4
32,67,1,-10
32,68,0,10
32,68,1,-10
32,69,0,-1
32,69,1,-2
32,70,0,-11
32,70,1,1
32,71,0,7
32,71,1,-14
32,72,0,5
32,72,1,12
32,73,0,-1
32,74,0,-9
32,74,1,7
32,75,0,9
32,75,1,3
33,1,0,-2
33,2,0,1
33,3,0,1
33,4,0,1
33,6,0,-1
33,8,0,-1
33,9,0,2
33,10,0,-1
33,11,0,1
33,12,0,1
33,13,0,2
33,15,0,-2
33,17,0,-2
33,18,0,-1
33,19,0,2
33,21,0,-2
33,22,0,-1
33,23,0,-12
33,23,1,11
33,24,0,-17
33,24,1,6
33,25,0,2
33,25,1,-14
33,26,0,-26
33,26,1,16
33,27,0,-9
33,27,1,41
33,28,0,8
33,28,1,-13
33,29,0,7
33,29,1,-20
33,30,0,-17
33,30,1,45
33,31,0,3
33,31,1,-5
33,32,0,13
33,32,1,-11
33,33,0,78
33,33,1,15
33,34,0,-4
33,34,1,1
33,35,0,8
33,35,1,-3
33,36,0,-11
33,36,1,13
33,37,0,-9
33,37,1,-17
33,38,0,3
33,38,1,-17
33,39,0,22
33,39,1,-45
33,40,0,2
33,41,0,-5
33,41,1,-7
33,42,0,-6
33,42,1,-10
33,43,1,6
33,44,0,4
33,44,1,2
33,45,0,2
33,45,1,-31
33,46,0,3
33,46,1,-27
33,47,0,-9
33,47,1,19
33,48,0,-10
33,48,1,13
33,49,1,7
33,50,0,-15
33,50,1,18
33,51,0,-4
33,51,1,25
33,52,0,-7
33,52,1,-4
33,53,0,-17
33,53,1,4
33,54,0,-21
33,54,1,15
33,55,0,-9
33,55,1,-11
33,56,1,5
33,57,0,23
33,57,1,-8
33,58,0,-9
33,58,1,6
33,59,0,5
33,59,1,-16
33,60,0,7
33,60,1,-3
33,61,0,-3
33,61,1,11
33,62,0,7
33,62,1,1
33,63,0,21
33,63,1,-26
33,64,0,-11
33,64,1,-3
33,65,0,5
33,65,1,6
33,66,0,11
33,66,1,-4
33,67,0,-2
33,67,1,5
33,68,0,-1
33,68,1,-16
33,69,0,11
33,69,1,-27
33,70,0,-3
33,70,1,7
33,71,0,-22
33,71,1,18
33,72,0,-5
33,72,1,23
33,73,0,-7
33,73,1,24
33,74,0,-14
33,74,1,18
33,75,0,12
33,75,1,-14
34,2,0,1
34,3,0,1
34,4,0,1
34,5,0,2
34,6,0,-2
34,7,0,1
34,9,0,-1
34,10,0,1
34,11,0,1
34,12,0,-1
34,13,0,2
34,15,0,2
34,16,0,2
34,17,0,-1
34,18,0,1
34,19,0,-1
34,21,0,-1
34,22,0,2
34,23,0,-3
34,23,1,31
34,24,0,-25
34,24,1,11
34,25,0,-19
34,25,1,12
34,26,0,1
34,26,1,1
34,27,0,26
34,27,1,-39
34,28,0,18
34,28,1,-26
34,29,0,13
34,29,1,-16
34,30,0,-4
34,30,1,-4
34,31,0,-4
34,31,1,6
34,32,0,14
34,32,1,-31
34,33,0,-4
34,33,1,1
34,34,0,62
34,34,1,23
34,35,0,-3
34,35,1,4
34,36,0,15
34,36,1,-6
34,37,0,8
34,37,1,6
34,38,0,1
34,39,0,-4
34,39,1,-13
34,40,0,3
34,40,1,-27
34,41,0,1
34,41,1,-13
34,42,0,-4
34,42,1,16
34,43,0,2
34,43,1,-6
34,44,0,-4
34,44,1,20
34,45,0,9
34,45,1,-18
34,46,0,-2
34,46,1,-12
34,47,0,15
34,47,1,-6
34,48,0,-11
34,48,1,12
34,49,0,-1
34,49,1,-8
34,50,0,-3
34,51,0,9
34,51,1,-12
34,52,0,13
34,52,1,6
34,53,0,-6
34,53,1,21
34,54,0,-1
34,54,1,7
34,55,0,-1
34,55,1,-11
34,56,0,6
34,56,1,9
34,57,0,5
34,57,1,-22
34,58,0,16
34,58,1,-2
34,59,0,-15
34,59,1,6
34,60,0,1
34,60,1,-6
34,61,0,3
34,61,1,22
34,62,0,2
34,62,1,-25
34,63,0,-15
34,63,1,20
34,64,0,14
34,64,1,-20
34,65,0,-21
34,65,1,5
34,66,0,1
34,66,1,6
34,67,0,25
34,67,1,-32
34,68,0,1
34,68,1,-5
34,69,0,14
34,69,1,-16
34,70,0,7
34,70,1,-10
34,71,0,19
34,71,1,-27
34,72,0,-12
34,72,1,21
34,73,0,-5
34,73,1,13
34,74,0,14
34,74,1,-26
34,75,0,6
34,75,1,-17
35,2,0,2
35,4,0,1
35,5,0,-1
35,6,0,2
35,7,0,2
35,8,0,1
35,9,0,-2
35,11,0,-2
35,13,0,-1
35,14,0,2
35,15,0,-1
35,16,0,-1
35,17,0,1
35,19,0,2
35,20,0,-2
35,21,0,2
35,23,0,2
35,23,1,-4
35,24,0,-19
35,24,1,21
35,25,0,19
35,25,1,-22
35,26,0,-1
35,26,1,21
35,27,0,-7
35,27,1,4
35,28,0,6
35,28,1,21
35,29,0,4
35,29,1,-1
35,30,0,3
35,30,1,-3
35,31,0,5
35,31,1,1
35,32,0,-16
35,32,1,13
35,33,0,8
35,33,1,-3
35,34,0,-3
35,34,1,4
35,35,0,72
35,35,1,8
35,36,0,-1
35,36,1,-2
35,37,0,-17
35,37,1,16
35,38,0,4
35,38,1,-14
35,39,0,6
35,39,1,-9
35,40,0,-2
35,40,1,8
35,41,0,-23
35,41,1,15
35,42,0,-8
35,42,1,21
35,43,0,-8
35,43,1,24
35,44,0,14
35,44,1,-19
35,45,0,-5
35,45,1,6
35,46,0,19
35,46,1,-9
35,47,0,-9
35,47,1,10
35,48,0,6
35,48,1,-1
35,49,0,-6
35,50,0,6
35,51,0,-6
35,51,1,5
35,52,0,-29
35,52,1,26
35,53,0,9
35,53,1,-10
35,54,0,5
35,55,0,7
35,55,1,-13
35,56,0,-5
35,56,1,-4
35,57,0,2
35,57,1,-8
35,58,0,9
35,58,1,-7
35,59,0,23
35,59,1,-32
35,60,0,13
35,60,1,-19
35,61,0,-15
35,61,1,7
35,62,0,1
35,62,1,-11
35,63,0,-6
35,63,1,-3
35,64,0,-5
35,64,1,7
35,65,0,16
35,65,1,-13
35,66,0,25
35,66,1,-7
35,67,0,6
35,67,1,1
35,68,0,-6
35,68,1,1
35,69,0,10
35,69,1,-13
35,70,0,-2
35,70,1,14
35,71,0,9
35,71,1,-8
35,72,0,-10
35,72,1,-1
35,73,0,-11
35,73,1,-2
35,74,0,5
35,74,1,5
35,75,0,10
35,75,1,-29
36,1,0,1
36,2,0,1
36,5,0,1
36,6,0,1
36,8,0,1
36,9,0,-1
36,11,0,-2
36,14,0,1
36,17,0,2
36,18,0,1
36,19,0,-2
36,20,0,2
36,21,0,-2
36,22,0,-2
36,23,0,15
36,23,1,4
36,24,0,-3
36,24,1,5
36,25,0,-32
36,25,1,28
36,26,0,-7
36,27,0,14
36,27,1,-22
36,28,0,4
36,29,0,7
36,29,1,-1
36,30,0,-14
36,30,1,7
36,31,0,9
36,31,1,8
36,32,0,-11
36,32,1,11
36,33,0,-11
36,33,1,13
36,34,0,15
36,34,1,-6
36,35,0,-1
36,35,1,-2
36,36,0,79
36,36,1,-23
36,37,0,6
36,37,1,-7
36,38,0,-2
36,38,1,3
36,39,0,6
36,39,1,-5
36,40,0,-3
36,40,1,-8
36,41,0,9
36,41,1,-17
36,42,0,8
36,42,1,-12
36,43,0,2
36,43,1,15
36,44,0,-4
36,44,1,13
36,45,0,-22
36,45,1,30
36,46,0,-5
36,46,1,4
36,47,0,6
36,47,1,-3
36,48,0,-9
36,48,1,3
36,49,0,-16
36,49,1,5
36,50,0,-6
36,50,1,15
36,51,0,5
36,51,1,-7
36,52,0,-9
36,52,1,14
36,53,1,-5
36,54,0,5
36,54,1,-12
36,55,0,-12
36,55,1,-3
36,56,0,-9
36,56,1,21
36,57,0,13
36,57,1,-10
36,58,0,15
36,58,1,-3
36,59,0,-21
36,59,1,20
36,60,0,6
36,60,1,14
36,61,0,-4
36,61,1,11
36,62,0,3
36,62,1,-20
36,63,1,-4
36,64,0,6
36,64,1,-7
36,65,0,-17
36,65,1,33
36,66,0,-17
36,66,1,15
36,67,0,-24
36,67,1,10
36,68,0,-2
36,68,1,2
36,69,0,7
36,69,1,6
36,70,0,19
36,70,1,-27
36,71,0,1
36,71,1,-7
36,72,0,-7
36,72,1,17
36,73,0,-2
36,73,1,15
36,74,0,6
36,74,1,-21
36,75,0,-15
36,75,1,27
37,1,0,1
37,3,0,-1
37,4,0,1
37,6,0,2
37,7,0,-1
37,8,0,-1
37,10,0,1
37,13,0,2
37,14,0,-1
37,15,0,-1
37,16,0,2
37,17,0,1
37,18,0,-2
37,20,0,2
37,21,0,-2
37,22,0,-1
37,23,0,3
37,23,1,-3
37,24,0,19
37,24,1,-23
37,25,0,-16
37,25,1,12
37,26,0,8
37,26,1,-11
37,27,0,1
37,27,1,-22
37,28,1,-1
37,29,0,-10
37,29,1,11
37,30,0,1
37,30,1,-12
37,31,1,-3
37,32,0,12
37,32,1,-9
37,33,0,-9
37,33,1,-17
37,34,0,8
37,34,1,6
37,35,0,-17
37,35,1,16
37,36,0,6
37,36,1,-7
37,37,0,64
37,37,1,15
37,38,0,7
37,38,1,-9
37,39,0,7
37,39,1,9
37,40,1,-8
37,41,1,-19
37,42,0,11
37,42,1,-14
37,43,0,13
37,43,1,-11
37,44,0,-11
37,44,1,4
37,45,0,-1
37,45,1,11
37,46,0,-18
37,46,1,11
37,47,0,15
37,47,1,-20
37,48,1,-6
37,49,0,3
37,49,1,-8
37,50,0,1
37,50,1,10
37,51,0,1
37,51,1,-17
37,52,0,10
37,52,1,-3
37,53,0,19
37,53,1,-19
37,54,0,-5
37,54,1,2
37,55,0,-4
37,55,1,23
37,56,0,-10
37,56,1,6
37,57,0,9
37,57,1,-22
37,58,0,-2
37,58,1,-4
37,59,0,-20
37,59,1,26
37,60,0,-3
37,60,1,11
37,61,1,4
37,62,0,26
37,62,1,-31
37,63,0,-7
37,63,1,-3
37,64,0,18
37,64,1,-14
37,65,0,-7
37,65,1,8
37,66,0,-10
37,66,1,2
37,67,0,-2
37,67,1,-6
37,68,0,18
37,68,1,-24
37,69,0,8
37,69,1,-6
37,70,0,2
37,70,1,10
37,71,0,-2
37,71,1,15
37,72,0,-15
37,72,1,9
37,73,0,-18
37,73,1,13
37,74,0,1
37,74,1,2
37,75,0,3
37,75,1,10
38,1,0,-1
38,2,0,-2
38,3,0,2
38,4,0,2
38,5,0,1
38,7,0,-1
38,8,0,2
38,11,0,-1
38,12,0,-2
38,13,0,-2
38,14,0,-2
38,16,0,-2
38,17,0,2
38,18,0,1
38,19,0,-1
38,21,0,1
38,22,0,1
38,23,0,-3
38,23,1,6
38,24,0,-12
38,24,1,16
38,25,0,12
38,25,1,-13
38,26,0,-21
38,26,1,40
38,27,0,5
38,27,1,-18
38,28,0,7
38,28,1,6
38,29,0,2
38,29,1,9
38,30,0,-6
38,30,1,11
38,31,0,9
38,31,1,-9
38,32,0,-5
38,32,1,-4
38,33,0,3
38,33,1,-17
38,34,0,1
38,35,0,4
38,35,1,-14
38,36,0,-2
38,36,1,3
38,37,0,7
38,37,1,-9
38,38,0,61
38,38,1,12
38,39,0,14
38,39,1,-13
38,40,0,7
38,40,1,-7
38,41,0,-7
38,41,1,17
38,42,0,-4
38,42,1,14
38,43,0,-1
38,44,0,3
38,44,1,-3
38,45,0,-8
38,45,1,10
38,46,0,9
38,46,1,4
38,47,0,-1
38,47,1,-25
38,48,0,7
38,48,1,-19
38,49,0,-15
38,49,1,11
38,50,0,2
38,50,1,2
38,51,0,4
38,52,0,-9
38,52,1,28
38,53,0,21
38,53,1,-3
38,54,0,-16
38,54,1,11
38,55,0,2
38,55,1,-2
38,56,0,-9
38,56,1,9
38,57,0,3
38,58,0,-2
38,58,1,-9
38,59,0,-1
38,59,1,-3
38,60,0,8
38,60,1,5
38,61,1,5
38,62,0,-6
38,62,1,4
38,63,0,-17
38,63,1,27
38,64,1,5
38,65,0,-1
38,65,1,-16
38,66,0,-10
38,66,1,12
38,67,0,-18
38,67,1,18
38,68,0,-21
38,68,1,32
38,69,0,-14
38,69,1,-11
38,70,0,5
38,70,1,-19
38,71,0,3
38,71,1,14
38,72,0,7
38,72,1,-19
38,73,0,16
38,73,1,-29
38,74,0,17
38,74,1,-31
38,75,0,-7
38,75,1,10
39,1,0,-2
39,2,0,-2
39,3,0,-1
39,4,0,1
39,6,0,1
39,8,0,1
39,9,0,1
39,10,0,-1
39,11,0,2
39,12,0,1
39,13,0,-2
39,14,0,-2
39,15,0,1
39,17,0,-2
39,18,0,-1
39,20,0,-1
39,21,0,2
39,22,0,-1
39,23,0,14
39,23,1,-12
39,24,1,11
39,25,0,-9
39,25,1,8
39,26,0,-23
39,26,1,25
39,27,0,-15
39,27,1,14
39,28,0,2
39,28,1,-5
39,29,0,18
39,29,1,-23
39,30,0,-19
39,30,1,16
39,31,0,26
39,31,1,-38
39,32,0,7
39,32,1,-8
39,33,0,22
39,33,1,-45
39,34,0,-4
39,34,1,-13
39,35,0,6
39,35,1,-9
39,36,0,6
39,36,1,-5
39,37,0,7
39,37,1,9
39,38,0,14
39,38,1,-13
39,39,0,81
39,39,1,-3
39,40,1,6
39,41,0,-4
39,41,1,3
39,42,0,11
39,42,1,-9
39,43,0,7
39,43,1,7
39,44,0,11
39,44,1,-22
39,45,0,-17
39,45,1,15
39,46,0,-2
39,46,1,19
39,47,0,17
39,47,1,-26
39,48,0,-5
39,48,1,-21
39,49,0,-27
39,49,1,27
39,50,0,-2
39,50,1,-14
39,51,0,-6
39,51,1,22
39,52,0,-6
39,52,1,9
39,53,0,4
39,53,1,-7
39,54,0,-8
39,54,1,11
39,55,0,-4
39,55,1,21
39,56,0,1
39,56,1,-20
39,57,0,8
39,57,1,-25
39,58,0,-3
39,58,1,10
39,59,0,-8
39,59,1,-1
39,60,0,21
39,60,1,-8
39,61,0,-12
39,61,1,-3
39,62,0,13
39,62,1,-3
39,63,1,4
39,64,0,1
39,64,1,-3
39,65,0,22
39,65,1,-27
39,66,0,1
39,66,1,1
39,67,0,-9
39,67,1,15
39,68,0,-1
39,68,1,2
39,69,0,10
39,69,1,-11
39,70,0,16
39,70,1,-12
39,71,0,-18
39,71,1,40
39,72,0,-4
39,72,1,2
39,73,0,-9
39,73,1,-2
39,74,0,6
39,74,1,-15
39,75,0,-5
39,75,1,14
40,1,0,-2
40,4,0,2
40,5,0,1
40,6,0,-2
40,7,0,2
40,8,0,1
40,9,0,2
40,10,0,2
40,11,0,-1
40,12,0,-1
40,14,0,2
40,15,0,-1
40,16,0,-1
40,19,0,-2
40,20,0,2
40,22,0,1
40,23,0,-4
40,23,1,-6
40,24,0,2
40,24,1,-3
40,25,0,-17
40,25,1,24
40,26,0,14
40,26,1,-9
40,27,0,6
40,27,1,-10
40,28,0,-3
40,28,1,10
40,29,0,9
40,29,1,-11
40,30,0,2
40,30,1,-24
40,31,0,11
40,31,1,-20
40,32,0,-2
40,32,1,-2
40,33,0,2
40,34,0,3
40,34,1,-27
40,35,0,-2
40,35,1,8
40,36,0,-3
40,36,1,-8
40,37,1,-8
40,38,0,7
40,38,1,-7
40,39,1,6
40,40,0,70
40,40,1,-7
40,41,0,8
40,41,1,2
40,42,0,7
40,42,1,-16
40,43,0,10
40,43,1,-35
40,44,0,4
40,44,1,-3
40,45,0,6
40,45,1,-11
40,46,0,2
40,46,1,-2
40,47,0,17
40,47,1,-19
40,48,0,-12
40,48,1,17
40,49,0,-8
40,49,1,5
40,50,0,11
40,50,1,-8
40,51,0,4
40,51,1,16
40,52,0,16
40,52,1,-26
40,53,0,16
40,53,1,-4
40,54,0,-15
40,54,1,19
40,55,0,3
40,55,1,2
40,56,0,-1
40,56,1,-24
40,57,0,1
40,57,1,16
40,58,0,-6
40,58,1,8
40,59,0,1
40,59,1,-12
40,60,0,-2
40,60,1,14
40,61,0,-10
40,61,1,7
40,62,0,1
40,62,1,-8
40,63,0,-8
40,63,1,-4
40,64,0,11
40,64,1,-8
40,65,0,-4
40,65,1,12
40,66,0,-6
40,66,1,-11
40,67,0,-1
40,67,1,-6
40,68,0,-6
40,69,0,1
40,70,0,-11
40,70,1,26
40,71,0,-7
40,71,1,13
40,72,0,7
40,72,1,-7
40,73,0,12
40,73,1,-16
40,74,0,1
40,74,1,5
40,75,0,1
40,75,1,-4
41,1,0,-2
41,2,0,1
41,3,0,-1
41,6,0,1
41,7,0,-2
41,8,0,1
41,9,0,2
41,10,0,1
41,11,0,2
41,12,0,-1
41,13,0,-2
41,14,0,1
41,15,0,1
41,16,0,-1
41,17,0,-2
41,18,0,-2
41,19,0,2
41,20,0,-1
41,22,0,1
41,23,0,-8
41,23,1,5
41,24,0,18
41,24,1,1
41,25,0,-22
41,25,1,38
41,26,0,-14
41,26,1,18
41,27,0,-8
41,27,1,-8
41,28,0,-10
41,28,1,1
41,29,1,11
41,30,0,-2
41,30,1,-14
41,31,0,6
41,31,1,5
41,32,0,3
41,32,1,-5
41,33,0,-5
41,33,1,-7
41,34,0,1
41,34,1,-13
41,35,0,-23
41,35,1,15
41,36,0,9
41,36,1,-17
41,37,1,-19
41,38,0,-7
41,38,1,17
41,39,0,-4
41,39,1,3
41,40,0,8
41,40,1,2
41,41,0,86
41,41,1,-13
41,42,0,-5
41,43,0,-11
41,43,1,17
41,44,0,-6
41,44,1,15
41,45,0,-9
41,45,1,27
41,46,0,6
41,46,1,8
41,47,0,5
41,47,1,-16
41,48,0,-13
41,48,1,23
41,49,0,16
41,49,1,-23
41,50,0,-8
41,50,1,7
41,51,0,-6
41,51,1,-7
41,52,0,-6
41,52,1,10
41,53,0,-2
41,53,1,-7
41,54,0,5
41,54,1,-5
41,55,0,-5
41,55,1,5
41,56,0,-8
41,56,1,6
41,57,0,15
41,57,1,-16
41,58,0,-6
41,59,0,-4
41,59,1,22
41,60,0,-23
41,60,1,4
41,61,0,24
41,61,1,-24
41,62,0,-24
41,62,1,10
41,63,0,-7
41,63,1,3
41,64,0,17
41,64,1,-24
41,65,0,-9
41,65,1,-1
41,66,0,-13
41,66,1,18
41,67,0,-12
41,67,1,-6
41,68,0,-5
41,68,1,-10
41,69,0,-3
41,69,1,16
41,70,0,16
41,70,1,-23
41,71,0,-22
41,71,1,-7
41,72,0,7
41,72,1,-34
41,73,0,2
41,73,1,-12
41,74,0,3
41,74,1,-11
41,75,0,-24
41,75,1,14
42,1,0,-2
42,2,0,1
42,4,0,1
42,5,0,-1
42,6,0,-2
42,8,0,-2
42,9,0,-2
42,11,0,-1
42,12,0,2
42,13,0,-2
42,14,0,2
42,15,0,-2
42,18,0,-2
42,20,0,-2
42,21,0,-1
42,22,0,1
42,23,0,25
42,23,1,-20
42,24,0,4
42,24,1,-22
42,25,0,-5
42,25,1,22
42,26,0,14
42,26,1,-25
42,27,0,4
42,27,1,-21
42,28,0,-16
42,28,1,10
42,29,0,11
42,29,1,4
42,30,0,-7
42,30,1,10
42,31,0,-9
42,31,1,18
42,32,0,3
42,32,1,-2
42,33,0,-6
42,33,1,-10
42,34,0,-4
42,34,1,16
42,35,0,-8
42,35,1,21
42,36,0,8
42,36,1,-12
42,37,0,11
42,37,1,-14
42,38,0,-4
42,38,1,14
42,39,0,11
42,39,1,-9
42,40,0,7
42,40,1,-16
42,41,0,-5
42,42,0,90
42,42,1,1
42,43,0,2
42,43,1,-7
42,44,1,4
42,45,0,9
42,45,1,2
42,46,0,6
42,46,1,15
42,47,0,-2
42,48,0,-10
42,48,1,-3
42,49,0,-14
42,49,1,15
42,50,0,10
42,50,1,3
42,51,0,3
42,51,1,2
42,52,0,4
42,52,1,-8
42,53,0,5
42,53,1,7
42,54,0,-12
42,54,1,15
42,55,0,2
42,55,1,-17
42,56,0,9
42,56,1,17
42,57,0,-7
42,57,1,10
42,58,0,-5
42,58,1,10
42,59,0,-9
42,59,1,-11
42,60,0,19
42,60,1,-23
42,61,0,-16
42,61,1,24
42,62,0,7
42,62,1,-10
42,63,0,-14
42,63,1,31
42,64,0,-6
42,64,1,27
42,65,0,15
42,65,1,-38
42,66,0,-25
42,66,1,41
42,67,0,3
42,67,1,6
42,68,0,16
42,68,1,-3
42,69,0,4
42,69,1,3
42,70,0,2
42,70,1,-15
42,71,0,13
42,71,1,-19
42,73,0,-7
42,73,1,2
42,74,0,-6
42,74,1,-5
42,75,0,-2
42,75,1,-18
43,3,0,2
43,4,0,1
43,5,0,-2
43,6,0,-2
43,7,0,-2
43,8,0,-1
43,11,0,-1
43,12,0,2
43,13,0,1
43,15,0,-1
43,16,0,1
43,17,0,2
43,18,0,-1
43,19,0,1
43,20,0,1
43,21,0,-1
43,22,0,-2
43,23,0,7
43,23,1,10
43,24,0,2
43,24,1,10
43,25,0,-14
43,25,1,37
43,26,0,12
43,26,1,-27
43,27,0,-8
43,27,1,21
43,28,0,5
43,28,1,-16
43,29,0,-1
43,30,0,-4
43,30,1,20
43,31,0,-2
43,31,1,4
43,32,0,-5
43,32,1,2
43,33,1,6
43,34,0,2
43,34,1,-6
43,35,0,-8
43,35,1,24
43,36,0,2
43,36,1,15
43,37,0,13
43,37,1,-11
43,38,0,-1
43,39,0,7
43,39,1,7
43,40,0,10
43,40,1,-35
43,41,0,-11
43,41,1,17
43,42,0,2
43,42,1,-7
43,43,0,72
43,43,1,12
43,44,0,5
43,44,1,-3
43,45,0,16
43,45,1,2
43,46,0,-7
43,46,1,22
43,47,0,16
43,47,1,-17
43,48,0,2
43,48,1,3
43,49,0,-9
43,49,1,17
43,50,0,5
43,50,1,-22
43,51,0,13
43,51,1,-20
43,52,0,21
43,52,1,-19
43,53,0,14
43,53,1,-27
43,54,1,-8
43,55,0,-15
43,55,1,11
43,56,0,4
43,56,1,-13
43,57,0,1
43,57,1,-11
43,58,0,-24
43,58,1,23
43,59,0,-5
43,59,1,6
43,60,0,-5
43,60,1,2
43,61,0,8
43,61,1,-13
43,62,0,17
43,62,1,-15
43,63,0,-3
43,63,1,10
43,64,0,-1
43,64,1,-16
43,65,0,-4
43,65,1,25
43,66,0,4
43,66,1,17
43,67,0,18
43,67,1,-13
43,68,0,8
43,68,1,-14
43,69,0,-9
43,69,1,-6
43,70,0,1
43,70,1,-6
43,71,0,-3
43,71,1,-4
43,72,0,-3
43,72,1,-5
43,73,0,-16
43,73,1,34
43,74,0,10
43,74,1,-31
43,75,0,-2
43,75,1,3
44,1,0,1
44,2,0,-2
44,3,0,-1
44,5,0,-1
44,6,0,1
44,7,0,-1
44,8,0,2
44,10,0,-2
44,12,0,1
44,14,0,-1
44,16,0,2
44,18,0,2
44,20,0,2
44,21,0,-1
44,22,0,1
44,23,0,13
44,23,1,-20
44,24,0,-23
44,24,1,12
44,25,0,21
44,25,1,-20
44,26,1,-6
44,27,0,-10
44,27,1,5
44,28,0,-9
44,28,1,8
44,29,1,-1
44,30,0,-10
44,30,1,-2
44,31,0,23
44,31,1,4
44,32,0,10
44,32,1,-22
44,33,0,4
44,33,1,2
44,34,0,-4
44,34,1,20
44,35,0,14
44,35,1,-19
44,36,0,-4
44,36,1,13
44,37,0,-11
44,37,1,4
44,38,0,3
44,38,1,-3
44,39,0,11
44,39,1,-22
44,40,0,4
44,40,1,-3
44,41,0,-6
44,41,1,15
44,42,1,4
44,43,0,5
44,43,1,-3
44,44,0,71
44,44,1,10
44,45,0,10
44,45,1,-17
44,46,0,-7
44,46,1,-7
44,47,0,-6
44,47,1,4
44,48,0,-11
44,48,1,33
44,49,0,-7
44,49,1,-10
44,50,0,1
44,50,1,-5
44,51,0,2
44,51,1,-9
44,52,0,-20
44,52,1,19
44,53,0,-2
44,53,1,-2
44,54,0,11
44,54,1,-8
44,55,0,14
44,55,1,-14
44,56,0,-9
44,56,1,18
44,57,0,-5
44,57,1,3
44,58,0,-1
44,58,1,5
44,59,0,5
44,59,1,-9
44,60,0,22
44,60,1,-13
44,61,0,3
44,62,0,-21
44,62,1,8
44,63,0,-7
44,63,1,13
44,64,0,-8
44,64,1,27
44,65,1,-13
44,66,0,9
44,66,1,4
44,67,0,1
44,67,1,-14
44,68,1,-6
44,69,0,8
44,69,1,2
44,70,0,-10
44,70,1,-3
44,71,0,-20
44,71,1,22
44,72,0,11
44,72,1,-1
44,73,0,-12
44,73,1,7
44,74,0,9
44,74,1,-21
44,75,0,-3
44,75,1,4
45,1,0,-1
45,2,0,2
45,3,0,-1
45,4,0,1
45,5,0,1
45,6,0,1
45,8,0,-1
45,9,0,1
45,10,0,-1
45,11,0,2
45,12,0,-1
45,13,0,-1
45,14,0,-2
45,16,0,2
45,17,0,-1
45,19,0,-1
45,22,0,-1
45,23,0,1
45,23,1,-5
45,24,0,-19
45,24,1,30
45,25,0,6
45,25,1,19
45,26,0,8
45,26,1,8
45,27,0,6
45,27,1,-23
45,28,0,-3
45,28,1,4
45,29,0,-15
45,29,1,30
45,30,0,-5
45,30,1,8
45,31,0,-4
45,31,1,12
45,32,0,4
45,32,1,8
45,33,0,2
45,33,1,-31
45,34,0,9
45,34,1,-18
45,35,0,-5
45,35,1,6
45,36,0,-22
45,36,1,30
45,37,0,-1
45,37,1,11
45,38,0,-8
45,38,1,10
45,39,0,-17
45,39,1,15
45,40,0,6
45,40,1,-11
45,41,0,-9
45,41,1,27
45,42,0,9
45,42,1,2
45,43,0,16
45,43,1,2
45,44,0,10
45,44,1,-17
45,45,0,76
45,45,1,1
45,46,0,-7
45,46,1,35
45,47,0,-11
45,47,1,1
45,48,0,13
45,48,1,3
45,49,0,-18
45,49,1,18
45,50,0,4
45,50,1,-12
45,51,0,9
45,51,1,-13
45,52,0,19
45,52,1,-24
45,53,0,23
45,53,1,-16
45,54,0,-21
45,54,1,3
45,55,1,-6
45,56,0,4
45,56,1,7
45,57,0,4
45,57,1,5
45,58,0,-5
45,58,1,-16
45,59,0,13
45,59,1,-26
45,60,0,-20
45,60,1,4
45,61,0,21
45,61,1,-28
45,62,0,7
45,62,1,-10
45,63,0,-10
45,63,1,7
45,64,0,2
45,64,1,15
45,65,0,-9
45,65,1,16
45,66,0,11
45,66,1,-26
45,67,0,35
45,67,1,-55
45,68,0,11
45,68,1,-3
45,69,0,7
45,69,1,2
45,70,1,7
45,71,0,4
45,71,1,-20
45,72,0,15
45,72,1,-17
45,73,0,-7
45,73,1,17
45,74,0,14
45,74,1,-19
45,75,0,15
45,75,1,-23
46,1,0,2
46,2,0,2
46,3,0,1
46,5,0,2
46,7,0,-1
46,8,0,-2
46,10,0,2
46,11,0,-2
46,12,0,2
46,13,0,-2
46,14,0,2
46,16,0,2
46,17,0,-2
46,18,0,1
46,19,0,-1
46,21,0,-1
46,23,0,-10
46,23,1,1
46,24,0,-9
46,24,1,-4
46,25,0,-14
46,25,1,34
46,26,0,-3
46,26,1,4
46,27,0,3
46,27,1,-3
46,28,0,-6
46,29,0,15
46,29,1,-17
46,30,0,-10
46,30,1,9
46,31,0,2
46,31,1,7
46,32,0,-23
46,32,1,34
46,33,0,3
46,33,1,-27
46,34,0,-2
46,34,1,-12
46,35,0,19
46,35,1,-9
46,36,0,-5
46,36,1,4
46,37,0,-18
46,37,1,11
46,38,0,9
46,38,1,4
46,39,0,-2
46,39,1,19
46,40,0,2
46,40,1,-2
46,41,0,6
46,41,1,8
46,42,0,6
46,42,1,15
46,43,0,-7
46,43,1,22
46,44,0,-7
46,44,1,-7
46,45,0,-7
46,45,1,35
46,46,0,92
46,46,1,-13
46,47,0,4
46,47,1,-5
46,48,0,25
46,48,1,-30
46,49,0,1
46,49,1,15
46,50,0,2
46,50,1,5
46,51,0,-2
46,52,0,6
46,52,1,-13
46,53,1,-9
46,54,0,-12
46,54,1,5
46,55,0,21
46,55,1,-33
46,56,0,-4
46,56,1,4
46,57,0,16
46,57,1,-18
46,58,0,4
46,58,1,-10
46,59,0,23
46,59,1,-25
46,60,0,-10
46,61,0,7
46,61,1,-7
46,62,0,-1
46,62,1,4
46,63,0,-23
46,63,1,43
46,64,0,-11
46,64,1,2
46,65,0,3
46,65,1,-12
46,66,0,-1
46,66,1,14
46,67,0,-19
46,67,1,19
46,68,0,-20
46,68,1,39
46,69,0,-14
46,69,1,12
46,70,0,5
46,70,1,-4
46,71,0,15
46,71,1,-19
46,72,0,4
46,72,1,-7
46,73,0,14
46,73,1,-8
46,74,0,4
46,74,1,-6
46,75,0,-7
46,75,1,11
47,2,0,-2
47,3,0,-2
47,4,0,2
47,5,0,-2
47,7,0,1
47,8,0,-1
47,10,0,1
47,12,0,1
47,13,0,-1
47,14,0,-2
47,15,0,-2
47,16,0,1
47,17,0,1
47,19,0,2
47,21,0,-2
47,22,0,-2
47,23,0,-3
47,23,1,-12
47,24,0,5
47,24,1,-15
47,25,0,-25
47,25,1,29
47,26,0,8
47,26,1,-17
47,27,0,12
47,27,1,-4
47,28,0,13
47,28,1,-22
47,29,0,7
47,29,1,-16
47,30,0,12
47,30,1,-13
47,31,0,7
47,31,1,17
47,32,0,8
47,32,1,-9
47,33,0,-9
47,33,1,19
47,34,0,15
47,34,1,-6
47,35,0,-9
47,35,1,10
47,36,0,6
47,36,1,-3
47,37,0,15
47,37,1,-20
47,38,0,-1
47,38,1,-25
47,39,0,17
47,39,1,-26
47,40,0,17
47,40,1,-19
47,41,0,5
47,41,1,-16
47,42,0,-2
47,43,0,16
47,43,1,-17
47,44,0,-6
47,44,1,4
47,45,0,-11
47,45,1,1
47,46,0,4
47,46,1,-5
47,47,0,80
47,47,1,-12
47,48,0,-17
47,48,1,31
47,49,0,3
47,49,1,4
47,50,0,12
47,50,1,-11
47,51,0,-19
47,51,1,22
47,52,0,14
47,52,1,-23
47,53,0,7
47,53,1,-29
47,54,0,10
47,54,1,7
47,55,0,5
47,55,1,1
47,56,0,3
47,56,1,8
47,57,0,-1
47,57,1,-8
47,58,0,-16
47,58,1,21
47,59,0,-15
47,59,1,10
47,60,0,8
47,60,1,-23
47,61,0,-5
47,61,1,-7
47,62,0,20
47,62,1,-31
47,63,0,-3
47,63,1,10
47,64,0,19
47,64,1,-36
47,65,0,-10
47,65,1,36
47,66,0,12
47,66,1,-19
47,67,0,5
47,67,1,6
47,68,0,-8
47,68,1,15
47,69,0,-7
47,69,1,20
47,70,0,2
47,70,1,-11
47,71,0,3
47,71,1,-7
47,72,0,-12
47,72,1,29
47,73,0,-6
47,73,1,23
47,74,0,10
47,74,1,-20
47,75,0,-4
47,75,1,5
48,2,0,-1
48,3,0,1
48,6,0,2
48,8,0,-2
48,9,0,-1
48,10,0,-1
48,11,0,2
48,12,0,2
48,13,0,1
48,14,0,-2
48,15,0,1
48,16,0,-2
48,17,0,-2
48,20,0,2
48,22,0,-2
48,23,0,4
48,23,1,-7
48,24,0,4
48,24,1,2
48,25,0,-6
48,25,1,25
48,26,0,4
48,26,1,-13
48,27,0,21
48,27,1,-40
48,28,0,20
48,28,1,-30
48,29,0,-11
48,29,1,12
48,30,0,-5
48,30,1,12
48,31,0,6
48,31,1,4
48,32,0,-24
48,32,1,13
48,33,0,-10
48,33,1,13
48,34,0,-11
48,34,1,12
48,35,0,6
48,35,1,-1
48,36,0,-9
48,36,1,3
48,37,1,-6
48,38,0,7
48,38,1,-19
48,39,0,-5
48,39,1,-21
48,40,0,-12
48,40,1,17
48,41,0,-13
48,41,1,23
48,42,0,-10
48,42,1,-3
48,43,0,2
48,43,1,3
48,44,0,-11
48,44,1,33
48,45,0,13
48,45,1,3
48,46,0,25
48,46,1,-30
48,47,0,-17
48,47,1,31
48,48,0,93
48,48,1,5
48,49,0,4
48,49,1,-13
48,50,0,8
48,50,1,-11
48,51,0,-3
48,51,1,-13
48,52,0,17
48,52,1,-25
48,53,0,28
48,53,1,-20
48,54,0,-16
48,54,1,14
48,55,0,4
48,55,1,-8
48,56,0,-7
48,56,1,20
48,57,0,6
48,57,1,-3
48,58,1,3
48,59,0,18
48,59,1,-21
48,60,0,-19
48,60,1,11
48,61,0,14
48,61,1,-27
48,62,0,31
48,62,1,-48
48,63,0,-4
48,63,1,-5
48,64,0,-9
48,64,1,19
48,65,0,12
48,65,1,15
48,66,0,14
48,66,1,-25
48,67,0,5
48,67,1,-5
48,68,0,-9
48,68,1,12
48,69,0,-3
48,69,1,8
48,70,0,4
48,70,1,4
48,71,0,17
48,71,1,-50
48,72,1,14
48,73,0,29
48,73,1,-29
48,74,0,-11
48,74,1,7
48,75,0,-14
48,75,1,11
49,1,0,1
49,2,0,1
49,3,0,-1
49,4,0,-2
49,5,0,2
49,7,0,-1
49,8,0,2
49,9,0,1
49,10,0,-1
49,11,0,-1
49,12,0,1
49,13,0,1
49,14,0,-2
49,15,0,-2
49,16,0,1
49,17,0,-2
49,18,0,2
49,19,0,2
49,23,0,-5
49,23,1,1
49,24,0,20
49,24,1,-40
49,25,0,-3
49,25,1,7
49,26,0,7
49,26,1,-15
49,27,0,-6
49,27,1,15
49,28,0,6
49,28,1,-8
49,29,0,-4
49,29,1,-10
49,30,0,3
49,30,1,10
49,31,0,-33
49,31,1,21
49,32,0,2
49,32,1,8
49,33,1,7
49,34,0,-1
49,34,1,-8
49,35,0,-6
49,36,0,-16
49,36,1,5
49,37,0,3
49,37,1,-8
49,38,0,-15
49,38,1,11
49,39,0,-27
49,39,1,27
49,40,0,-8
49,40,1,5
49,41,0,16
49,41,1,-23
49,42,0,-14
49,42,1,15
49,43,0,-9
49,43,1,17
49,44,0,-7
49,44,1,-10
49,45,0,-18
49,45,1,18
49,46,0,1
49,46,1,15
49,47,0,3
49,47,1,4
49,48,0,4
49,48,1,-13
49,49,0,92
49,49,1,-18
49,50,0,6
49,50,1,-5
49,51,0,-8
49,51,1,30
49,52,0,-9
49,52,1,-14
49,53,0,-27
49,53,1,33
49,54,0,19
49,54,1,-22
49,55,0,11
49,55,1,-19
49,56,0,10
49,56,1,-3
49,57,0,3
49,57,1,2
49,58,0,10
49,58,1,-5
49,59,0,-3
49,59,1,6
49,60,0,3
49,60,1,-1
49,61,0,4
49,61,1,-6
49,62,0,-9
49,62,1,15
49,63,0,6
49,63,1,-5
49,64,0,-5
49,64,1,-8
49,65,0,-4
49,65,1,12
49,66,0,10
49,66,1,-5
49,67,0,8
49,67,1,5
49,68,0,10
49,68,1,5
49,69,0,4
49,69,1,-15
49,70,0,-25
49,70,1,41
49,71,0,-12
49,71,1,25
49,72,0,-6
49,72,1,9
49,73,0,-3
49,73,1,9
49,74,0,-21
49,74,1,17
49,75,0,-5
49,75,1,2
50,1,0,2
50,2,0,-1
50,3,0,-2
50,4,0,-1
50,5,0,-2
50,6,0,1
50,9,0,-2
50,10,0,2
50,11,0,-1
50,12,0,-2
50,13,0,-1
50,14,0,-1
50,15,0,-2
50,17,0,-2
50,18,0,2
50,19,0,2
50,20,0,2
50,21,0,1
50,22,0,1
50,23,0,13
50,23,1,-12
50,24,0,4
50,24,1,3
50,25,0,-5
50,25,1,-10
50,26,0,23
50,26,1,-38
50,27,0,14
50,27,1,-14
50,28,0,6
50,28,1,-2
50,29,0,-10
50,29,1,33
50,30,0,18
50,30,1,-1
50,31,0,11
50,31,1,-5
50,32,0,-8
50,32,1,-5
50,33,0,-15
50,33,1,18
50,34,0,-3
50,35,0,6
50,36,0,-6
50,36,1,15
50,37,0,1
50,37,1,10
50,38,0,2
50,38,1,2
50,39,0,-2
50,39,1,-14
50,40,0,11
50,40,1,-8
50,41,0,-8
50,41,1,7
50,42,0,10
50,42,1,3
50,43,0,5
50,43,1,-22
50,44,0,1
50,44,1,-5
50,45,0,4
50,45,1,-12
50,46,0,2
50,46,1,5
50,47,0,12
50,47,1,-11
50,48,0,8
50,48,1,-11
50,49,0,6
50,49,1,-5
50,50,0,74
50,50,1,20
50,51,1,-13
50,52,0,14
50,52,1,-30
50,53,0,-4
50,53,1,5
50,54,0,10
50,54,1,-16
50,55,0,6
50,55,1,5
50,56,0,13
50,56,1,-4
50,57,0,-19
50,57,1,14
50,58,1,-1
50,59,0,-7
50,59,1,12
50,60,0,-3
50,60,1,-1
50,61,0,-3
50,61,1,24
50,62,0,16
50,62,1,-14
50,63,0,-3
50,63,1,8
50,64,0,12
50,64,1,-9
50,65,0,4
50,65,1,4
50,66,0,2
50,66,1,3
50,67,1,-16
50,68,0,9
50,68,1,-3
50,69,0,-3
50,69,1,14
50,70,0,-1
50,70,1,-12
50,71,0,-3
50,71,1,1
50,72,0,8
50,72,1,-21
50,73,0,5
50,73,1,11
50,74,0,-9
50,75,1,-2
51,1,0,1
51,2,0,1
51,3,0,2
51,4,0,2
51,5,0,1
51,6,0,2
51,7,0,1
51,8,0,1
51,9,0,2
51,10,0,2
51,11,0,-1
51,12,0,-2
51,14,0,1
51,17,0,1
51,18,0,1
51,19,0,-1
51,20,0,-1
51,21,0,-2
51,22,0,1
51,23,1,-17
51,24,0,-10
51,24,1,-10
51,25,0,10
51,25,1,-16
51,26,0,-2
51,26,1,6
51,27,0,4
51,27,1,-6
51,28,1,-9
51,29,0,-1
51,29,1,-13
51,30,0,-2
51,30,1,10
51,31,0,-2
51,31,1,-16
51,32,0,-9
51,32,1,6
51,33,0,-4
51,33,1,25
51,34,0,9
51,34,1,-12
51,35,0,-6
51,35,1,5
51,36,0,5
51,36,1,-7
51,37,0,1
51,37,1,-17
51,38,0,4
51,39,0,-6
51,39,1,22
51,40,0,4
51,40,1,16
51,41,0,-6
51,41,1,-7
51,42,0,3
51,42,1,2
51,43,0,13
51,43,1,-20
51,44,0,2
51,44,1,-9
51,45,0,9
51,45,1,-13
51,46,0,-2
51,47,0,-19
51,47,1,22
51,48,0,-3
51,48,1,-13
51,49,0,-8
51,49,1,30
51,50,1,-13
51,51,0,70
51,51,1,25
51,52,0,21
51,52,1,-22
51,53,0,10
51,53,1,-7
51,54,0,-10
51,54,1,7
51,55,0,-7
51,55,1,-3
51,56,0,-7
51,56,1,7
51,57,0,1
51,57,1,9
51,58,1,6
51,59,0,2
51,59,1,-11
51,60,0,12
51,60,1,2
51,61,0,16
51,61,1,-9
51,62,0,6
51,62,1,-21
51,63,0,-13
51,63,1,31
51,64,0,5
51,64,1,-4
51,65,1,2
51,66,0,-6
51,66,1,2
51,67,0,-1
51,67,1,6
51,68,0,7
51,68,1,2
51,69,1,3
51,70,0,3
51,70,1,-2
51,71,0,1
51,72,0,5
51,72,1,8
51,73,0,11
51,73,1,-13
51,74,0,16
51,74,1,-23
51,75,0,12
51,75,1,-14
52,1,0,2
52,3,0,-2
52,5,0,1
52,8,0,1
52,9,0,1
52,10,0,2
52,11,0,2
52,13,0,-1
52,14,0,2
52,15,0,1
52,16,0,1
52,19,0,2
52,20,0,-1
52,21,0,2
52,23,0,-9
52,23,1,26
52,24,0,-2
52,24,1,13
52,25,0,-19
52,25,1,15
52,26,0,17
52,26,1,-17
52,27,0,15
52,27,1,-30
52,28,0,-11
52,28,1,-4
52,29,0,13
52,29,1,-23
52,30,0,5
52,30,1,-2
52,31,0,-7
52,31,1,14
52,32,0,-1
52,32,1,-18
52,33,0,-7
52,33,1,-4
52,34,0,13
52,34,1,6
52,35,0,-29
52,35,1,26
52,36,0,-9
52,36,1,14
52,37,0,10
52,37,1,-3
52,38,0,-9
52,38,1,28
52,39,0,-6
52,39,1,9
52,40,0,16
52,40,1,-26
52,41,0,-6
52,41,1,10
52,42,0,4
52,42,1,-8
52,43,0,21
52,43,1,-19
52,44,0,-20
52,44,1,19
52,45,0,19
52,45,1,-24
52,46,0,6
52,46,1,-13
52,47,0,14
52,47,1,-23
52,48,0,17
52,48,1,-25
52,49,0,-9
52,49,1,-14
52,50,0,14
52,50,1,-30
52,51,0,21
52,51,1,-22
52,52,0,83
52,52,1,12
52,53,0,9
52,53,1,-8
52,54,0,-14
52,54,1,17
52,55,0,10
52,55,1,-4
52,56,0,5
52,56,1,-3
52,57,0,20
52,57,1,-26
52,58,0,-2
52,58,1,10
52,59,0,-9
52,59,1,3
52,60,0,-21
52,60,1,24
52,61,0,19
52,61,1,5
52,62,0,33
52,62,1,-48
52,63,0,-1
52,63,1,6
52,64,0,7
52,64,1,-14
52,65,0,-12
52,65,1,-5
52,66,0,-4
52,66,1,7
52,67,0,5
52,67,1,8
52,68,0,-4
52,68,1,-1
52,69,0,-9
52,69,1,8
52,70,0,11
52,70,1,14
52,71,0,-2
52,71,1,7
52,72,0,6
52,72,1,-22
52,73,0,8
52,73,1,-5
52,74,0,6
52,74,1,16
52,75,0,5
52,75,1,-4
53,1,0,1
53,2,0,-2
53,3,0,-2
53,4,0,-2
53,5,0,1
53,6,0,-2
53,7,0,1
53,8,0,1
53,9,0,-2
53,10,0,2
53,11,0,-1
53,12,0,-1
53,13,0,-2
53,14,0,-1
53,15,0,2
53,16,0,2
53,17,0,1
53,18,0,-1
53,19,0,-1
53,21,0,-1
53,22,0,-2
53,23,0,3
53,23,1,11
53,24,0,-14
53,24,1,12
53,25,0,2
53,25,1,-8
53,26,0,-4
53,26,1,21
53,27,0,-4
53,27,1,-7
53,28,1,4
53,29,0,-5
53,29,1,8
53,30,0,10
53,30,1,-9
53,31,0,4
53,31,1,-8
53,32,0,-17
53,32,1,12
53,33,0,-17
53,33,1,4
53,34,0,-6
53,34,1,21
53,35,0,9
53,35,1,-10
53,36,1,-5
53,37,0,19
53,37,1,-19
53,38,0,21
53,38,1,-3
53,39,0,4
53,39,1,-7
53,40,0,16
53,40,1,-4
53,41,0,-2
53,41,1,-7
53,42,0,5
53,42,1,7
53,43,0,14
53,43,1,-27
53,44,0,-2
53,44,1,-2
53,45,0,23
53,45,1,-16
53,46,1,-9
53,47,0,7
53,47,1,-29
53,48,0,28
53,48,1,-20
53,49,0,-27
53,49,1,33
53,50,0,-4
53,50,1,5
53,51,0,10
53,51,1,-7
53,52,0,9
53,52,1,-8
53,53,0,92
53,53,1,-20
53,54,0,-25
53,54,1,22
53,55,0,-4
53,55,1,2
53,56,0,-22
53,56,1,26
53,57,0,5
53,57,1,-6
53,58,0,-12
53,58,1,16
53,59,0,12
53,59,1,-29
53,60,0,-5
53,60,1,15
53,61,0,2
53,61,1,6
53,62,0,27
53,62,1,-34
53,63,0,-13
53,63,1,8
53,64,0,6
53,65,0,15
53,65,1,-9
53,66,0,-6
53,66,1,-3
53,67,0,8
53,67,1,-3
53,68,0,1
53,68,1,-9
53,69,0,6
53,69,1,-14
53,70,0,15
53,70,1,-2
53,71,0,16
53,71,1,-4
53,72,0,-9
53,72,1,21
53,73,0,8
53,73,1,-19
53,74,0,30
53,74,1,-40
53,75,0,-27
53,75,1,19
54,1,0,1
54,3,0,2
54,4,0,1
54,5,0,-1
54,6,0,2
54,7,0,-1
54,9,0,1
54,10,0,-1
54,11,0,-2
54,12,0,2
54,13,0,2
54,14,0,-2
54,15,0,-2
54,16,0,2
54,17,0,-1
54,19,0,-1
54,20,0,-2
54,21,0,-1
54,22,0,2
54,23,0,-5
54,23,1,8
54,24,0,16
54,24,1,-29
54,25,0,-1
54,25,1,-12
54,26,0,21
54,26,1,-29
54,27,0,-6
54,27,1,-1
54,28,0,-4
54,28,1,-11
54,29,0,-9
54,29,1,-5
54,30,0,-5
54,30,1,-10
54,31,0,3
54,31,1,7
54,32,0,-1
54,32,1,8
54,33,0,-21
54,33,1,15
54,34,0,-1
54,34,1,7
54,35,0,5
54,36,0,5
54,36,1,-12
54,37,0,-5
54,37,1,2
54,38,0,-16
54,38,1,11
54,39,0,-8
54,39,1,11
54,40,0,-15
54,40,1,19
54,41,0,5
54,41,1,-5
54,42,0,-12
54,42,1,15
54,43,1,-8
54,44,0,11
54,44,1,-8
54,45,0,-21
54,45,1,3
54,46,0,-12
54,46,1,5
54,47,0,10
54,47,1,7
54,48,0,-16
54,48,1,14
54,49,0,19
54,49,1,-22
54,50,0,10
54,50,1,-16
54,51,0,-10
54,51,1,7
54,52,0,-14
54,52,1,17
54,53,0,-25
54,53,1,22
54,54,0,71
54,54,1,-1
54,55,0,9
54,55,1,-11
54,56,0,8
54,56,1,-13
54,57,0,-13
54,57,1,9
54,58,0,7
54,58,1,6
54,59,0,-15
54,59,1,6
54,60,0,3
54,60,1,-9
54,61,0,-2
54,61,1,11
54,62,0,-12
54,62,1,16
54,63,0,11
54,63,1,16
54,64,0,-4
54,64,1,-15
54,65,0,4
54,65,1,-6
54,66,0,17
54,66,1,-21
54,67,0,-5
54,67,1,9
54,68,0,-6
54,68,1,13
54,69,0,7
54,69,1,-13
54,70,0,-4
54,70,1,-2
54,71,1,10
54,72,0,-2
54,72,1,11
54,73,0,-22
54,73,1,23
54,74,1,1
54,75,0,-2
54,75,1,-4
55,1,0,-1
55,2,0,2
55,3,0,1
55,4,0,1
55,5,0,2
55,6,0,-1
55,7,0,-2
55,8,0,-2
55,9,0,1
55,10,0,1
55,11,0,-1
55,12,0,-2
55,13,0,-1
55,15,0,-1
55,16,0,1
55,17,0,1
55,18,0,-2
55,19,0,2
55,20,0,-1
55,21,0,2
55,22,0,1
55,23,0,3
55,23,1,-18
55,24,0,2
55,24,1,18
55,25,0,5
55,25,1,-13
55,26,0,-1
55,26,1,5
55,27,0,6
55,27,1,-8
55,28,0,-8
55,28,1,10
55,29,0,2
55,30,0,18
55,30,1,-14
55,31,0,10
55,31,1,-8
55,32,0,1
55,32,1,-15
55,33,0,-9
55,33,1,-11
55,34,0,-1
55,34,1,-11
55,35,0,7
55,35,1,-13
55,36,0,-12
55,36,1,-3
55,37,0,-4
55,37,1,23
55,38,0,2
55,38,1,-2
55,39,0,-4
55,39,1,21
55,40,0,3
55,40,1,2
55,41,0,-5
55,41,1,5
55,42,0,2
55,42,1,-17
55,43,0,-15
55,43,1,11
55,44,0,14
55,44,1,-14
55,45,1,-6
55,46,0,21
55,46,1,-33
55,47,0,5
55,47,1,1
55,48,0,4
55,48,1,-8
55,49,0,11
55,49,1,-19
55,50,0,6
55,50,1,5
55,51,0,-7
55,51,1,-3
55,52,0,10
55,52,1,-4
55,53,0,-4
55,53,1,2
55,54,0,9
55,54,1,-11
55,55,0,69
55,55,1,20
55,56,0,-20
55,56,1,3
55,57,0,5
55,57,1,-3
55,58,0,17
55,58,1,-14
55,59,0,23
55,59,1,-23
55,60,0,7
55,60,1,-1
55,61,0,-4
55,61,1,6
55,62,0,-16
55,62,1,31
55,63,0,-1
55,63,1,-11
55,64,0,-10
55,64,1,10
55,65,0,4
55,65,1,-11
55,66,0,7
55,66,1,4
55,67,0,3
55,67,1,3
55,68,0,-16
55,68,1,2
55,69,1,8
55,70,0,-3
55,70,1,13
55,71,0,6
55,71,1,15
55,72,0,5
55,72,1,-9
55,73,0,8
55,73,1,-26
55,74,0,11
55,74,1,-5
55,75,0,1
55,75,1,15
56,1,0,2
56,2,0,-1
56,3,0,-1
56,4,0,-2
56,5,0,1
56,6,0,-1
56,7,0,1
56,9,0,2
56,10,0,-2
56,11,0,2
56,13,0,2
56,14,0,-1
56,15,0,1
56,17,0,2
56,19,0,-1
56,20,0,-1
56,21,0,2
56,22,0,2
56,23,0,2
56,23,1,-7
56,24,0,8
56,24,1,-14
56,25,0,-9
56,25,1,16
56,26,0,10
56,26,1,-15
56,27,0,-7
56,27,1,-8
56,28,0,-11
56,28,1,2
56,29,0,8
56,30,0,-6
56,30,1,12
56,31,0,-18
56,31,1,33
56,32,0,-10
56,32,1,6
56,33,1,5
56,34,0,6
56,34,1,9
56,35,0,-5
56,35,1,-4
56,36,0,-9
56,36,1,21
56,37,0,-10
56,37,1,6
56,38,0,-9
56,38,1,9
56,39,0,1
56,39,1,-20
56,40,0,-1
56,40,1,-24
56,41,0,-8
56,41,1,6
56,42,0,9
56,42,1,17
56,43,0,4
56,43,1,-13
56,44,0,-9
56,44,1,18
56,45,0,4
56,45,1,7
56,46,0,-4
56,46,1,4
56,47,0,3
56,47,1,8
56,48,0,-7
56,48,1,20
56,49,0,10
56,49,1,-3
56,50,0,13
56,50,1,-4
56,51,0,-7
56,51,1,7
56,52,0,5
56,52,1,-3
56,53,0,-22
56,53,1,26
56,54,0,8
56,54,1,-13
56,55,0,-20
56,55,1,3
56,56,0,64
56,56,1,1
56,57,0,-9
56,57,1,5
56,58,0,2
56,58,1,-12
56,59,0,-9
56,59,1,1
56,60,0,-6
56,60,1,-8
56,61,0,-8
56,61,1,12
56,62,1,-4
56,63,0,-12
56,63,1,20
56,64,0,11
56,64,1,3
56,65,0,11
56,65,1,-9
56,66,0,19
56,66,1,-31
56,67,0,17
56,67,1,-14
56,68,0,-1
56,68,1,12
56,69,0,4
56,69,1,13
56,70,0,-1
56,70,1,-2
56,71,0,-8
56,72,0,8
56,73,0,-4
56,73,1,14
56,74,0,-12
56,74,1,3
56,75,0,6
56,75,1,-16
57,3,0,2
57,5,0,-2
57,6,0,-2
57,8,0,-2
57,14,0,1
57,15,0,-2
57,17,0,1
57,18,0,-1
57,19,0,-2
57,20,0,-1
57,21,0,1
57,22,0,-2
57,23,0,-23
57,23,1,7
57,24,1,-14
57,25,0,-17
57,25,1,38
57,26,0,-31
57,26,1,44
57,27,0,8
57,27,1,-13
57,28,0,-8
57,28,1,2
57,29,0,19
57,29,1,-30
57,30,0,-14
57,30,1,6
57,31,0,-4
57,31,1,-15
57,32,0,-23
57,32,1,19
57,33,0,23
57,33,1,-8
57,34,0,5
57,34,1,-22
57,35,0,2
57,35,1,-8
57,36,0,13
57,36,1,-10
57,37,0,9
57,37,1,-22
57,38,0,3
57,39,0,8
57,39,1,-25
57,40,0,1
57,40,1,16
57,41,0,15
57,41,1,-16
57,42,0,-7
57,42,1,10
57,43,0,1
57,43,1,-11
57,44,0,-5
57,44,1,3
57,45,0,4
57,45,1,5
57,46,0,16
57,46,1,-18
57,47,0,-1
57,47,1,-8
57,48,0,6
57,48,1,-3
57,49,0,3
57,49,1,2
57,50,0,-19
57,50,1,14
57,51,0,1
57,51,1,9
57,52,0,20
57,52,1,-26
57,53,0,5
57,53,1,-6
57,54,0,-13
57,54,1,9
57,55,0,5
57,55,1,-3
57,56,0,-9
57,56,1,5
57,57,0,94
57,57,1,-14
57,58,0,15
57,58,1,-16
57,59,0,8
57,59,1,-15
57,60,0,-10
57,60,1,35
57,61,0,27
57,61,1,-14
57,62,0,17
57,62,1,-18
57,63,0,9
57,63,1,-13
57,64,0,-15
57,65,0,-15
57,65,1,26
57,66,0,-10
57,66,1,-12
57,67,0,-5
57,67,1,-1
57,68,0,8
57,68,1,-12
57,69,0,11
57,69,1,-15
57,70,0,8
57,70,1,9
57,71,0,-25
57,71,1,16
57,72,0,-9
57,72,1,6
57,73,0,-9
57,73,1,6
57,74,0,8
57,74,1,1
57,75,0,-1
57,75,1,1
58,1,0,-1
58,2,0,-1
58,3,0,-2
58,4,0,-1
58,5,0,2
58,7,0,-2
58,8,0,-1
58,10,0,-1
58,11,0,2
58,12,0,2
58,13,0,1
58,14,0,2
58,15,0,1
58,16,0,-2
58,18,0,1
58,19,0,-1
58,20,0,-2
58,23,0,-2
58,23,1,17
58,24,0,1
58,25,0,-1
58,25,1,-11
58,26,0,8
58,26,1,-35
58,27,0,-11
58,27,1,-2
58,28,0,6
58,28,1,-9
58,29,0,-10
58,29,1,-7
58,30,0,-11
58,30,1,21
58,31,0,-8
58,32,0,-9
58,32,1,1
58,33,0,-9
58,33,1,6
58,34,0,16
58,34,1,-2
58,35,0,9
58,35,1,-7
58,36,0,15
58,36,1,-3
58,37,0,-2
58,37,1,-4
58,38,0,-2
58,38,1,-9
58,39,0,-3
58,39,1,10
58,40,0,-6
58,40,1,8
58,41,0,-6
58,42,0,-5
58,42,1,10
58,43,0,-24
58,43,1,23
58,44,0,-1
58,44,1,5
58,45,0,-5
58,45,1,-16
58,46,0,4
58,46,1,-10
58,47,0,-16
58,47,1,21
58,48,1,3
58,49,0,10
58,49,1,-5
58,50,1,-1
58,51,1,6
58,52,0,-2
58,52,1,10
58,53,0,-12
58,53,1,16
58,54,0,7
58,54,1,6
58,55,0,17
58,55,1,-14
58,56,0,2
58,56,1,-12
58,57,0,15
58,57,1,-16
58,58,0,94
58,58,1,-26
58,59,0,3
58,59,1,1
58,60,0,-11
58,60,1,20
58,61,0,8
58,61,1,4
58,62,0,5
58,62,1,-17
58,63,0,6
58,63,1,-9
58,64,0,2
58,64,1,-12
58,65,0,-10
58,65,1,10
58,66,0,-3
58,66,1,18
58,67,0,5
58,67,1,8
58,68,0,1
58,68,1,-14
58,69,0,16
58,69,1,-4
58,70,0,5
58,70,1,-9
58,71,0,-1
58,71,1,5
58,72,0,5
58,72,1,-2
58,73,0,17
58,73,1,-33
58,74,0,-1
58,74,1,9
58,75,0,3
58,75,1,14
59,1,0,1
59,3,0,2
59,5,0,1
59,6,0,-1
59,7,0,-2
59,8,0,1
59,9,0,-1
59,10,0,2
59,13,0,-2
59,14,0,-2
59,15,0,-1
59,17,0,2
59,18,0,-2
59,20,0,-2
59,22,0,-2
59,23,0,-5
59,23,1,8
59,24,0,2
59,24,1,-10
59,25,0,13
59,25,1,-24
59,26,0,-12
59,26,1,-1
59,27,0,-5
59,27,1,3
59,28,0,-6
59,28,1,1
59,29,0,-4
59,29,1,3
59,30,0,2
59,30,1,-14
59,31,0,15
59,31,1,-13
59,32,0,-22
59,32,1,28
59,33,0,5
59,33,1,-16
59,34,0,-15
59,34,1,6
59,35,0,23
59,35,1,-32
59,36,0,-21
59,36,1,20
59,37,0,-20
59,37,1,26
59,38,0,-1
59,38,1,-3
59,39,0,-8
59,39,1,-1
59,40,0,1
59,40,1,-12
59,41,0,-4
59,41,1,22
59,42,0,-9
59,42,1,-11
59,43,0,-5
59,43,1,6
59,44,0,5
59,44,1,-9
59,45,0,13
59,45,1,-26
59,46,0,23
59,46,1,-25
59,47,0,-15
59,47,1,10
59,48,0,18
59,48,1,-21
59,49,0,-3
59,49,1,6
59,50,0,-7
59,50,1,12
59,51,0,2
59,51,1,-11
59,52,0,-9
59,52,1,3
59,53,0,12
59,53,1,-29
59,54,0,-15
59,54,1,6
59,55,0,23
59,55,1,-23
59,56,0,-9
59,56,1,1
59,57,0,8
59,57,1,-15
59,58,0,3
59,58,1,1
59,59,0,85
59,59,1,-13
59,60,0,8
59,60,1,-21
59,61,0,11
59,61,1,-21
59,62,0,-5
59,62,1,-6
59,63,0,-11
59,63,1,6
59,64,0,-26
59,64,1,30
59,65,0,6
59,65,1,-2
59,66,0,5
59,67,0,13
59,67,1,-11
59,68,0,-8
59,68,1,11
59,69,0,12
59,69,1,1
59,70,0,-18
59,70,1,13
59,71,0,14
59,71,1,-30
59,72,0,10
59,72,1,-26
59,73,0,-4
59,73,1,-2
59,74,0,19
59,74,1,-5
59,75,0,12
59,75,1,11
60,3,0,2
60,4,0,-1
60,5,0,2
60,6,0,1
60,8,0,1
60,9,0,-1
60,10,0,-1
60,13,0,-1
60,14,0,1
60,15,0,-1
60,16,0,-2
60,18,0,-2
60,19,0,-2
60,20,0,-2
60,21,0,-1
60,22,0,-2
60,23,0,22
60,23,1,-31
60,24,0,-28
60,24,1,15
60,25,0,20
60,25,1,-30
60,26,0,-5
60,26,1,9
60,27,0,20
60,27,1,-24
60,28,1,25
60,29,0,13
60,29,1,-23
60,30,0,6
60,30,1,-19
60,31,0,-10
60,31,1,2
60,32,0,-2
60,32,1,-6
60,33,0,7
60,33,1,-3
60,34,0,1
60,34,1,-6
60,35,0,13
60,35,1,-19
60,36,0,6
60,36,1,14
60,37,0,-3
60,37,1,11
60,38,0,8
60,38,1,5
60,39,0,21
60,39,1,-8
60,40,0,-2
60,40,1,14
60,41,0,-23
60,41,1,4
60,42,0,19
60,42,1,-23
60,43,0,-5
60,43,1,2
60,44,0,22
60,44,1,-13
60,45,0,-20
60,45,1,4
60,46,0,-10
60,47,0,8
60,47,1,-23
60,48,0,-19
60,48,1,11
60,49,0,3
60,49,1,-1
60,50,0,-3
60,50,1,-1
60,51,0,12
60,51,1,2
60,52,0,-21
60,52,1,24
60,53,0,-5
60,53,1,15
60,54,0,3
60,54,1,-9
60,55,0,7
60,55,1,-1
60,56,0,-6
60,56,1,-8
60,57,0,-10
60,57,1,35
60,58,0,-11
60,58,1,20
60,59,0,8
60,59,1,-21
60,60,0,87
60,60,1,4
60,61,0,-25
60,61,1,17
60,62,0,-14
60,62,1,2
60,63,0,-2
60,63,1,-23
60,64,0,-13
60,64,1,-5
60,65,0,12
60,65,1,-7
60,66,0,3
60,66,1,-7
60,67,0,-17
60,67,1,27
60,68,0,1
60,68,1,2
60,69,0,12
60,69,1,-19
60,70,0,-8
60,70,1,16
60,71,0,-12
60,71,1,26
60,72,0,-14
60,72,1,32
60,73,0,-16
60,73,1,9
60,74,0,5
60,74,1,2
60,75,0,5
60,75,1,10
61,3,0,-2
61,4,0,1
61,5,0,-1
61,6,0,-2
61,7,0,-1
61,8,0,2
61,9,0,1
61,10,0,-1
61,11,0,1
61,12,0,1
61,13,0,-2
61,14,0,1
61,15,0,-2
61,16,0,-2
61,17,0,2
61,19,0,2
61,20,0,-1
61,21,0,-2
61,22,0,-2
61,23,0,-12
61,23,1,17
61,24,0,13
61,24,1,-17
61,25,0,5
61,25,1,-13
61,26,0,-16
61,26,1,10
61,27,0,-2
61,27,1,-6
61,28,0,-6
61,28,1,-20
61,29,0,-3
61,29,1,-8
61,30,0,-12
61,30,1,5
61,31,0,8
61,31,1,2
61,32,1,-19
61,33,0,-3
61,33,1,11
61,34,0,3
61,34,1,22
61,35,0,-15
61,35,1,7
61,36,0,-4
61,36,1,11
61,37,1,4
61,38,1,5
61,39,0,-12
61,39,1,-3
61,40,0,-10
61,40,1,7
61,41,0,24
61,41,1,-24
61,42,0,-16
61,42,1,24
61,43,0,8
61,43,1,-13
61,44,0,3
61,45,0,21
61,45,1,-28
61,46,0,7
61,46,1,-7
61,47,0,-5
61,47,1,-7
61,48,0,14
61,48,1,-27
61,49,0,4
61,49,1,-6
61,50,0,-3
61,50,1,24
61,51,0,16
61,51,1,-9
61,52,0,19
61,52,1,5
61,53,0,2
61,53,1,6
61,54,0,-2
61,54,1,11
61,55,0,-4
61,55,1,6
61,56,0,-8
61,56,1,12
61,57,0,27
61,57,1,-14
61,58,0,8
61,58,1,4
61,59,0,11
61,59,1,-21
61,60,0,-25
61,60,1,17
61,61,0,81
61,61,1,9
61,62,0,7
61,62,1,2
61,63,0,-9
61,63,1,22
61,64,0,3
61,64,1,-17
61,65,0,-20
61,65,1,-1
61,66,0,-1
61,66,1,11
61,67,0,11
61,67,1,-9
61,68,0,22
61,68,1,-31
61,69,0,-3
61,69,1,-2
61,70,0,10
61,70,1,5
61,71,0,-12
61,71,1,15
61,72,0,8
61,72,1,-14
61,73,0,6
61,73,1,1
61,74,0,11
61,74,1,-16
61,75,0,-7
61,75,1,6
62,1,0,2
62,2,0,2
62,3,0,2
62,4,0,-2
62,5,0,-2
62,6,0,-2
62,7,0,-2
62,8,0,1
62,9,0,-2
62,10,0,-1
62,11,0,-2
62,12,0,1
62,13,0,1
62,14,0,1
62,15,0,-1
62,16,0,-2
62,18,0,1
62,20,0,2
62,21,0,-2
62,22,0,2
62,23,0,16
62,23,1,-15
62,24,0,3
62,24,1,9
62,25,0,-6
62,25,1,-1
62,26,0,8
62,26,1,-14
62,27,0,5
62,27,1,22
62,28,0,8
62,28,1,-5
62,29,0,-14
62,29,1,20
62,30,0,-5
62,30,1,31
62,31,0,13
62,31,1,-13
62,32,0,-6
62,32,1,10
62,33,0,7
62,33,1,1
62,34,0,2
62,34,1,-25
62,35,0,1
62,35,1,-11
62,36,0,3
62,36,1,-20
62,37,0,26
62,37,1,-31
62,38,0,-6
62,38,1,4
62,39,0,13
62,39,1,-3
62,40,0,1
62,40,1,-8
62,41,0,-24
62,41,1,10
62,42,0,7
62,42,1,-10
62,43,0,17
62,43,1,-15
62,44,0,-21
62,44,1,8
62,45,0,7
62,45,1,-10
62,46,0,-1
62,46,1,4
62,47,0,20
62,47,1,-31
62,48,0,31
62,48,1,-48
62,49,0,-9
62,49,1,15
62,50,0,16
62,50,1,-14
62,51,0,6
62,51,1,-21
62,52,0,33
62,52,1,-48
62,53,0,27
62,53,1,-34
62,54,0,-12
62,54,1,16
62,55,0,-16
62,55,1,31
62,56,1,-4
62,57,0,17
62,57,1,-18
62,58,0,5
62,58,1,-17
62,59,0,-5
62,59,1,-6
62,60,0,-14
62,60,1,2
62,61,0,7
62,61,1,2
62,62,0,85
62,62,1,-10
62,63,0,3
62,63,1,1
62,64,0,7
62,64,1,3
62,65,0,7
62,65,1,-8
62,66,0,-4
62,66,1,13
62,67,0,10
62,67,1,-11
62,68,0,17
62,68,1,-27
62,69,0,-8
62,69,1,-9
62,70,0,12
62,70,1,-6
62,71,0,-4
62,71,1,23
62,72,0,-10
62,72,1,17
62,73,0,1
62,73,1,8
62,74,0,-4
62,74,1,2
62,75,0,-14
62,75,1,5
63,1,0,-1
63,2,0,2
63,3,0,-2
63,4,0,1
63,7,0,-1
63,8,0,-1
63,9,0,-1
63,10,0,-2
63,13,0,1
63,15,0,-2
63,17,0,1
63,18,0,1
63,20,0,-1
63,21,0,1
63,22,0,-1
63,23,0,-7
63,23,1,4
63,24,0,1
63,24,1,-9
63,25,0,-14
63,25,1,12
63,26,0,6
63,26,1,-16
63,27,0,19
63,27,1,-13
63,28,0,4
63,28,1,-35
63,29,0,-5
63,29,1,-2
63,30,0,7
63,30,1,-8
63,31,0,-7
63,31,1,12
63,32,0,19
63,32,1,-19
63,33,0,21
63,33,1,-26
63,34,0,-15
63,34,1,20
63,35,0,-6
63,35,1,-3
63,36,1,-4
63,37,0,-7
63,37,1,-3
63,38,0,-17
63,38,1,27
63,39,1,4
63,40,0,-8
63,40,1,-4
63,41,0,-7
63,41,1,3
63,42,0,-14
63,42,1,31
63,43,0,-3
63,43,1,10
63,44,0,-7
63,44,1,13
63,45,0,-10
63,45,1,7
63,46,0,-23
63,46,1,43
63,47,0,-3
63,47,1,10
63,48,0,-4
63,48,1,-5
63,49,0,6
63,49,1,-5
63,50,0,-3
63,50,1,8
63,51,0,-13
63,51,1,31
63,52,0,-1
63,52,1,6
63,53,0,-13
63,53,1,8
63,54,0,11
63,54,1,16
63,55,0,-1
63,55,1,-11
63,56,0,-12
63,56,1,20
63,57,0,9
63,57,1,-13
63,58,0,6
63,58,1,-9
63,59,0,-11
63,59,1,6
63,60,0,-2
63,60,1,-23
63,61,0,-9
63,61,1,22
63,62,0,3
63,62,1,1
63,63,0,75
63,63,1,2
63,64,0,-2
63,64,1,15
63,65,0,-6
63,65,1,-2
63,66,0,3
63,66,1,9
63,67,0,-8
63,67,1,12
63,68,0,5
63,68,1,7
63,69,0,4
63,69,1,-15
63,70,0,-10
63,70,1,-5
63,71,0,-8
63,71,1,15
63,72,0,-11
63,72,1,11
63,73,0,-1
63,73,1,12
63,74,0,-17
63,74,1,15
63,75,0,6
63,75,1,-26
64,1,0,-1
64,2,0,-1
64,4,0,-2
64,5,0,1
64,7,0,2
64,9,0,1
64,11,0,2
64,12,0,-2
64,13,0,-2
64,14,0,-1
64,17,0,-1
64,18,0,2
64,19,0,1
64,20,0,1
64,21,0,-2
64,22,0,1
64,23,0,-11
64,23,1,10
64,24,0,15
64,24,1,-3
64,25,0,-24
64,25,1,9
64,26,1,1
64,27,0,16
64,27,1,-16
64,28,0,4
64,28,1,9
64,29,0,-7
64,29,1,34
64,30,0,1
64,30,1,-21
64,31,0,12
64,31,1,-4
64,32,0,4
64,32,1,-8
64,33,0,-11
64,33,1,-3
64,34,0,14
64,34,1,-20
64,35,0,-5
64,35,1,7
64,36,0,6
64,36,1,-7
64,37,0,18
64,37,1,-14
64,38,1,5
64,39,0,1
64,39,1,-3
64,40,0,11
64,40,1,-8
64,41,0,17
64,41,1,-24
64,42,0,-6
64,42,1,27
64,43,0,-1
64,43,1,-16
64,44,0,-8
64,44,1,27
64,45,0,2
64,45,1,15
64,46,0,-11
64,46,1,2
64,47,0,19
64,47,1,-36
64,48,0,-9
64,48,1,19
64,49,0,-5
64,49,1,-8
64,50,0,12
64,50,1,-9
64,51,0,5
64,51,1,-4
64,52,0,7
64,52,1,-14
64,53,0,6
64,54,0,-4
64,54,1,-15
64,55,0,-10
64,55,1,10
64,56,0,11
64,56,1,3
64,57,0,-15
64,58,0,2
64,58,1,-12
64,59,0,-26
64,59,1,30
64,60,0,-13
64,60,1,-5
64,61,0,3
64,61,1,-17
64,62,0,7
64,62,1,3
64,63,0,-2
64,63,1,15
64,64,0,82
64,64,1,23
64,65,0,-5
64,65,1,-11
64,66,0,12
64,66,1,-6
64,67,0,2
64,67,1,-22
64,68,0,-4
64,68,1,9
64,69,0,6
64,69,1,-8
64,70,0,11
64,70,1,-4
64,71,0,5
64,71,1,-9
64,72,0,-14
64,72,1,14
64,73,1,7
64,74,0,-2
64,74,1,14
64,75,0,-1
64,75,1,-26
65,1,0,2
65,4,0,-2
65,5,0,2
65,6,0,1
65,7,0,-2
65,8,0,-1
65,12,0,-1
65,13,0,2
65,14,0,-2
65,15,0,-1
65,16,0,2
65,18,0,-2
65,19,0,1
65,20,0,-1
65,21,0,2
65,22,0,-2
65,23,0,13
65,23,1,-7
65,24,0,3
65,24,1,8
65,25,0,18
65,25,1,-3
65,26,0,-2
65,26,1,-12
65,27,0,-19
65,27,1,15
65,28,0,6
65,28,1,-12
65,29,0,-13
65,29,1,8
65,30,0,4
65,30,1,2
65,31,0,-10
65,31,1,9
65,32,0,-7
65,32,1,12
65,33,0,5
65,33,1,6
65,34,0,-21
65,34,1,5
65,35,0,16
65,35,1,-13
65,36,0,-17
65,36,1,33
65,37,0,-7
65,37,1,8
65,38,0,-1
65,38,1,-16
65,39,0,22
65,39,1,-27
65,40,0,-4
65,40,1,12
65,41,0,-9
65,41,1,-1
65,42,0,15
65,42,1,-38
65,43,0,-4
65,43,1,25
65,44,1,-13
65,45,0,-9
65,45,1,16
65,46,0,3
65,46,1,-12
65,47,0,-10
65,47,1,36
65,48,0,12
65,48,1,15
65,49,0,-4
65,49,1,12
65,50,0,4
65,50,1,4
65,51,1,2
65,52,0,-12
65,52,1,-5
65,53,0,15
65,53,1,-9
65,54,0,4
65,54,1,-6
65,55,0,4
65,55,1,-11
65,56,0,11
65,56,1,-9
65,57,0,-15
65,57,1,26
65,58,0,-10
65,58,1,10
65,59,0,6
65,59,1,-2
65,60,0,12
65,60,1,-7
65,61,0,-20
65,61,1,-1
65,62,0,7
65,62,1,-8
65,63,0,-6
65,63,1,-2
65,64,0,-5
65,64,1,-11
65,65,0,84
65,65,1,-1
65,66,0,16
65,66,1,-41
65,67,1,1
65,68,0,-2
65,68,1,1
65,69,0,-2
65,69,1,5
65,70,0,15
65,70,1,-21
65,71,1,-16
65,72,0,-11
65,72,1,17
65,73,0,-7
65,73,1,31
65,74,0,-7
65,74,1,-14
65,75,0,-11
65,75,1,25
66,1,0,-1
66,2,0,-1
66,3,0,1
66,5,0,-1
66,6,0,-1
66,7,0,-2
66,9,0,1
66,10,0,1
66,11,0,1
66,12,0,1
66,13,0,1
66,14,0,-2
66,15,0,-2
66,17,0,-1
66,19,0,-2
66,20,0,1
66,21,0,-1
66,22,0,2
66,23,0,-10
66,23,1,20
66,24,0,-4
66,24,1,-11
66,25,0,-7
66,25,1,5
66,26,0,5
66,26,1,-24
66,27,1,7
66,28,0,18
66,28,1,-23
66,29,0,-7
66,29,1,10
66,30,0,2
66,30,1,13
66,31,0,-5
66,31,1,16
66,32,0,-8
66,32,1,14
66,33,0,11
66,33,1,-4
66,34,0,1
66,34,1,6
66,35,0,25
66,35,1,-7
66,36,0,-17
66,36,1,15
66,37,0,-10
66,37,1,2
66,38,0,-10
66,38,1,12
66,39,0,1
66,39,1,1
66,40,0,-6
66,40,1,-11
66,41,0,-13
66,41,1,18
66,42,0,-25
66,42,1,41
66,43,0,4
66,43,1,17
66,44,0,9
66,44,1,4
66,45,0,11
66,45,1,-26
66,46,0,-1
66,46,1,14
66,47,0,12
66,47,1,-19
66,48,0,14
66,48,1,-25
66,49,0,10
66,49,1,-5
66,50,0,2
66,50,1,3
66,51,0,-6
66,51,1,2
66,52,0,-4
66,52,1,7
66,53,0,-6
66,53,1,-3
66,54,0,17
66,54,1,-21
66,55,0,7
66,55,1,4
66,56,0,19
66,56,1,-31
66,57,0,-10
66,57,1,-12
66,58,0,-3
66,58,1,18
66,59,0,5
66,60,0,3
66,60,1,-7
66,61,0,-1
66,61,1,11
66,62,0,-4
66,62,1,13
66,63,0,3
66,63,1,9
66,64,0,12
66,64,1,-6
66,65,0,16
66,65,1,-41
66,66,0,73
66,66,1,8
66,67,0,15
66,67,1,-2
66,68,0,-7
66,68,1,-4
66,69,0,2
66,69,1,-14
66,70,0,2
66,70,1,-10
66,71,0,-4
66,71,1,9
66,72,0,-5
66,72,1,4
66,73,0,-9
66,73,1,-2
66,74,0,4
66,74,1,-3
66,75,0,12
66,75,1,-14
67,1,0,2
67,2,0,2
67,3,0,1
67,5,0,-2
67,6,0,1
67,7,0,-2
67,8,0,2
67,10,0,1
67,11,0,2
67,12,0,2
67,13,0,-2
67,14,0,1
67,16,0,-2
67,17,0,-1
67,18,0,-2
67,19,0,-2
67,20,0,-1
67,21,0,2
67,22,0,-1
67,23,0,-2
67,23,1,-4
67,24,0,6
67,24,1,-7
67,25,0,-1
67,25,1,3
67,26,0,19
67,26,1,-18
67,27,0,1
67,27,1,2
67,28,0,19
67,28,1,-26
67,29,0,-8
67,29,1,-20
67,30,0,3
67,30,1,13
67,31,0,-6
67,31,1,-4
67,32,0,4
67,32,1,-10
67,33,0,-2
67,33,1,5
67,34,0,25
67,34,1,-32
67,35,0,6
67,35,1,1
67,36,0,-24
67,36,1,10
67,37,0,-2
67,37,1,-6
67,38,0,-18
67,38,1,18
67,39,0,-9
67,39,1,15
67,40,0,-1
67,40,1,-6
67,41,0,-12
67,41,1,-6
67,42,0,3
67,42,1,6
67,43,0,18
67,43,1,-13
67,44,0,1
67,44,1,-14
67,45,0,35
67,45,1,-55
67,46,0,-19
67,46,1,19
67,47,0,5
67,47,1,6
67,48,0,5
67,48,1,-5
67,49,0,8
67,49,1,5
67,50,1,-16
67,51,0,-1
67,51,1,6
67,52,0,5
67,52,1,8
67,53,0,8
67,53,1,-3
67,54,0,-5
67,54,1,9
67,55,0,3
67,55,1,3
67,56,0,17
67,56,1,-14
67,57,0,-5
67,57,1,-1
67,58,0,5
67,58,1,8
67,59,0,13
67,59,1,-11
67,60,0,-17
67,60,1,27
67,61,0,11
67,61,1,-9
67,62,0,10
67,62,1,-11
67,63,0,-8
67,63,1,12
67,64,0,2
67,64,1,-22
67,65,1,1
67,66,0,15
67,66,1,-2
67,67,0,82
67,67,1,4
67,68,0,27
67,68,1,-3
67,69,0,21
67,69,1,-22
67,70,0,-6
67,70,1,18
67,71,0,21
67,71,1,4
67,72,0,-6
67,72,1,9
67,73,0,-3
67,73,1,-6
67,74,0,-3
67,74,1,28
67,75,0,11
67,75,1,13
68,1,0,1
68,3,0,-2
68,4,0,2
68,5,0,2
68,7,0,-2
68,8,0,2
68,9,0,2
68,12,0,2
68,13,0,-1
68,14,0,1
68,16,0,-1
68,17,0,2
68,19,0,-1
68,20,0,2
68,22,0,-2
68,23,0,7
68,23,1,-9
68,24,0,4
68,24,1,-28
68,25,0,-8
68,25,1,16
68,26,0,6
68,26,1,-3
68,27,0,-11
68,27,1,11
68,28,0,6
68,28,1,1
68,29,0,-6
68,29,1,2
68,30,0,5
68,30,1,-5
68,31,0,1
68,31,1,2
68,32,0,10
68,32,1,-10
68,33,0,-1
68,33,1,-16
68,34,0,1
68,34,1,-5
68,35,0,-6
68,35,1,1
68,36,0,-2
68,36,1,2
68,37,0,18
68,37,1,-24
68,38,0,-21
68,38,1,32
68,39,0,-1
68,39,1,2
68,40,0,-6
68,41,0,-5
68,41,1,-10
68,42,0,16
68,42,1,-3
68,43,0,8
68,43,1,-14
68,44,1,-6
68,45,0,11
68,45,1,-3
68,46,0,-20
68,46,1,39
68,47,0,-8
68,47,1,15
68,48,0,-9
68,48,1,12
68,49,0,10
68,49,1,5
68,50,0,9
68,50,1,-3
68,51,0,7
68,51,1,2
68,52,0,-4
68,52,1,-1
68,53,0,1
68,53,1,-9
68,54,0,-6
68,54,1,13
68,55,0,-16
68,55,1,2
68,56,0,-1
68,56,1,12
68,57,0,8
68,57,1,-12
68,58,0,1
68,58,1,-14
68,59,0,-8
68,59,1,11
68,60,0,1
68,60,1,2
68,61,0,22
68,61,1,-31
68,62,0,17
68,62,1,-27
68,63,0,5
68,63,1,7
68,64,0,-4
68,64,1,9
68,65,0,-2
68,65,1,1
68,66,0,-7
68,66,1,-4
68,67,0,27
68,67,1,-3
68,68,0,72
68,68,1,-1
68,69,0,10
68,69,1,-13
68,70,0,-7
68,70,1,-11
68,71,0,-2
68,71,1,18
68,72,0,-12
68,72,1,15
68,73,0,-14
68,73,1,35
68,74,0,-20
68,74,1,22
68,75,0,-5
68,75,1,21
69,2,0,1
69,3,0,2
69,4,0,-1
69,5,0,-1
69,7,0,2
69,8,0,-1
69,9,0,2
69,10,0,-1
69,11,0,-2
69,13,0,-1
69,14,0,2
69,15,0,-1
69,17,0,1
69,18,0,-2
69,19,0,2
69,20,0,1
69,23,0,-12
69,23,1,4
69,24,0,5
69,24,1,1
69,25,0,-20
69,25,1,35
69,26,1,-11
69,27,0,9
69,27,1,-22
69,28,0,1
69,28,1,5
69,29,0,8
69,29,1,-11
69,30,0,-13
69,30,1,9
69,31,1,25
69,32,0,-1
69,32,1,-2
69,33,0,11
69,33,1,-27
69,34,0,14
69,34,1,-16
69,35,0,10
69,35,1,-13
69,36,0,7
69,36,1,6
69,37,0,8
69,37,1,-6
69,38,0,-14
69,38,1,-11
69,39,0,10
69,39,1,-11
69,40,0,1
69,41,0,-3
69,41,1,16
69,42,0,4
69,42,1,3
69,43,0,-9
69,43,1,-6
69,44,0,8
69,44,1,2
69,45,0,7
69,45,1,2
69,46,0,-14
69,46,1,12
69,47,0,-7
69,47,1,20
69,48,0,-3
69,48,1,8
69,49,0,4
69,49,1,-15
69,50,0,-3
69,50,1,14
69,51,1,3
69,52,0,-9
69,52,1,8
69,53,0,6
69,53,1,-14
69,54,0,7
69,54,1,-13
69,55,1,8
69,56,0,4
69,56,1,13
69,57,0,11
69,57,1,-15
69,58,0,16
69,58,1,-4
69,59,0,12
69,59,1,1
69,60,0,12
69,60,1,-19
69,61,0,-3
69,61,1,-2
69,62,0,-8
69,62,1,-9
69,63,0,4
69,63,1,-15
69,64,0,6
69,64,1,-8
69,65,0,-2
69,65,1,5
69,66,0,2
69,66,1,-14
69,67,0,21
69,67,1,-22
69,68,0,10
69,68,1,-13
69,69,0,70
69,69,1,4
69,70,0,-19
69,70,1,23
69,71,0,8
69,71,1,-26
69,72,0,-22
69,72,1,17
69,73,0,-17
69,73,1,16
69,74,0,-2
69,74,1,19
69,75,0,22
69,75,1,-9
70,1,0,-1
70,2,0,1
70,3,0,-1
70,4,0,-1
70,6,0,1
70,7,0,2
70,8,0,2
70,9,0,1
70,10,0,1
70,11,0,1
70,13,0,2
70,14,0,-1
70,16,0,-1
70,20,0,-1
70,21,0,1
70,23,0,2
70,23,1,-3
70,24,0,-9
70,24,1,4
70,25,0,8
70,25,1,-4
70,26,0,-12
70,26,1,25
70,27,0,-8
70,27,1,11
70,28,0,4
70,28,1,-11
70,29,0,-7
70,29,1,2
70,30,0,2
70,30,1,-14
70,31,0,-3
70,31,1,-14
70,32,0,-11
70,32,1,1
70,33,0,-3
70,33,1,7
70,34,0,7
70,34,1,-10
70,35,0,-2
70,35,1,14
70,36,0,19
70,36,1,-27
70,37,0,2
70,37,1,10
70,38,0,5
70,38,1,-19
70,39,0,16
70,39,1,-12
70,40,0,-11
70,40,1,26
70,41,0,16
70,41,1,-23
70,42,0,2
70,42,1,-15
70,43,0,1
70,43,1,-6
70,44,0,-10
70,44,1,-3
70,45,1,7
70,46,0,5
70,46,1,-4
70,47,0,2
70,47,1,-11
70,48,0,4
70,48,1,4
70,49,0,-25
70,49,1,41
70,50,0,-1
70,50,1,-12
70,51,0,3
70,51,1,-2
70,52,0,11
70,52,1,14
70,53,0,15
70,53,1,-2
70,54,0,-4
70,54,1,-2
70,55,0,-3
70,55,1,13
70,56,0,-1
70,56,1,-2
70,57,0,8
70,57,1,9
70,58,0,5
70,58,1,-9
70,59,0,-18
70,59,1,13
70,60,0,-8
70,60,1,16
70,61,0,10
70,61,1,5
70,62,0,12
70,62,1,-6
70,63,0,-10
70,63,1,-5
70,64,0,11
70,64,1,-4
70,65,0,15
70,65,1,-21
70,66,0,2
70,66,1,-10
70,67,0,-6
70,67,1,18
70,68,0,-7
70,68,1,-11
70,69,0,-19
70,69,1,23
70,70,0,70
70,70,1,33
70,71,0,-15
70,71,1,32
70,72,0,5
70,72,1,-2
70,73,0,6
70,73,1,3
70,74,0,28
70,74,1,13
70,75,0,-29
70,75,1,26
71,2,0,1
71,3,0,1
71,4,0,2
71,6,0,2
71,7,0,2
71,8,0,1
71,9,0,1
71,10,0,2
71,11,0,1
71,12,0,2
71,13,0,-2
71,14,0,-1
71,15,0,-2
71,16,0,2
71,17,0,1
71,18,0,-1
71,19,0,1
71,21,0,1
71,22,0,-2
71,23,0,-5
71,23,1,2
71,24,0,2
71,24,1,-11
71,25,0,-18
71,25,1,3
71,26,0,10
71,27,0,12
71,28,0,20
71,28,1,4
71,29,0,9
71,29,1,-12
71,30,0,1
71,30,1,7
71,31,0,7
71,31,1,-16
71,32,0,7
71,32,1,-14
71,33,0,-22
71,33,1,18
71,34,0,19
71,34,1,-27
71,35,0,9
71,35,1,-8
71,36,0,1
71,36,1,-7
71,37,0,-2
71,37,1,15
71,38,0,3
71,38,1,14
71,39,0,-18
71,39,1,40
71,40,0,-7
71,40,1,13
71,41,0,-22
71,41,1,-7
71,42,0,13
71,42,1,-19
71,43,0,-3
71,43,1,-4
71,44,0,-20
71,44,1,22
71,45,0,4
71,45,1,-20
71,46,0,15
71,46,1,-19
71,47,0,3
71,47,1,-7
71,48,0,17
71,48,1,-50
71,49,0,-12
71,49,1,25
71,50,0,-3
71,50,1,1
71,51,0,1
71,52,0,-2
71,52,1,7
71,53,0,16
71,53,1,-4
71,54,1,10
71,55,0,6
71,55,1,15
71,56,0,-8
71,57,0,-25
71,57,1,16
71,58,0,-1
71,58,1,5
71,59,0,14
71,59,1,-30
71,60,0,-12
71,60,1,26
71,61,0,-12
71,61,1,15
71,62,0,-4
71,62,1,23
71,63,0,-8
71,63,1,15
71,64,0,5
71,64,1,-9
71,65,1,-16
71,66,0,-4
71,66,1,9
71,67,0,21
71,67,1,4
71,68,0,-2
71,68,1,18
71,69,0,8
71,69,1,-26
71,70,0,-15
71,70,1,32
71,71,0,100
71,71,1,-21
71,72,0,-1
71,72,1,3
71,73,0,7
71,73,1,-15
71,74,0,-8
71,74,1,12
71,75,0,22
71,75,1,-7
72,1,0,-2
72,2,0,1
72,4,0,2
72,5,0,-1
72,6,0,-1
72,7,0,2
72,8,0,2
72,9,0,2
72,10,0,1
72,11,0,-2
72,12,0,1
72,13,0,2
72,15,0,-2
72,18,0,-1
72,20,0,-1
72,22,0,1
72,23,0,15
72,23,1,-26
72,24,0,-7
72,24,1,-13
72,25,0,16
72,25,1,-25
72,26,0,10
72,26,1,-14
72,27,0,-9
72,27,1,13
72,28,0,-16
72,28,1,4
72,29,0,12
72,29,1,-24
72,30,0,-1
72,30,1,11
72,31,0,25
72,31,1,-15
72,32,0,5
72,32,1,12
72,33,0,-5
72,33,1,23
72,34,0,-12
72,34,1,21
72,35,0,-10
72,35,1,-1
72,36,0,-7
72,36,1,17
72,37,0,-15
72,37,1,9
72,38,0,7
72,38,1,-19
72,39,0,-4
72,39,1,2
72,40,0,7
72,40,1,-7
72,41,0,7
72,41,1,-34
72,43,0,-3
72,43,1,-5
72,44,0,11
72,44,1,-1
72,45,0,15
72,45,1,-17
72,46,0,4
72,46,1,-7
72,47,0,-12
72,47,1,29
72,48,1,14
72,49,0,-6
72,49,1,9
72,50,0,8
72,50,1,-21
72,51,0,5
72,51,1,8
72,52,0,6
72,52,1,-22
72,53,0,-9
72,53,1,21
72,54,0,-2
72,54,1,11
72,55,0,5
72,55,1,-9
72,56,0,8
72,57,0,-9
72,57,1,6
72,58,0,5
72,58,1,-2
72,59,0,10
72,59,1,-26
72,60,0,-14
72,60,1,32
72,61,0,8
72,61,1,-14
72,62,0,-10
72,62,1,17
72,63,0,-11
72,63,1,11
72,64,0,-14
72,64,1,14
72,65,0,-11
72,65,1,17
72,66,0,-5
72,66,1,4
72,67,0,-6
72,67,1,9
72,68,0,-12
72,68,1,15
72,69,0,-22
72,69,1,17
72,70,0,5
72,70,1,-2
72,71,0,-1
72,71,1,3
72,72,0,77
72,72,1,-14
72,73,0,4
72,73,1,6
72,74,0,7
72,74,1,-10
72,75,0,7
72,75,1,3
73,1,0,-2
73,2,0,-2
73,3,0,-1
73,4,0,1
73,6,0,2
73,10,0,2
73,11,0,2
73,12,0,-1
73,13,0,-1
73,14,0,-1
73,15,0,-1
73,18,0,2
73,19,0,2
73,21,0,-1
73,22,0,-1
73,23,0,8
73,23,1,8
73,24,0,7
73,24,1,-21
73,25,0,10
73,25,1,5
73,26,0,-11
73,26,1,-9
73,27,0,4
73,27,1,20
73,28,0,12
73,28,1,-33
73,29,0,-6
73,29,1,11
73,30,0,3
73,30,1,-6
73,31,0,-5
73,31,1,13
73,32,0,-1
73,33,0,-7
73,33,1,24
73,34,0,-5
73,34,1,13
73,35,0,-11
73,35,1,-2
73,36,0,-2
73,36,1,15
73,37,0,-18
73,37,1,13
73,38,0,16
73,38,1,-29
73,39,0,-9
73,39,1,-2
73,40,0,12
73,40,1,-16
73,41,0,2
73,41,1,-12
73,42,0,-7
73,42,1,2
73,43,0,-16
73,43,1,34
73,44,0,-12
73,44,1,7
73,45,0,-7
73,45,1,17
73,46,0,14
73,46,1,-8
73,47,0,-6
73,47,1,23
73,48,0,29
73,48,1,-29
73,49,0,-3
73,49,1,9
73,50,0,5
73,50,1,11
73,51,0,11
73,51,1,-13
73,52,0,8
73,52,1,-5
73,53,0,8
73,53,1,-19
73,54,0,-22
73,54,1,23
73,55,0,8
73,55,1,-26
73,56,0,-4
73,56,1,14
73,57,0,-9
73,57,1,6
73,58,0,17
73,58,1,-33
73,59,0,-4
73,59,1,-2
73,60,0,-16
73,60,1,9
73,61,0,6
73,61,1,1
73,62,0,1
73,62,1,8
73,63,0,-1
73,63,1,12
73,64,1,7
73,65,0,-7
73,65,1,31
73,66,0,-9
73,66,1,-2
73,67,0,-3
73,67,1,-6
73,68,0,-14
73,68,1,35
73,69,0,-17
73,69,1,16
73,70,0,6
73,70,1,3
73,71,0,7
73,71,1,-15
73,72,0,4
73,72,1,6
73,73,0,91
73,73,1,-16
73,74,1,-15
73,75,0,-7
73,75,1,4
74,1,0,2
74,2,0,-1
74,3,0,-2
74,4,0,-1
74,5,0,2
74,6,0,2
74,7,0,2
74,8,0,2
74,11,0,2
74,12,0,2
74,14,0,-1
74,15,0,-2
74,16,0,-1
74,17,0,-2
74,18,0,-1
74,19,0,2
74,20,0,2
74,21,0,-2
74,22,0,-1
74,23,0,-8
74,23,1,-16
74,24,0,-15
74,24,1,22
74,25,0,18
74,25,1,-30
74,26,0,-19
74,26,1,23
74,27,0,-2
74,27,1,16
74,28,0,-12
74,28,1,29
74,29,0,-6
74,29,1,-10
74,30,0,2
74,30,1,1
74,31,0,-5
74,31,1,-5
74,32,0,-9
74,32,1,7
74,33,0,-14
74,33,1,18
74,34,0,14
74,34,1,-26
74,35,0,5
74,35,1,5
74,36,0,6
74,36,1,-21
74,37,0,1
74,37,1,2
74,38,0,17
74,38,1,-31
74,39,0,6
74,39,1,-15
74,40,0,1
74,40,1,5
74,41,0,3
74,41,1,-11
74,42,0,-6
74,42,1,-5
74,43,0,10
74,43,1,-31
74,44,0,9
74,44,1,-21
74,45,0,14
74,45,1,-19
74,46,0,4
74,46,1,-6
74,47,0,10
74,47,1,-20
74,48,0,-11
74,48,1,7
74,49,0,-21
74,49,1,17
74,50,0,-9
74,51,0,16
74,51,1,-23
74,52,0,6
74,52,1,16
74,53,0,30
74,53,1,-40
74,54,1,1
74,55,0,11
74,55,1,-5
74,56,0,-12
74,56,1,3
74,57,0,8
74,57,1,1
74,58,0,-1
74,58,1,9
74,59,0,19
74,59,1,-5
74,60,0,5
74,60,1,2
74,61,0,11
74,61,1,-16
74,62,0,-4
74,62,1,2
74,63,0,-17
74,63,1,15
74,64,0,-2
74,64,1,14
74,65,0,-7
74,65,1,-14
74,66,0,4
74,66,1,-3
74,67,0,-3
74,67,1,28
74,68,0,-20
74,68,1,22
74,69,0,-2
74,69,1,19
74,70,0,28
74,70,1,13
74,71,0,-8
74,71,1,12
74,72,0,7
74,72,1,-10
74,73,1,-15
74,74,0,79
74,74,1,21
74,75,0,-7
74,75,1,8
75,1,0,-1
75,2,0,-1
75,3,0,-2
75,4,0,-1
75,5,0,2
75,6,0,1
75,7,0,2
75,8,0,2
75,9,0,-1
75,11,0,2
75,12,0,2
75,13,0,2
75,14,0,1
75,15,0,2
75,16,0,-2
75,18,0,-1
75,19,0,-2
75,21,0,-1
75,22,0,-1
75,23,0,-22
75,23,1,19
75,24,0,15
75,24,1,-24
75,25,0,7
75,25,1,-2
75,26,0,-2
75,26,1,-2
75,27,0,14
75,27,1,-27
75,28,1,-10
75,29,0,3
75,29,1,-18
75,30,0,-4
75,30,1,-1
75,31,0,-3
75,31,1,-3
75,32,0,9
75,32,1,3
75,33,0,12
75,33,1,-14
75,34,0,6
75,34,1,-17
75,35,0,10
75,35,1,-29
75,36,0,-15
75,36,1,27
75,37,0,3
75,37,1,10
75,38,0,-7
75,38,1,10
75,39,0,-5
75,39,1,14
75,40,0,1
75,40,1,-4
75,41,0,-24
75,41,1,14
75,42,0,-2
75,42,1,-18
75,43,0,-2
75,43,1,3
75,44,0,-3
75,44,1,4
75,45,0,15
75,45,1,-23
75,46,0,-7
75,46,1,11
75,47,0,-4
75,47,1,5
75,48,0,-14
75,48,1,11
75,49,0,-5
75,49,1,2
75,50,1,-2
75,51,0,12
75,51,1,-14
75,52,0,5
75,52,1,-4
75,53,0,-27
75,53,1,19
75,54,0,-2
75,54,1,-4
75,55,0,1
75,55,1,15
75,56,0,6
75,56,1,-16
75,57,0,-1
75,57,1,1
75,58,0,3
75,58,1,14
75,59,0,12
75,59,1,11
75,60,0,5
75,60,1,10
75,61,0,-7
75,61,1,6
75,62,0,-14
75,62,1,5
75,63,0,6
75,63,1,-26
75,64,0,-1
75,64,1,-26
75,65,0,-11
75,65,1,25
75,66,0,12
75,66,1,-14
75,67,0,11
75,67,1,13
75,68,0,-5
75,68,1,21
75,69,0,22
75,69,1,-9
75,70,0,-29
75,70,1,26
75,71,0,22
75,71,1,-7
75,72,0,7
75,72,1,3
75,73,0,-7
75,73,1,4
75,74,0,-7
75,74,1,8
75,75,0,88
75,75,1,2

q_data
1,0,-16
2,0,12
3,0,8
4,0,-5
5,0,8
6,0,-3
7,0,-15
8,0,19
9,0,10
11,0,11
12,0,18
13,0,1
14,0,21
15,0,-15
16,0,-16
17,0,2
18,0,-17
19,0,3
20,0,-2
21,0,-9
22,0,15
23,1,2
24,1,-1
25,0,-1
27,0,-1
27,1,2
28,1,-1
29,0,-1
29,1,1
30,0,-2
30,1,3
31,0,-1
32,0,-1
33,0,-2
33,1,3
34,1,2
35,0,1
35,1,-1
36,0,-2
36,1,2
37,0,2
37,1,-1
38,1,2
39,0,-2
39,1,1
40,0,1
41,0,-2
41,1,2
42,0,-1
43,0,-1
43,1,2
44,1,-2
45,0,-1
45,1,-1
46,1,-1
47,0,-1
48,1,-1
49,0,1
49,1,-3
50,1,-1
52,0,-1
52,1,3
53,0,2
53,1,-1
54,0,-1
55,0,1
55,1,-2
56,0,-2
56,1,4
57,0,1
57,1,-1
58,0,-1
58,1,1
59,0,2
59,1,-3
60,0,-1
60,1,1
61,0,2
61,1,-1
62,0,1
62,1,-3
63,0,-1
64,1,-1
65,0,1
65,1,-1
66,0,1
66,1,-2
67,0,-1
67,1,1
68,0,-1
68,1,1
69,0,-1
69,1,3
70,0,1
70,1,-1
71,0,1
72,0,1
72,1,-3
73,0,-1
73,1,-1
74,1,2
75,1,1

Param_Space
1,1,-1
2,1,1

Param_Space_RHS
0
1

END
