LCP


h
125

k
1

M_data
1,1,0,96
1,2,0,16
1,3,0,12
1,4,0,-5
1,5,0,-7
1,6,0,1
1,7,0,-8
1,8,0,19
1,9,0,5
1,10,0,1
1,11,0,15
1,12,0,-5
1,13,0,10
1,14,0,-5
1,15,0,-7
1,16,0,13
1,17,0,-8
1,18,0,9
1,19,0,7
1,20,0,-17
1,21,0,3
1,22,0,-12
1,23,0,-4
1,24,0,15
1,25,0,11
1,26,0,13
1,27,0,5
1,28,0,-18
1,29,0,6
1,30,0,-21
1,31,0,15
1,32,0,-1
1,33,0,-3
1,34,0,-21
1,35,0,7
1,36,0,-2
1,37,0,-2
1,38,0,-4
1,39,0,-32
1,40,0,-9
1,41,0,-21
1,42,0,17
1,43,0,8
1,44,0,-17
1,45,0,19
1,46,0,-2
1,47,0,7
1,48,0,38
1,49,0,28
1,50,0,6
1,51,0,-3
1,52,0,-1
1,53,0,8
1,54,0,-27
1,55,0,13
1,56,0,-16
1,57,0,-15
1,58,0,-17
1,59,0,-4
1,60,0,1
1,61,0,8
1,62,0,-1
1,63,0,8
1,64,0,-8
1,65,0,-10
1,66,0,-27
1,67,0,17
1,68,0,4
1,69,0,6
1,70,0,-7
1,71,0,-18
1,73,0,-7
1,74,0,1
1,75,0,1
1,76,0,1
1,77,0,1
1,78,0,1
1,79,0,1
1,80,0,1
1,81,0,1
1,82,0,1
1,83,0,1
1,84,0,1
1,85,0,1
1,86,0,1
1,87,0,1
1,88,0,1
1,89,0,1
1,90,0,1
1,91,0,1
1,92,0,1
1,93,0,1
1,94,0,1
1,95,0,1
1,96,0,1
1,97,0,1
1,98,0,1
1,99,0,1
1,100,0,1
1,101,0,1
1,102,0,1
1,103,0,1
1,104,0,1
2,1,0,16
2,2,0,101
2,3,0,-9
2,4,0,15
2,5,0,-5
2,6,0,11
2,7,0,-21
2,8,0,7
2,9,0,18
2,10,0,7
2,11,0,12
2,12,0,-10
2,13,0,11
2,14,0,-28
2,15,0,-46
2,16,0,-5
2,17,0,11
2,18,0,1
2,19,0,-4
2,20,0,17
2,21,0,-2
2,22,0,14
2,23,0,14
2,24,0,5
2,25,0,-14
2,26,0,-2
2,27,0,-7
2,28,0,4
2,29,0,-14
2,30,0,-14
2,31,0,10
2,32,0,7
2,33,0,17
2,34,0,-11
2,35,0,-3
2,36,0,1
2,37,0,11
2,38,0,3
2,39,0,-2
2,40,0,-12
2,41,0,2
2,42,0,-13
2,43,0,6
2,44,0,-1
2,45,0,2
2,46,0,-5
2,47,0,-16
2,48,0,14
2,49,0,29
2,50,0,-20
2,51,0,11
2,52,0,-13
2,53,0,-20
2,54,0,-5
2,55,0,-4
2,56,0,-16
2,57,0,-17
2,58,0,-2
2,59,0,-32
2,60,0,2
2,62,0,5
2,63,0,-1
2,64,0,-13
2,65,0,-1
2,66,0,-7
2,67,0,-6
2,68,0,-6
2,69,0,-1
2,70,0,-19
2,71,0,6
2,72,0,7
2,73,0,3
2,105,0,1
3,1,0,12
3,2,0,-9
3,3,0,111
3,4,0,12
3,5,0,12
3,6,0,-16
3,7,0,-12
3,8,0,15
3,9,0,16
3,10,0,-10
3,11,0,-38
3,12,0,14
3,13,0,27
3,14,0,-7
3,15,0,17
3,16,0,-11
3,17,0,19
3,18,0,-15
3,19,0,-24
3,20,0,-14
3,22,0,-32
3,23,0,9
3,24,0,-10
3,25,0,-8
3,26,0,5
3,27,0,11
3,28,0,1
3,29,0,-9
3,30,0,2
3,31,0,20
3,32,0,-5
3,33,0,-4
3,34,0,3
3,35,0,-10
3,36,0,6
3,37,0,-20
3,38,0,1
3,39,0,16
3,40,0,-7
3,41,0,-12
3,42,0,-11
3,43,0,-13
3,44,0,-6
3,45,0,-3
3,46,0,5
3,47,0,11
3,48,0,7
3,49,0,-23
3,50,0,-26
3,51,0,12
3,52,0,-11
3,53,0,-8
3,54,0,-11
3,55,0,27
3,56,0,-25
3,57,0,-21
3,58,0,5
3,59,0,2
3,60,0,-31
3,61,0,26
3,62,0,-8
3,63,0,19
3,64,0,-1
3,65,0,-13
3,66,0,6
3,67,0,-5
3,68,0,-11
3,69,0,-3
3,70,0,4
3,71,0,-5
3,72,0,1
3,73,0,-16
3,106,0,1
4,1,0,-5
4,2,0,15
4,3,0,12
4,4,0,116
4,5,0,-10
4,6,0,20
4,7,0,-8
4,8,0,7
4,9,0,13
4,10,0,10
4,11,0,-1
4,12,0,-12
4,13,0,-11
4,14,0,3
4,15,0,-1
4,16,0,-6
4,17,0,8
4,18,0,-11
4,19,0,3
4,20,0,10
4,21,0,-36
4,22,0,-6
4,23,0,-11
4,24,0,-17
4,25,0,-14
4,26,0,-22
4,27,0,15
4,28,0,2
4,29,0,-28
4,30,0,-6
4,31,0,3
4,32,0,7
4,33,0,18
4,34,0,22
4,35,0,-13
4,37,0,10
4,38,0,5
4,39,0,10
4,40,0,-20
4,41,0,2
4,42,0,-14
4,43,0,-13
4,44,0,16
4,45,0,10
4,46,0,-2
4,47,0,17
4,48,0,11
4,49,0,-5
4,50,0,-8
4,51,0,7
4,52,0,5
4,53,0,-5
4,54,0,-10
4,55,0,9
4,56,0,-6
4,57,0,-4
4,58,0,-1
4,59,0,4
4,61,0,14
4,62,0,-9
4,64,0,-1
4,65,0,-4
4,66,0,3
4,67,0,-21
4,68,0,-3
4,69,0,-3
4,70,0,-4
4,71,0,25
4,72,0,-3
4,73,0,-40
4,107,0,1
5,1,0,-7
5,2,0,-5
5,3,0,12
5,4,0,-10
5,5,0,99
5,6,0,9
5,7,0,3
5,8,0,-7
5,9,0,14
5,10,0,-16
5,11,0,-24
5,12,0,5
5,13,0,-10
5,14,0,-6
5,15,0,2
5,16,0,1
5,17,0,9
5,18,0,-10
5,19,0,4
5,20,0,14
5,21,0,8
5,22,0,-14
5,23,0,13
5,24,0,-2
5,25,0,9
5,26,0,2
5,27,0,22
5,28,0,7
5,29,0,15
5,30,0,17
5,32,0,-2
5,33,0,2
5,34,0,13
5,35,0,-17
5,36,0,19
5,37,0,-4
5,38,0,10
5,39,0,-11
5,40,0,-5
5,41,0,21
5,42,0,34
5,43,0,-16
5,44,0,-16
5,46,0,11
5,47,0,8
5,48,0,7
5,49,0,-6
5,50,0,-9
5,51,0,-6
5,52,0,-8
5,53,0,-6
5,54,0,5
5,55,0,18
5,56,0,-18
5,57,0,18
5,58,0,-11
5,59,0,16
5,60,0,10
5,61,0,5
5,62,0,5
5,63,0,11
5,64,0,1
5,65,0,19
5,66,0,-8
5,67,0,-31
5,68,0,1
5,69,0,-8
5,70,0,-11
5,71,0,5
5,72,0,-8
5,73,0,19
5,108,0,1
6,1,0,1
6,2,0,11
6,3,0,-16
6,4,0,20
6,5,0,9
6,6,0,126
6,7,0,19
6,8,0,-11
6,9,0,-7
6,10,0,2
6,11,0,8
6,12,0,-9
6,13,0,-2
6,14,0,4
6,15,0,-13
6,16,0,-31
6,17,0,7
6,18,0,2
6,19,0,19
6,20,0,-4
6,21,0,-23
6,22,0,14
6,23,0,-3
6,24,0,-2
6,25,0,12
6,26,0,12
6,27,0,24
6,28,0,2
6,29,0,24
6,30,0,-11
6,31,0,-4
6,32,0,24
6,33,0,8
6,34,0,13
6,35,0,-9
6,36,0,-16
6,37,0,6
6,38,0,-8
6,39,0,-10
6,40,0,-5
6,41,0,3
6,42,0,4
6,43,0,-21
6,44,0,12
6,45,0,4
6,46,0,3
6,48,0,16
6,49,0,9
6,50,0,-11
6,51,0,-2
6,52,0,17
6,53,0,3
6,54,0,7
6,55,0,1
6,56,0,18
6,57,0,13
6,58,0,-13
6,59,0,10
6,60,0,17
6,61,0,9
6,62,0,3
6,63,0,-35
6,64,0,-13
6,65,0,-1
6,66,0,-9
6,67,0,-8
6,69,0,8
6,70,0,-4
6,71,0,5
6,72,0,13
6,73,0,15
6,109,0,1
7,1,0,-8
7,2,0,-21
7,3,0,-12
7,4,0,-8
7,5,0,3
7,6,0,19
7,7,0,99
7,8,0,-3
7,9,0,7
7,10,0,-18
7,11,0,7
7,12,0,-19
7,13,0,14
7,14,0,-14
7,15,0,10
7,16,0,7
7,17,0,10
7,18,0,-1
7,19,0,-2
7,20,0,6
7,21,0,-26
7,22,0,3
7,23,0,10
7,24,0,-12
7,25,0,1
7,26,0,5
7,27,0,-9
7,28,0,23
7,29,0,6
7,30,0,13
7,31,0,-16
7,32,0,18
7,33,0,-4
7,34,0,-7
7,35,0,2
7,36,0,-7
7,37,0,8
7,38,0,1
7,39,0,-2
7,40,0,1
7,41,0,3
7,42,0,1
7,43,0,-20
7,44,0,-12
7,45,0,-10
7,46,0,14
7,47,0,17
7,48,0,18
7,49,0,15
7,51,0,-11
7,52,0,4
7,53,0,29
7,54,0,9
7,55,0,-11
7,56,0,26
7,57,0,31
7,58,0,11
7,59,0,-6
7,60,0,-7
7,61,0,-17
7,62,0,27
7,63,0,-14
7,64,0,13
7,65,0,-11
7,66,0,2
7,67,0,9
7,68,0,10
7,69,0,27
7,70,0,11
7,71,0,-20
7,72,0,-9
7,73,0,5
7,110,0,1
8,1,0,19
8,2,0,7
8,3,0,15
8,4,0,7
8,5,0,-7
8,6,0,-11
8,7,0,-3
8,8,0,104
8,9,0,2
8,10,0,-20
8,11,0,4
8,12,0,-1
8,13,0,6
8,14,0,-18
8,15,0,-5
8,16,0,9
8,17,0,-1
8,18,0,-8
8,19,0,7
8,20,0,13
8,21,0,6
8,22,0,-1
8,23,0,-2
8,24,0,14
8,25,0,8
8,26,0,4
8,27,0,13
8,28,0,-9
8,29,0,11
8,30,0,4
8,31,0,9
8,32,0,-17
8,33,0,-15
8,34,0,8
8,35,0,3
8,36,0,-2
8,37,0,-26
8,38,0,19
8,39,0,1
8,40,0,6
8,41,0,-6
8,42,0,-6
8,43,0,-9
8,45,0,14
8,46,0,3
8,47,0,-2
8,48,0,1
8,49,0,21
8,50,0,-1
8,51,0,-1
8,52,0,-5
8,53,0,11
8,54,0,-10
8,55,0,4
8,56,0,-7
8,57,0,-14
8,58,0,14
8,59,0,5
8,60,0,-4
8,61,0,-2
8,62,0,11
8,63,0,18
8,64,0,-18
8,65,0,-2
8,66,0,-6
8,67,0,16
8,68,0,-13
8,69,0,25
8,70,0,3
8,71,0,14
8,72,0,4
8,73,0,-11
8,111,0,1
9,1,0,5
9,2,0,18
9,3,0,16
9,4,0,13
9,5,0,14
9,6,0,-7
9,7,0,7
9,8,0,2
9,9,0,111
9,10,0,-12
9,11,0,-9
9,12,0,3
9,14,0,-5
9,16,0,27
9,17,0,14
9,18,0,10
9,19,0,2
9,20,0,4
9,21,0,-14
9,22,0,-13
9,23,0,-3
9,24,0,-4
9,25,0,-10
9,26,0,-11
9,27,0,-4
9,28,0,-8
9,29,0,-21
9,30,0,4
9,31,0,-5
9,32,0,-5
9,33,0,-9
9,34,0,-16
9,35,0,3
9,36,0,6
9,37,0,5
9,38,0,18
9,39,0,-13
9,40,0,-8
9,41,0,1
9,42,0,-2
9,43,0,-16
9,44,0,-9
9,45,0,11
9,46,0,5
9,47,0,10
9,48,0,16
9,49,0,-5
9,50,0,-23
9,51,0,22
9,52,0,-13
9,53,0,-23
9,54,0,-21
9,55,0,3
9,56,0,-36
9,57,0,-3
9,58,0,9
9,59,0,-4
9,60,0,16
9,61,0,11
9,62,0,6
9,63,0,3
9,65,0,-7
9,66,0,5
9,67,0,-5
9,68,0,-6
9,70,0,10
9,71,0,-5
9,72,0,-9
9,73,0,23
9,112,0,1
10,1,0,1
10,2,0,7
10,3,0,-10
10,4,0,10
10,5,0,-16
10,6,0,2
10,7,0,-18
10,8,0,-20
10,9,0,-12
10,10,0,134
10,11,0,11
10,12,0,-19
10,13,0,8
10,14,0,5
10,15,0,10
10,17,0,-7
10,18,0,2
10,19,0,3
10,20,0,-8
10,21,0,-1
10,22,0,-12
10,23,0,-11
10,24,0,-17
10,25,0,-20
10,26,0,-17
10,27,0,19
10,28,0,6
10,29,0,-11
10,30,0,5
10,31,0,14
10,32,0,4
10,33,0,28
10,34,0,17
10,35,0,-16
10,36,0,-8
10,37,0,-13
10,38,0,-11
10,39,0,-6
10,40,0,27
10,41,0,11
10,42,0,7
10,43,0,1
10,44,0,-8
10,45,0,23
10,46,0,5
10,47,0,6
10,50,0,6
10,51,0,-1
10,52,0,-22
10,53,0,6
10,54,0,-4
10,55,0,9
10,56,0,9
10,57,0,-7
10,58,0,-27
10,59,0,-14
10,60,0,-5
10,61,0,12
10,62,0,5
10,63,0,-3
10,64,0,-13
10,65,0,5
10,66,0,-13
10,67,0,2
10,68,0,9
10,69,0,-9
10,70,0,-28
10,71,0,22
10,72,0,1
10,73,0,-1
10,113,0,1
11,1,0,15
11,2,0,12
11,3,0,-38
11,4,0,-1
11,5,0,-24
11,6,0,8
11,7,0,7
11,8,0,4
11,9,0,-9
11,10,0,11
11,11,0,120
11,12,0,-33
11,13,0,26
11,14,0,-3
11,15,0,-13
11,16,0,16
11,17,0,-6
11,18,0,33
11,19,0,28
11,20,0,-25
11,21,0,14
11,22,0,1
11,23,0,-2
11,24,0,18
11,25,0,3
11,26,0,16
11,27,0,-7
11,28,0,-20
11,29,0,7
11,31,0,6
11,32,0,-2
11,33,0,14
11,34,0,16
11,35,0,11
11,36,0,-30
11,37,0,10
11,38,0,-5
11,39,0,-29
11,40,0,6
11,41,0,-21
11,42,0,-16
11,43,0,5
11,44,0,-8
11,45,0,-4
11,46,0,13
11,47,0,-19
11,48,0,18
11,49,0,28
11,50,0,29
11,51,0,-14
11,52,0,30
11,53,0,10
11,54,0,8
11,55,0,-19
11,56,0,-8
11,57,0,-10
11,58,0,-8
11,59,0,-14
11,60,0,21
11,61,0,-3
11,62,0,-16
11,63,0,-6
11,64,0,3
11,65,0,17
11,66,0,-4
11,67,0,-2
11,68,0,4
11,69,0,4
11,70,0,-29
11,71,0,10
11,72,0,7
11,73,0,-4
11,114,0,1
12,1,0,-5
12,2,0,-10
12,3,0,14
12,4,0,-12
12,5,0,5
12,6,0,-9
12,7,0,-19
12,8,0,-1
12,9,0,3
12,10,0,-19
12,11,0,-33
12,12,0,104
12,13,0,-2
12,14,0,9
12,15,0,2
12,16,0,-6
12,17,0,-1
12,18,0,14
12,19,0,2
12,20,0,-8
12,21,0,8
12,22,0,-19
12,23,0,15
12,24,0,-7
12,25,0,14
12,26,0,-17
12,27,0,4
12,28,0,10
12,29,0,11
12,30,0,-17
12,31,0,-11
12,32,0,4
12,33,0,-4
12,34,0,-9
12,35,0,-17
12,36,0,5
12,37,0,-11
12,38,0,15
12,39,0,3
12,40,0,-8
12,41,0,4
12,42,0,-6
12,43,0,1
12,44,0,33
12,45,0,-6
12,46,0,1
12,47,0,-8
12,48,0,-14
12,49,0,-8
12,50,0,9
12,52,0,9
12,53,0,-18
12,54,0,-2
12,55,0,12
12,56,0,-15
12,57,0,31
12,58,0,14
12,59,0,14
12,60,0,4
12,61,0,-10
12,62,0,-7
12,63,0,10
12,64,0,-21
12,65,0,-2
12,66,0,7
12,67,0,10
12,68,0,7
12,69,0,-11
12,70,0,16
12,71,0,14
12,72,0,11
12,73,0,-6
12,115,0,1
13,1,0,10
13,2,0,11
13,3,0,27
13,4,0,-11
13,5,0,-10
13,6,0,-2
13,7,0,14
13,8,0,6
13,10,0,8
13,11,0,26
13,12,0,-2
13,13,0,119
13,14,0,5
13,15,0,-1
13,16,0,7
13,17,0,14
13,18,0,3
13,19,0,-12
13,21,0,-4
13,22,0,-22
13,23,0,11
13,24,0,-6
13,25,0,10
13,26,0,20
13,27,0,-11
13,29,0,-13
13,30,0,-6
13,31,0,7
13,32,0,-11
13,33,0,-6
13,34,0,6
13,35,0,1
13,36,0,2
13,37,0,2
13,38,0,4
13,39,0,-1
13,40,0,19
13,41,0,-11
13,42,0,-11
13,43,0,18
13,44,0,-10
13,45,0,-10
13,46,0,3
13,47,0,-11
13,48,0,-1
13,49,0,-9
13,50,0,2
13,51,0,-27
13,52,0,-12
13,53,0,-17
13,54,0,3
13,55,0,-19
13,56,0,-26
13,57,0,-4
13,58,0,15
13,59,0,-43
13,60,0,-30
13,61,0,-1
13,62,0,6
13,63,0,-16
13,64,0,5
13,65,0,6
13,66,0,2
13,67,0,3
13,68,0,6
13,69,0,-2
13,70,0,-5
13,72,0,-12
13,73,0,3
13,116,0,1
14,1,0,-5
14,2,0,-28
14,3,0,-7
14,4,0,3
14,5,0,-6
14,6,0,4
14,7,0,-14
14,8,0,-18
14,9,0,-5
14,10,0,5
14,11,0,-3
14,12,0,9
14,13,0,5
14,14,0,135
14,15,0,11
14,16,0,-10
14,17,0,-4
14,18,0,28
14,19,0,1
14,20,0,-4
14,21,0,7
14,22,0,3
14,23,0,-26
14,24,0,6
14,26,0,4
14,27,0,9
14,28,0,26
14,29,0,11
14,30,0,-14
14,31,0,-11
14,32,0,-7
14,33,0,-16
14,34,0,-12
14,35,0,-13
14,36,0,-12
14,37,0,-8
14,38,0,7
14,39,0,-3
14,40,0,10
14,41,0,3
14,42,0,2
14,43,0,12
14,44,0,9
14,45,0,-18
14,47,0,-7
14,48,0,-18
14,49,0,3
14,50,0,10
14,51,0,33
14,52,0,14
14,53,0,-18
14,54,0,5
14,55,0,-10
14,56,0,-2
14,57,0,20
14,58,0,-2
14,59,0,-2
14,60,0,-6
14,61,0,2
14,62,0,-30
14,63,0,-6
14,64,0,-3
14,65,0,-3
14,66,0,-9
14,67,0,-7
14,68,0,16
14,69,0,-21
14,70,0,-4
14,71,0,11
14,72,0,2
14,73,0,6
14,117,0,1
15,1,0,-7
15,2,0,-46
15,3,0,17
15,4,0,-1
15,5,0,2
15,6,0,-13
15,7,0,10
15,8,0,-5
15,10,0,10
15,11,0,-13
15,12,0,2
15,13,0,-1
15,14,0,11
15,15,0,120
15,16,0,6
15,17,0,-22
15,18,0,5
15,19,0,-2
15,20,0,-16
15,21,0,-9
15,22,0,-22
15,23,0,-3
15,24,0,-14
15,25,0,-24
15,26,0,-5
15,27,0,-2
15,28,0,-1
15,29,0,9
15,30,0,-6
15,31,0,6
15,32,0,-9
15,33,0,20
15,34,0,12
15,35,0,20
15,36,0,5
15,37,0,-12
15,38,0,1
15,39,0,-3
15,40,0,8
15,42,0,8
15,43,0,-19
15,44,0,18
15,45,0,-14
15,46,0,25
15,47,0,-3
15,48,0,-11
15,49,0,-13
15,50,0,-5
15,51,0,8
15,52,0,8
15,53,0,24
15,54,0,-12
15,55,0,19
15,56,0,15
15,57,0,24
15,58,0,27
15,59,0,8
15,60,0,-3
15,61,0,-3
15,62,0,-2
15,63,0,-26
15,64,0,20
15,65,0,-20
15,66,0,12
15,67,0,5
15,68,0,7
15,69,0,-3
15,70,0,-6
15,71,0,-6
15,72,0,13
15,73,0,-3
15,118,0,1
16,1,0,13
16,2,0,-5
16,3,0,-11
16,4,0,-6
16,5,0,1
16,6,0,-31
16,7,0,7
16,8,0,9
16,9,0,27
16,11,0,16
16,12,0,-6
16,13,0,7
16,14,0,-10
16,15,0,6
16,16,0,113
16,17,0,-10
16,18,0,19
16,19,0,4
16,20,0,2
16,21,0,-13
16,23,0,-7
16,24,0,-7
16,25,0,-13
16,26,0,-7
16,27,0,-14
16,28,0,2
16,29,0,-4
16,30,0,11
16,31,0,-4
16,32,0,-4
16,33,0,-9
16,34,0,-14
16,35,0,15
16,36,0,4
16,37,0,-6
16,38,0,13
16,39,0,-8
16,40,0,-10
16,41,0,-3
16,42,0,-3
16,43,0,-5
16,44,0,-10
16,45,0,23
16,46,0,10
16,47,0,-1
16,48,0,14
16,49,0,-1
16,50,0,1
16,51,0,-7
16,52,0,2
16,53,0,28
16,54,0,-6
16,55,0,-14
16,56,0,-21
16,57,0,-10
16,58,0,-1
16,59,0,6
16,60,0,24
16,61,0,-6
16,62,0,28
16,64,0,17
16,65,0,-2
16,66,0,-9
16,67,0,27
16,68,0,4
16,69,0,-2
16,70,0,4
16,71,0,-6
16,72,0,20
16,73,0,-3
16,119,0,1
17,1,0,-8
17,2,0,11
17,3,0,19
17,4,0,8
17,5,0,9
17,6,0,7
17,7,0,10
17,8,0,-1
17,9,0,14
17,10,0,-7
17,11,0,-6
17,12,0,-1
17,13,0,14
17,14,0,-4
17,15,0,-22
17,16,0,-10
17,17,0,92
17,18,0,-11
17,19,0,-15
17,20,0,14
17,21,0,-8
17,22,0,4
17,23,0,26
17,24,0,-23
17,25,0,-1
17,26,0,-8
17,27,0,-16
17,28,0,12
17,29,0,-1
17,30,0,-9
17,31,0,20
17,32,0,15
17,33,0,-17
17,34,0,1
17,35,0,1
17,36,0,3
17,37,0,-1
17,38,0,-4
17,39,0,3
17,40,0,2
17,41,0,3
17,43,0,-25
17,44,0,2
17,45,0,-10
17,46,0,-10
17,47,0,-6
17,48,0,15
17,49,0,-5
17,50,0,-26
17,51,0,-12
17,52,0,-18
17,54,0,11
17,55,0,1
17,56,0,-16
17,57,0,-18
17,58,0,6
17,59,0,-19
17,60,0,-12
17,61,0,19
17,62,0,10
17,63,0,4
17,64,0,-12
17,65,0,-12
17,66,0,-9
17,67,0,-6
17,68,0,1
17,69,0,7
17,70,0,11
17,71,0,13
17,72,0,2
17,73,0,-12
17,120,0,1
18,1,0,9
18,2,0,1
18,3,0,-15
18,4,0,-11
18,5,0,-10
18,6,0,2
18,7,0,-1
18,8,0,-8
18,9,0,10
18,10,0,2
18,11,0,33
18,12,0,14
18,13,0,3
18,14,0,28
18,15,0,5
18,16,0,19
18,17,0,-11
18,18,0,128
18,19,0,25
18,20,0,-27
18,21,0,1
18,22,0,1
18,23,0,19
18,24,0,1
18,25,0,-21
18,26,0,-14
18,27,0,1
18,28,0,31
18,30,0,-25
18,31,0,-4
18,32,0,7
18,33,0,-8
18,34,0,9
18,35,0,-3
18,36,0,-11
18,37,0,3
18,38,0,10
18,39,0,-14
18,40,0,28
18,41,0,-25
18,42,0,-10
18,43,0,1
18,44,0,26
18,45,0,-29
18,46,0,-10
18,47,0,-4
18,48,0,11
18,49,0,13
18,50,0,20
18,52,0,8
18,53,0,15
18,54,0,-10
18,55,0,1
18,56,0,14
18,57,0,1
18,58,0,-1
18,59,0,-1
18,60,0,35
18,61,0,-8
18,62,0,-26
18,63,0,-14
18,64,0,7
18,65,0,-4
18,66,0,14
18,67,0,7
18,68,0,-6
18,69,0,5
18,70,0,-30
18,71,0,3
18,72,0,13
18,121,0,1
19,1,0,7
19,2,0,-4
19,3,0,-24
19,4,0,3
19,5,0,4
19,6,0,19
19,7,0,-2
19,8,0,7
19,9,0,2
19,10,0,3
19,11,0,28
19,12,0,2
19,13,0,-12
19,14,0,1
19,15,0,-2
19,16,0,4
19,17,0,-15
19,18,0,25
19,19,0,113
19,20,0,-8
19,21,0,-13
19,22,0,2
19,23,0,15
19,24,0,12
19,25,0,7
19,27,0,-5
19,28,0,-1
19,29,0,-16
19,30,0,-15
19,31,0,3
19,32,0,-3
19,33,0,17
19,34,0,15
19,35,0,-3
19,36,0,5
19,37,0,-28
19,38,0,-6
19,39,0,-12
19,40,0,-11
19,41,0,-15
19,42,0,-13
19,43,0,4
19,44,0,34
19,45,0,24
19,46,0,14
19,47,0,23
19,48,0,18
19,50,0,14
19,51,0,2
19,52,0,20
19,53,0,18
19,54,0,-14
19,55,0,13
19,56,0,12
19,57,0,14
19,58,0,-21
19,59,0,-2
19,60,0,9
19,61,0,-18
19,62,0,-3
19,63,0,4
19,64,0,-17
19,65,0,-2
19,66,0,-1
19,67,0,1
19,68,0,-11
19,69,0,-20
19,70,0,-20
19,71,0,-13
19,72,0,-7
19,73,0,-15
19,122,0,1
20,1,0,-17
20,2,0,17
20,3,0,-14
20,4,0,10
20,5,0,14
20,6,0,-4
20,7,0,6
20,8,0,13
20,9,0,4
20,10,0,-8
20,11,0,-25
20,12,0,-8
20,14,0,-4
20,15,0,-16
20,16,0,2
20,17,0,14
20,18,0,-27
20,19,0,-8
20,20,0,109
20,21,0,6
20,22,0,1
20,23,0,7
20,24,0,1
20,26,0,-26
20,27,0,-9
20,28,0,16
20,29,0,15
20,30,0,-10
20,31,0,-6
20,32,0,-24
20,33,0,-3
20,34,0,11
20,35,0,2
20,36,0,18
20,37,0,26
20,38,0,-17
20,39,0,-7
20,40,0,3
20,41,0,29
20,42,0,16
20,43,0,3
20,44,0,2
20,45,0,4
20,47,0,-12
20,48,0,-8
20,49,0,6
20,50,0,-23
20,51,0,-12
20,53,0,-7
20,54,0,5
20,55,0,-10
20,56,0,-3
20,57,0,-13
20,58,0,29
20,59,0,26
20,60,0,-17
20,61,0,-16
20,62,0,24
20,63,0,13
20,64,0,-6
20,65,0,-6
20,66,0,4
20,67,0,1
20,68,0,-6
20,69,0,12
20,70,0,17
20,71,0,10
20,72,0,-2
20,73,0,-4
20,123,0,1
21,1,0,3
21,2,0,-2
21,4,0,-36
21,5,0,8
21,6,0,-23
21,7,0,-26
21,8,0,6
21,9,0,-14
21,10,0,-1
21,11,0,14
21,12,0,8
21,13,0,-4
21,14,0,7
21,15,0,-9
21,16,0,-13
21,17,0,-8
21,18,0,1
21,19,0,-13
21,20,0,6
21,21,0,101
21,22,0,-8
21,23,0,2
21,24,0,22
21,25,0,-20
21,26,0,-13
21,27,0,8
21,28,0,-4
21,29,0,13
21,30,0,2
21,31,0,-5
21,32,0,-26
21,33,0,6
21,34,0,-3
21,35,0,12
21,36,0,-7
21,37,0,-3
21,38,0,-7
21,40,0,7
21,41,0,-11
21,42,0,17
21,43,0,5
21,44,0,-8
21,45,0,8
21,46,0,-4
21,47,0,-6
21,48,0,-20
21,49,0,17
21,50,0,4
21,51,0,10
21,52,0,-2
21,53,0,-11
21,54,0,16
21,55,0,-9
21,56,0,-4
21,57,0,-9
21,58,0,-11
21,59,0,27
21,60,0,13
21,61,0,-16
21,62,0,-34
21,63,0,22
21,64,0,-15
21,65,0,20
21,66,0,4
21,67,0,-6
21,68,0,-9
21,69,0,8
21,70,0,-3
21,71,0,7
21,72,0,10
21,73,0,22
21,124,0,1
22,1,0,-12
22,2,0,14
22,3,0,-32
22,4,0,-6
22,5,0,-14
22,6,0,14
22,7,0,3
22,8,0,-1
22,9,0,-13
22,10,0,-12
22,11,0,1
22,12,0,-19
22,13,0,-22
22,14,0,3
22,15,0,-22
22,17,0,4
22,18,0,1
22,19,0,2
22,20,0,1
22,21,0,-8
22,22,0,119
22,23,0,20
22,24,0,21
22,25,0,-6
22,27,0,-4
22,28,0,5
22,29,0,-5
22,30,0,16
22,31,0,5
22,32,0,3
22,34,0,12
22,35,0,32
22,36,0,-2
22,37,0,16
22,38,0,-8
22,39,0,13
22,40,0,-14
22,41,0,-10
22,42,0,-14
22,43,0,3
22,44,0,-1
22,45,0,9
22,46,0,7
22,47,0,-16
22,48,0,13
22,49,0,26
22,50,0,-12
22,51,0,9
22,52,0,-17
22,53,0,-2
22,54,0,11
22,55,0,-3
22,56,0,28
22,57,0,8
22,58,0,-5
22,59,0,-20
22,60,0,31
22,61,0,-5
22,62,0,-12
22,63,0,-1
22,64,0,11
22,65,0,-2
22,66,0,-5
22,67,0,-11
22,68,0,15
22,69,0,7
22,70,0,8
22,71,0,8
22,72,0,-3
22,73,0,13
22,125,0,1
23,1,0,-4
23,2,0,14
23,3,0,9
23,4,0,-11
23,5,0,13
23,6,0,-3
23,7,0,10
23,8,0,-2
23,9,0,-3
23,10,0,-11
23,11,0,-2
23,12,0,15
23,13,0,11
23,14,0,-26
23,15,0,-3
23,16,0,-7
23,17,0,26
23,18,0,19
23,19,0,15
23,20,0,7
23,21,0,2
23,22,0,20
23,23,0,106
23,24,0,-7
23,25,0,-19
23,26,0,-9
23,27,0,2
23,28,0,17
23,29,0,6
23,30,0,-4
23,31,0,1
23,32,0,-7
23,33,0,-3
23,34,0,-4
23,36,0,15
23,37,0,-5
23,38,0,-3
23,39,0,2
23,40,0,-18
23,41,0,-13
23,42,0,-15
23,43,0,14
23,44,0,6
23,46,0,5
23,47,0,-20
23,48,0,30
23,49,0,13
23,51,0,-5
23,52,0,3
23,53,0,11
23,54,0,-9
23,55,0,9
23,56,0,12
23,58,0,-1
23,59,0,-5
23,60,0,12
23,61,0,-39
23,62,0,10
23,63,0,-7
23,64,0,-2
23,65,0,9
23,66,0,24
23,67,0,-3
23,68,0,22
23,69,0,-10
23,70,0,11
23,71,0,-12
23,72,0,-1
23,73,0,-4
24,1,0,15
24,2,0,5
24,3,0,-10
24,4,0,-17
24,5,0,-2
24,6,0,-2
24,7,0,-12
24,8,0,14
24,9,0,-4
24,10,0,-17
24,11,0,18
24,12,0,-7
24,13,0,-6
24,14,0,6
24,15,0,-14
24,16,0,-7
24,17,0,-23
24,18,0,1
24,19,0,12
24,20,0,1
24,21,0,22
24,22,0,21
24,23,0,-7
24,24,0,95
24,25,0,13
24,26,0,11
24,28,0,-11
24,29,0,-6
24,31,0,-18
24,32,0,-19
24,33,0,16
24,34,0,-13
24,35,0,5
24,36,0,10
24,37,0,-7
24,38,0,2
24,39,0,-10
24,40,0,-12
24,41,0,-27
24,42,0,11
24,43,0,27
24,44,0,3
24,45,0,2
24,46,0,16
24,47,0,-14
24,48,0,19
24,49,0,4
24,50,0,17
24,51,0,-4
24,52,0,12
24,53,0,-25
24,54,0,9
24,55,0,-26
24,56,0,8
24,57,0,9
24,58,0,-18
24,59,0,4
24,60,0,1
24,61,0,-1
24,62,0,-20
24,63,0,9
24,64,0,-10
24,65,0,5
24,67,0,2
24,68,0,6
24,69,0,17
24,70,0,-19
24,71,0,3
24,72,0,-7
24,73,0,-4
25,1,0,11
25,2,0,-14
25,3,0,-8
25,4,0,-14
25,5,0,9
25,6,0,12
25,7,0,1
25,8,0,8
25,9,0,-10
25,10,0,-20
25,11,0,3
25,12,0,14
25,13,0,10
25,15,0,-24
25,16,0,-13
25,17,0,-1
25,18,0,-21
25,19,0,7
25,21,0,-20
25,22,0,-6
25,23,0,-19
25,24,0,13
25,25,0,116
25,26,0,49
25,27,0,-2
25,28,0,-7
25,29,0,15
25,30,0,-14
25,31,0,-2
25,32,0,-5
25,33,0,-1
25,34,0,-16
25,35,0,2
25,36,0,26
25,37,0,9
25,38,0,8
25,39,0,-6
25,40,0,3
25,41,0,-3
25,42,0,1
25,43,0,-1
25,44,0,-4
25,45,0,-4
25,46,0,-4
25,47,0,10
25,48,0,17
25,49,0,3
25,50,0,13
25,51,0,-16
25,52,0,7
25,53,0,-15
25,54,0,-20
25,55,0,8
25,56,0,-16
25,57,0,-5
25,58,0,-1
25,59,0,-7
25,60,0,-13
25,61,0,26
25,62,0,13
25,63,0,7
25,64,0,14
25,65,0,8
25,66,0,-12
25,67,0,2
25,68,0,21
25,69,0,-13
25,70,0,6
25,71,0,-3
25,72,0,-4
25,73,0,-8
26,1,0,13
26,2,0,-2
26,3,0,5
26,4,0,-22
26,5,0,2
26,6,0,12
26,7,0,5
26,8,0,4
26,9,0,-11
26,10,0,-17
26,11,0,16
26,12,0,-17
26,13,0,20
26,14,0,4
26,15,0,-5
26,16,0,-7
26,17,0,-8
26,18,0,-14
26,20,0,-26
26,21,0,-13
26,23,0,-9
26,24,0,11
26,25,0,49
26,26,0,108
26,27,0,12
26,28,0,-20
26,29,0,6
26,30,0,23
26,31,0,-3
26,32,0,7
26,33,0,-15
26,34,0,-27
26,35,0,-1
26,36,0,6
26,38,0,2
26,39,0,-10
26,40,0,-6
26,41,0,-9
26,42,0,-9
26,43,0,-23
26,44,0,1
26,45,0,-6
26,47,0,14
26,48,0,15
26,50,0,9
26,52,0,6
26,53,0,-16
26,54,0,3
26,55,0,4
26,56,0,9
26,57,0,7
26,58,0,-23
26,59,0,-14
26,60,0,-11
26,61,0,27
26,62,0,16
26,64,0,16
26,65,0,13
26,66,0,6
26,67,0,-4
26,68,0,14
26,69,0,-6
26,70,0,-10
26,71,0,-26
26,72,0,-17
26,73,0,10
27,1,0,5
27,2,0,-7
27,3,0,11
27,4,0,15
27,5,0,22
27,6,0,24
27,7,0,-9
27,8,0,13
27,9,0,-4
27,10,0,19
27,11,0,-7
27,12,0,4
27,13,0,-11
27,14,0,9
27,15,0,-2
27,16,0,-14
27,17,0,-16
27,18,0,1
27,19,0,-5
27,20,0,-9
27,21,0,8
27,22,0,-4
27,23,0,2
27,25,0,-2
27,26,0,12
27,27,0,93
27,28,0,9
27,29,0,25
27,30,0,-3
27,31,0,-5
27,32,0,-9
27,33,0,5
27,34,0,-1
27,35,0,-18
27,36,0,-18
27,37,0,-9
27,38,0,-18
27,39,0,-4
27,40,0,-4
27,41,0,12
27,42,0,11
27,43,0,-1
27,44,0,5
27,45,0,17
27,47,0,6
27,48,0,2
27,49,0,-3
27,50,0,7
27,51,0,9
27,52,0,-10
27,53,0,-6
27,54,0,-10
27,55,0,25
27,56,0,14
27,57,0,-4
27,58,0,-11
27,59,0,20
27,60,0,14
27,61,0,6
27,62,0,6
27,63,0,11
27,64,0,10
27,65,0,3
27,66,0,-4
27,67,0,-7
27,68,0,-3
27,69,0,10
27,70,0,-4
27,71,0,7
27,72,0,-19
27,73,0,10
28,1,0,-18
28,2,0,4
28,3,0,1
28,4,0,2
28,5,0,7
28,6,0,2
28,7,0,23
28,8,0,-9
28,9,0,-8
28,10,0,6
28,11,0,-20
28,12,0,10
28,14,0,26
28,15,0,-1
28,16,0,2
28,17,0,12
28,18,0,31
28,19,0,-1
28,20,0,16
28,21,0,-4
28,22,0,5
28,23,0,17
28,24,0,-11
28,25,0,-7
28,26,0,-20
28,27,0,9
28,28,0,102
28,29,0,-8
28,30,0,-21
28,31,0,13
28,32,0,1
28,33,0,6
28,34,0,4
28,35,0,-5
28,36,0,12
28,37,0,1
28,38,0,-13
28,39,0,5
28,40,0,-5
28,41,0,8
28,42,0,-1
28,43,0,4
28,44,0,26
28,45,0,-7
28,46,0,-12
28,47,0,12
28,48,0,8
28,49,0,17
28,50,0,-1
28,51,0,1
28,52,0,-10
28,53,0,10
28,54,0,-5
28,55,0,12
28,56,0,19
28,57,0,20
28,58,0,6
28,59,0,6
28,60,0,21
28,61,0,-9
28,62,0,23
28,63,0,-15
28,64,0,5
28,65,0,-10
28,66,0,6
28,67,0,-3
28,68,0,7
28,69,0,11
28,70,0,-3
28,71,0,1
28,72,0,-9
28,73,0,-14
29,1,0,6
29,2,0,-14
29,3,0,-9
29,4,0,-28
29,5,0,15
29,6,0,24
29,7,0,6
29,8,0,11
29,9,0,-21
29,10,0,-11
29,11,0,7
29,12,0,11
29,13,0,-13
29,14,0,11
29,15,0,9
29,16,0,-4
29,17,0,-1
29,19,0,-16
29,20,0,15
29,21,0,13
29,22,0,-5
29,23,0,6
29,24,0,-6
29,25,0,15
29,26,0,6
29,27,0,25
29,28,0,-8
29,29,0,110
29,30,0,3
29,31,0,-9
29,32,0,-2
29,33,0,-2
29,34,0,-16
29,35,0,4
29,36,0,-25
29,37,0,11
29,38,0,-4
29,40,0,9
29,41,0,13
29,42,0,29
29,43,0,-13
29,44,0,-7
29,45,0,-22
29,46,0,10
29,47,0,-20
29,48,0,17
29,49,0,14
29,50,0,15
29,51,0,14
29,52,0,29
29,53,0,20
29,54,0,3
29,55,0,-3
29,56,0,5
29,57,0,1
29,58,0,18
29,59,0,14
29,60,0,15
29,61,0,-13
29,62,0,5
29,63,0,-1
29,64,0,4
29,65,0,-11
29,66,0,-24
29,67,0,7
29,68,0,9
29,69,0,4
29,70,0,29
29,71,0,18
29,72,0,7
29,73,0,17
30,1,0,-21
30,2,0,-14
30,3,0,2
30,4,0,-6
30,5,0,17
30,6,0,-11
30,7,0,13
30,8,0,4
30,9,0,4
30,10,0,5
30,12,0,-17
30,13,0,-6
30,14,0,-14
30,15,0,-6
30,16,0,11
30,17,0,-9
30,18,0,-25
30,19,0,-15
30,20,0,-10
30,21,0,2
30,22,0,16
30,23,0,-4
30,25,0,-14
30,26,0,23
30,27,0,-3
30,28,0,-21
30,29,0,3
30,30,0,112
30,31,0,-15
30,32,0,-14
30,33,0,-6
30,34,0,3
30,35,0,4
30,36,0,-15
30,37,0,-7
30,38,0,8
30,39,0,13
30,40,0,-13
30,41,0,3
30,42,0,32
30,43,0,-10
30,44,0,-32
30,45,0,1
30,46,0,-5
30,47,0,8
30,48,0,-4
30,49,0,7
30,50,0,-2
30,51,0,3
30,52,0,5
30,53,0,-16
30,54,0,26
30,55,0,-24
30,56,0,-2
30,57,0,17
30,58,0,-19
30,59,0,3
30,60,0,2
30,61,0,12
30,62,0,3
30,63,0,-7
30,64,0,16
30,65,0,30
30,66,0,9
30,67,0,-3
30,68,0,-14
30,69,0,8
30,71,0,-4
30,72,0,-26
30,73,0,8
31,1,0,15
31,2,0,10
31,3,0,20
31,4,0,3
31,6,0,-4
31,7,0,-16
31,8,0,9
31,9,0,-5
31,10,0,14
31,11,0,6
31,12,0,-11
31,13,0,7
31,14,0,-11
31,15,0,6
31,16,0,-4
31,17,0,20
31,18,0,-4
31,19,0,3
31,20,0,-6
31,21,0,-5
31,22,0,5
31,23,0,1
31,24,0,-18
31,25,0,-2
31,26,0,-3
31,27,0,-5
31,28,0,13
31,29,0,-9
31,30,0,-15
31,31,0,102
31,32,0,4
31,33,0,12
31,34,0,-4
31,35,0,18
31,36,0,-1
31,37,0,-16
31,38,0,-31
31,39,0,1
31,40,0,16
31,41,0,-20
31,42,0,-15
31,43,0,-12
31,44,0,2
31,45,0,7
31,46,0,4
31,47,0,-14
31,48,0,1
31,49,0,-3
31,50,0,-13
31,51,0,10
31,52,0,-32
31,53,0,12
31,54,0,-20
31,55,0,34
31,56,0,-6
31,57,0,-26
31,58,0,2
31,59,0,4
31,60,0,5
31,61,0,8
31,62,0,-1
31,63,0,1
31,64,0,-7
31,65,0,6
31,66,0,-15
31,67,0,-9
31,68,0,-20
31,69,0,-20
31,70,0,-12
31,71,0,12
31,72,0,4
31,73,0,-5
32,1,0,-1
32,2,0,7
32,3,0,-5
32,4,0,7
32,5,0,-2
32,6,0,24
32,7,0,18
32,8,0,-17
32,9,0,-5
32,10,0,4
32,11,0,-2
32,12,0,4
32,13,0,-11
32,14,0,-7
32,15,0,-9
32,16,0,-4
32,17,0,15
32,18,0,7
32,19,0,-3
32,20,0,-24
32,21,0,-26
32,22,0,3
32,23,0,-7
32,24,0,-19
32,25,0,-5
32,26,0,7
32,27,0,-9
32,28,0,1
32,29,0,-2
32,30,0,-14
32,31,0,4
32,32,0,103
32,33,0,8
32,34,0,-6
32,35,0,-25
32,36,0,-14
32,38,0,3
32,39,0,15
32,40,0,-1
32,41,0,-1
32,42,0,-18
32,43,0,-25
32,44,0,7
32,45,0,12
32,46,0,-17
32,47,0,26
32,48,0,1
32,49,0,-10
32,50,0,-4
32,51,0,4
32,52,0,-17
32,53,0,10
32,54,0,18
32,55,0,20
32,56,0,9
32,57,0,1
32,58,0,-8
32,59,0,-15
32,60,0,3
32,61,0,-9
32,62,0,-3
32,63,0,-9
32,64,0,-4
32,65,0,-11
32,66,0,-2
32,67,0,4
32,68,0,4
32,69,0,14
32,70,0,10
32,71,0,7
32,72,0,11
32,73,0,8
33,1,0,-3
33,2,0,17
33,3,0,-4
33,4,0,18
33,5,0,2
33,6,0,8
33,7,0,-4
33,8,0,-15
33,9,0,-9
33,10,0,28
33,11,0,14
33,12,0,-4
33,13,0,-6
33,14,0,-16
33,15,0,20
33,16,0,-9
33,17,0,-17
33,18,0,-8
33,19,0,17
33,20,0,-3
33,21,0,6
33,23,0,-3
33,24,0,16
33,25,0,-1
33,26,0,-15
33,27,0,5
33,28,0,6
33,29,0,-2
33,30,0,-6
33,31,0,12
33,32,0,8
33,33,0,111
33,34,0,10
33,35,0,9
33,36,0,4
33,37,0,-12
33,38,0,-3
33,39,0,20
33,40,0,-4
33,41,0,-6
33,42,0,14
33,43,0,-10
33,44,0,2
33,45,0,-1
33,46,0,5
33,47,0,6
33,48,0,18
33,49,0,-7
33,51,0,-3
33,52,0,7
33,53,0,-8
33,54,0,-9
33,55,0,8
33,56,0,4
33,57,0,4
33,58,0,-12
33,59,0,-1
33,60,0,-13
33,61,0,-12
33,62,0,-2
33,63,0,15
33,64,0,-7
33,66,0,-13
33,67,0,-4
33,68,0,6
33,69,0,-5
33,70,0,-12
33,71,0,26
33,73,0,-3
34,1,0,-21
34,2,0,-11
34,3,0,3
34,4,0,22
34,5,0,13
34,6,0,13
34,7,0,-7
34,8,0,8
34,9,0,-16
34,10,0,17
34,11,0,16
34,12,0,-9
34,13,0,6
34,14,0,-12
34,15,0,12
34,16,0,-14
34,17,0,1
34,18,0,9
34,19,0,15
34,20,0,11
34,21,0,-3
34,22,0,12
34,23,0,-4
34,24,0,-13
34,25,0,-16
34,26,0,-27
34,27,0,-1
34,28,0,4
34,29,0,-16
34,30,0,3
34,31,0,-4
34,32,0,-6
34,33,0,10
34,34,0,112
34,35,0,4
34,36,0,6
34,37,0,-1
34,38,0,-7
34,40,0,-10
34,41,0,16
34,42,0,9
34,43,0,2
34,44,0,2
34,45,0,4
34,46,0,-9
34,47,0,-5
34,48,0,-5
34,49,0,1
34,50,0,4
34,51,0,-18
34,52,0,10
34,53,0,9
34,54,0,16
34,55,0,7
34,56,0,-1
34,57,0,12
34,58,0,17
34,59,0,-5
34,60,0,-9
34,61,0,32
34,62,0,-14
34,63,0,-4
34,64,0,10
34,65,0,-1
34,66,0,-2
34,67,0,-7
34,68,0,12
34,69,0,4
34,70,0,-10
34,71,0,13
34,72,0,14
34,73,0,-10
35,1,0,7
35,2,0,-3
35,3,0,-10
35,4,0,-13
35,5,0,-17
35,6,0,-9
35,7,0,2
35,8,0,3
35,9,0,3
35,10,0,-16
35,11,0,11
35,12,0,-17
35,13,0,1
35,14,0,-13
35,15,0,20
35,16,0,15
35,17,0,1
35,18,0,-3
35,19,0,-3
35,20,0,2
35,21,0,12
35,22,0,32
35,24,0,5
35,25,0,2
35,26,0,-1
35,27,0,-18
35,28,0,-5
35,29,0,4
35,30,0,4
35,31,0,18
35,32,0,-25
35,33,0,9
35,34,0,4
35,35,0,106
35,36,0,-8
35,37,0,19
35,38,0,-4
35,39,0,15
35,40,0,-8
35,41,0,-5
35,42,0,23
35,43,0,-24
35,45,0,-11
35,46,0,20
35,47,0,-18
35,48,0,11
35,49,0,33
35,51,0,-9
35,52,0,6
35,53,0,4
35,54,0,-12
35,55,0,2
35,56,0,-2
35,57,0,-6
35,58,0,20
35,59,0,9
35,61,0,8
35,62,0,6
35,63,0,-22
35,64,0,-10
35,65,0,11
35,66,0,-5
35,67,0,22
35,68,0,-1
35,69,0,-8
35,70,0,10
35,71,0,-8
35,72,0,4
35,73,0,10
36,1,0,-2
36,2,0,1
36,3,0,6
36,5,0,19
36,6,0,-16
36,7,0,-7
36,8,0,-2
36,9,0,6
36,10,0,-8
36,11,0,-30
36,12,0,5
36,13,0,2
36,14,0,-12
36,15,0,5
36,16,0,4
36,17,0,3
36,18,0,-11
36,19,0,5
36,20,0,18
36,21,0,-7
36,22,0,-2
36,23,0,15
36,24,0,10
36,25,0,26
36,26,0,6
36,27,0,-18
36,28,0,12
36,29,0,-25
36,30,0,-15
36,31,0,-1
36,32,0,-14
36,33,0,4
36,34,0,6
36,35,0,-8
36,36,0,110
36,37,0,-7
36,38,0,28
36,39,0,-19
36,40,0,-18
36,41,0,18
36,42,0,-7
36,43,0,25
36,44,0,6
36,45,0,9
36,46,0,3
36,47,0,1
36,48,0,13
36,49,0,-15
36,50,0,-8
36,52,0,-1
36,53,0,-4
36,54,0,9
36,55,0,5
36,56,0,-13
36,57,0,4
36,58,0,6
36,59,0,-3
36,60,0,-13
36,61,0,27
36,62,0,13
36,63,0,13
36,64,0,-3
36,65,0,-11
36,66,0,-8
36,67,0,-16
36,68,0,10
36,69,0,-10
36,70,0,-9
36,71,0,-24
36,72,0,6
36,73,0,-1
37,1,0,-2
37,2,0,11
37,3,0,-20
37,4,0,10
37,5,0,-4
37,6,0,6
37,7,0,8
37,8,0,-26
37,9,0,5
37,10,0,-13
37,11,0,10
37,12,0,-11
37,13,0,2
37,14,0,-8
37,15,0,-12
37,16,0,-6
37,17,0,-1
37,18,0,3
37,19,0,-28
37,20,0,26
37,21,0,-3
37,22,0,16
37,23,0,-5
37,24,0,-7
37,25,0,9
37,27,0,-9
37,28,0,1
37,29,0,11
37,30,0,-7
37,31,0,-16
37,33,0,-12
37,34,0,-1
37,35,0,19
37,36,0,-7
37,37,0,97
37,38,0,-17
37,39,0,-4
37,40,0,12
37,41,0,20
37,42,0,10
37,43,0,-8
37,44,0,15
37,45,0,-15
37,46,0,-15
37,47,0,3
37,48,0,-7
37,49,0,3
37,50,0,-6
37,51,0,-2
37,52,0,15
37,53,0,-5
37,54,0,10
37,55,0,4
37,57,0,10
37,58,0,25
37,59,0,9
37,60,0,21
37,61,0,21
37,62,0,-4
37,63,0,-5
37,64,0,9
37,65,0,13
37,66,0,18
37,67,0,-16
37,68,0,5
37,69,0,11
37,70,0,-8
37,71,0,-12
37,72,0,-5
37,73,0,18
38,1,0,-4
38,2,0,3
38,3,0,1
38,4,0,5
38,5,0,10
38,6,0,-8
38,7,0,1
38,8,0,19
38,9,0,18
38,10,0,-11
38,11,0,-5
38,12,0,15
38,13,0,4
38,14,0,7
38,15,0,1
38,16,0,13
38,17,0,-4
38,18,0,10
38,19,0,-6
38,20,0,-17
38,21,0,-7
38,22,0,-8
38,23,0,-3
38,24,0,2
38,25,0,8
38,26,0,2
38,27,0,-18
38,28,0,-13
38,29,0,-4
38,30,0,8
38,31,0,-31
38,32,0,3
38,33,0,-3
38,34,0,-7
38,35,0,-4
38,36,0,28
38,37,0,-17
38,38,0,112
38,39,0,2
38,40,0,-7
38,41,0,-9
38,42,0,4
38,43,0,7
38,44,0,-14
38,45,0,-8
38,46,0,14
38,47,0,-3
38,48,0,-2
38,49,0,-5
38,50,0,-3
38,51,0,2
38,52,0,20
38,53,0,-21
38,54,0,2
38,55,0,1
38,56,0,-19
38,57,0,2
38,58,0,-14
38,59,0,-13
38,60,0,4
38,61,0,-6
38,62,0,4
38,63,0,-19
38,64,0,-12
38,65,0,-4
38,66,0,-9
38,67,0,-6
38,68,0,13
38,69,0,-5
38,70,0,-4
38,71,0,-3
38,72,0,13
38,73,0,6
39,1,0,-32
39,2,0,-2
39,3,0,16
39,4,0,10
39,5,0,-11
39,6,0,-10
39,7,0,-2
39,8,0,1
39,9,0,-13
39,10,0,-6
39,11,0,-29
39,12,0,3
39,13,0,-1
39,14,0,-3
39,15,0,-3
39,16,0,-8
39,17,0,3
39,18,0,-14
39,19,0,-12
39,20,0,-7
39,22,0,13
39,23,0,2
39,24,0,-10
39,25,0,-6
39,26,0,-10
39,27,0,-4
39,28,0,5
39,30,0,13
39,31,0,1
39,32,0,15
39,33,0,20
39,35,0,15
39,36,0,-19
39,37,0,-4
39,38,0,2
39,39,0,97
39,40,0,2
39,41,0,-5
39,42,0,6
39,43,0,-18
39,44,0,1
39,45,0,-11
39,46,0,-8
39,47,0,21
39,48,0,-6
39,49,0,-18
39,50,0,-10
39,51,0,13
39,52,0,1
39,53,0,-2
39,54,0,-1
39,55,0,-4
39,56,0,-2
39,57,0,-19
39,58,0,-10
39,60,0,-6
39,61,0,-13
39,62,0,2
39,63,0,11
39,64,0,14
39,65,0,10
39,66,0,10
39,67,0,-8
39,68,0,8
39,69,0,-6
39,70,0,40
39,71,0,25
39,72,0,2
39,73,0,-1
40,1,0,-9
40,2,0,-12
40,3,0,-7
40,4,0,-20
40,5,0,-5
40,6,0,-5
40,7,0,1
40,8,0,6
40,9,0,-8
40,10,0,27
40,11,0,6
40,12,0,-8
40,13,0,19
40,14,0,10
40,15,0,8
40,16,0,-10
40,17,0,2
40,18,0,28
40,19,0,-11
40,20,0,3
40,21,0,7
40,22,0,-14
40,23,0,-18
40,24,0,-12
40,25,0,3
40,26,0,-6
40,27,0,-4
40,28,0,-5
40,29,0,9
40,30,0,-13
40,31,0,16
40,32,0,-1
40,33,0,-4
40,34,0,-10
40,35,0,-8
40,36,0,-18
40,37,0,12
40,38,0,-7
40,39,0,2
40,40,0,117
40,41,0,7
40,42,0,-12
40,43,0,-27
40,44,0,-6
40,45,0,-13
40,46,0,10
40,47,0,-8
40,48,0,-40
40,49,0,-22
40,50,0,6
40,51,0,11
40,52,0,-4
40,53,0,6
40,54,0,3
40,55,0,5
40,56,0,9
40,57,0,-6
40,60,0,-3
40,61,0,3
40,62,0,5
40,63,0,-5
40,64,0,9
40,65,0,-2
40,66,0,-2
40,67,0,-13
40,68,0,-13
40,69,0,3
40,70,0,-15
40,71,0,13
40,72,0,3
40,73,0,34
41,1,0,-21
41,2,0,2
41,3,0,-12
41,4,0,2
41,5,0,21
41,6,0,3
41,7,0,3
41,8,0,-6
41,9,0,1
41,10,0,11
41,11,0,-21
41,12,0,4
41,13,0,-11
41,14,0,3
41,16,0,-3
41,17,0,3
41,18,0,-25
41,19,0,-15
41,20,0,29
41,21,0,-11
41,22,0,-10
41,23,0,-13
41,24,0,-27
41,25,0,-3
41,26,0,-9
41,27,0,12
41,28,0,8
41,29,0,13
41,30,0,3
41,31,0,-20
41,32,0,-1
41,33,0,-6
41,34,0,16
41,35,0,-5
41,36,0,18
41,37,0,20
41,38,0,-9
41,39,0,-5
41,40,0,7
41,41,0,101
41,42,0,11
41,44,0,-10
41,45,0,-9
41,46,0,3
41,47,0,3
41,48,0,-16
41,49,0,-7
41,50,0,-10
41,51,0,5
41,52,0,2
41,53,0,8
41,54,0,5
41,55,0,12
41,56,0,-26
41,57,0,11
41,58,0,28
41,59,0,8
41,60,0,-18
41,61,0,21
41,62,0,34
41,63,0,15
41,64,0,-11
41,65,0,-10
41,66,0,3
41,67,0,-6
41,68,0,-3
41,69,0,5
41,70,0,13
41,71,0,-11
41,72,0,15
41,73,0,10
42,1,0,17
42,2,0,-13
42,3,0,-11
42,4,0,-14
42,5,0,34
42,6,0,4
42,7,0,1
42,8,0,-6
42,9,0,-2
42,10,0,7
42,11,0,-16
42,12,0,-6
42,13,0,-11
42,14,0,2
42,15,0,8
42,16,0,-3
42,18,0,-10
42,19,0,-13
42,20,0,16
42,21,0,17
42,22,0,-14
42,23,0,-15
42,24,0,11
42,25,0,1
42,26,0,-9
42,27,0,11
42,28,0,-1
42,29,0,29
42,30,0,32
42,31,0,-15
42,32,0,-18
42,33,0,14
42,34,0,9
42,35,0,23
42,36,0,-7
42,37,0,10
42,38,0,4
42,39,0,6
42,40,0,-12
42,41,0,11
42,42,0,103
42,43,0,-12
42,44,0,-10
42,45,0,-2
42,46,0,-1
42,47,0,8
42,48,0,6
42,49,0,5
42,50,0,-5
42,51,0,-16
42,52,0,13
42,53,0,-13
42,54,0,2
42,56,0,-8
42,57,0,5
42,58,0,-8
42,59,0,21
42,60,0,-3
42,61,0,17
42,62,0,5
42,65,0,9
42,66,0,-20
42,67,0,12
42,68,0,-6
42,69,0,7
42,70,0,11
42,71,0,8
42,72,0,-24
42,73,0,11
43,1,0,8
43,2,0,6
43,3,0,-13
43,4,0,-13
43,5,0,-16
43,6,0,-21
43,7,0,-20
43,8,0,-9
43,9,0,-16
43,10,0,1
43,11,0,5
43,12,0,1
43,13,0,18
43,14,0,12
43,15,0,-19
43,16,0,-5
43,17,0,-25
43,18,0,1
43,19,0,4
43,20,0,3
43,21,0,5
43,22,0,3
43,23,0,14
43,24,0,27
43,25,0,-1
43,26,0,-23
43,27,0,-1
43,28,0,4
43,29,0,-13
43,30,0,-10
43,31,0,-12
43,32,0,-25
43,33,0,-10
43,34,0,2
43,35,0,-24
43,36,0,25
43,37,0,-8
43,38,0,7
43,39,0,-18
43,40,0,-27
43,42,0,-12
43,43,0,129
43,44,0,-18
43,45,0,4
43,46,0,-22
43,47,0,-24
43,48,0,12
43,49,0,-5
43,50,0,9
43,51,0,-8
43,52,0,7
43,53,0,-3
43,54,0,-9
43,55,0,-28
43,56,0,7
43,57,0,-9
43,58,0,-3
43,59,0,-12
43,60,0,-5
43,61,0,-9
43,62,0,-18
43,63,0,-7
43,64,0,-1
43,65,0,-11
43,67,0,-1
43,68,0,16
43,69,0,-3
43,70,0,-7
43,71,0,-21
43,72,0,5
43,73,0,-5
44,1,0,-17
44,2,0,-1
44,3,0,-6
44,4,0,16
44,5,0,-16
44,6,0,12
44,7,0,-12
44,9,0,-9
44,10,0,-8
44,11,0,-8
44,12,0,33
44,13,0,-10
44,14,0,9
44,15,0,18
44,16,0,-10
44,17,0,2
44,18,0,26
44,19,0,34
44,20,0,2
44,21,0,-8
44,22,0,-1
44,23,0,6
44,24,0,3
44,25,0,-4
44,26,0,1
44,27,0,5
44,28,0,26
44,29,0,-7
44,30,0,-32
44,31,0,2
44,32,0,7
44,33,0,2
44,34,0,2
44,36,0,6
44,37,0,15
44,38,0,-14
44,39,0,1
44,40,0,-6
44,41,0,-10
44,42,0,-10
44,43,0,-18
44,44,0,101
44,45,0,3
44,46,0,10
44,47,0,4
44,48,0,-12
44,49,0,-23
44,50,0,6
44,51,0,-7
44,52,0,4
44,53,0,4
44,54,0,9
44,55,0,12
44,56,0,15
44,57,0,18
44,58,0,15
44,59,0,5
44,60,0,11
44,61,0,8
44,62,0,6
44,63,0,-8
44,64,0,-9
44,65,0,-3
44,66,0,23
44,67,0,13
44,68,0,-12
44,69,0,-18
44,70,0,-18
44,71,0,4
44,72,0,6
44,73,0,-11
45,1,0,19
45,2,0,2
45,3,0,-3
45,4,0,10
45,6,0,4
45,7,0,-10
45,8,0,14
45,9,0,11
45,10,0,23
45,11,0,-4
45,12,0,-6
45,13,0,-10
45,14,0,-18
45,15,0,-14
45,16,0,23
45,17,0,-10
45,18,0,-29
45,19,0,24
45,20,0,4
45,21,0,8
45,22,0,9
45,24,0,2
45,25,0,-4
45,26,0,-6
45,27,0,17
45,28,0,-7
45,29,0,-22
45,30,0,1
45,31,0,7
45,32,0,12
45,33,0,-1
45,34,0,4
45,35,0,-11
45,36,0,9
45,37,0,-15
45,38,0,-8
45,39,0,-11
45,40,0,-13
45,41,0,-9
45,42,0,-2
45,43,0,4
45,44,0,3
45,45,0,116
45,46,0,7
45,47,0,15
45,48,0,-11
45,49,0,1
45,50,0,-14
45,51,0,7
45,52,0,-21
45,53,0,-23
45,54,0,6
45,55,0,4
45,56,0,-13
45,57,0,-31
45,58,0,-3
45,59,0,7
45,60,0,9
45,61,0,-4
45,62,0,9
45,63,0,-3
45,64,0,-6
45,65,0,7
45,66,0,-1
45,67,0,15
45,68,0,-1
45,69,0,-22
45,70,0,21
45,71,0,-25
45,73,0,-1
46,1,0,-2
46,2,0,-5
46,3,0,5
46,4,0,-2
46,5,0,11
46,6,0,3
46,7,0,14
46,8,0,3
46,9,0,5
46,10,0,5
46,11,0,13
46,12,0,1
46,13,0,3
46,15,0,25
46,16,0,10
46,17,0,-10
46,18,0,-10
46,19,0,14
46,21,0,-4
46,22,0,7
46,23,0,5
46,24,0,16
46,25,0,-4
46,28,0,-12
46,29,0,10
46,30,0,-5
46,31,0,4
46,32,0,-17
46,33,0,5
46,34,0,-9
46,35,0,20
46,36,0,3
46,37,0,-15
46,38,0,14
46,39,0,-8
46,40,0,10
46,41,0,3
46,42,0,-1
46,43,0,-22
46,44,0,10
46,45,0,7
46,46,0,102
46,47,0,-26
46,48,0,4
46,49,0,12
46,50,0,10
46,51,0,5
46,52,0,15
46,53,0,4
46,54,0,7
46,55,0,-9
46,56,0,-13
46,57,0,3
46,58,0,5
46,59,0,-6
46,60,0,-1
46,61,0,-15
46,62,0,20
46,63,0,11
46,64,0,-6
46,65,0,-14
46,66,0,-4
46,67,0,-6
46,68,0,-2
46,69,0,-37
46,70,0,11
46,71,0,4
46,72,0,13
46,73,0,8
47,1,0,7
47,2,0,-16
47,3,0,11
47,4,0,17
47,5,0,8
47,7,0,17
47,8,0,-2
47,9,0,10
47,10,0,6
47,11,0,-19
47,12,0,-8
47,13,0,-11
47,14,0,-7
47,15,0,-3
47,16,0,-1
47,17,0,-6
47,18,0,-4
47,19,0,23
47,20,0,-12
47,21,0,-6
47,22,0,-16
47,23,0,-20
47,24,0,-14
47,25,0,10
47,26,0,14
47,27,0,6
47,28,0,12
47,29,0,-20
47,30,0,8
47,31,0,-14
47,32,0,26
47,33,0,6
47,34,0,-5
47,35,0,-18
47,36,0,1
47,37,0,3
47,38,0,-3
47,39,0,21
47,40,0,-8
47,41,0,3
47,42,0,8
47,43,0,-24
47,44,0,4
47,45,0,15
47,46,0,-26
47,47,0,113
47,48,0,10
47,49,0,-20
47,50,0,-5
47,51,0,-5
47,52,0,-10
47,53,0,14
47,54,0,-12
47,55,0,5
47,56,0,-4
47,57,0,-7
47,58,0,-21
47,59,0,1
47,60,0,-2
47,61,0,8
47,62,0,-9
47,63,0,12
47,64,0,14
47,65,0,9
47,66,0,7
47,67,0,-8
47,68,0,1
47,69,0,17
47,70,0,6
47,71,0,-19
47,72,0,-27
47,73,0,-1
48,1,0,38
48,2,0,14
48,3,0,7
48,4,0,11
48,5,0,7
48,6,0,16
48,7,0,18
48,8,0,1
48,9,0,16
48,11,0,18
48,12,0,-14
48,13,0,-1
48,14,0,-18
48,15,0,-11
48,16,0,14
48,17,0,15
48,18,0,11
48,19,0,18
48,20,0,-8
48,21,0,-20
48,22,0,13
48,23,0,30
48,24,0,19
48,25,0,17
48,26,0,15
48,27,0,2
48,28,0,8
48,29,0,17
48,30,0,-4
48,31,0,1
48,32,0,1
48,33,0,18
48,34,0,-5
48,35,0,11
48,36,0,13
48,37,0,-7
48,38,0,-2
48,39,0,-6
48,40,0,-40
48,41,0,-16
48,42,0,6
48,43,0,12
48,44,0,-12
48,45,0,-11
48,46,0,4
48,47,0,10
48,48,0,111
48,49,0,37
48,50,0,-1
48,51,0,-16
48,52,0,12
48,53,0,13
48,54,0,-18
48,55,0,-6
48,56,0,18
48,57,0,-5
48,58,0,-26
48,59,0,-13
48,60,0,8
48,61,0,7
48,62,0,6
48,63,0,-5
48,64,0,-9
48,65,0,-9
48,66,0,-17
48,67,0,-3
48,68,0,31
48,69,0,8
48,70,0,-2
48,71,0,2
48,72,0,-6
48,73,0,-14
49,1,0,28
49,2,0,29
49,3,0,-23
49,4,0,-5
49,5,0,-6
49,6,0,9
49,7,0,15
49,8,0,21
49,9,0,-5
49,11,0,28
49,12,0,-8
49,13,0,-9
49,14,0,3
49,15,0,-13
49,16,0,-1
49,17,0,-5
49,18,0,13
49,20,0,6
49,21,0,17
49,22,0,26
49,23,0,13
49,24,0,4
49,25,0,3
49,27,0,-3
49,28,0,17
49,29,0,14
49,30,0,7
49,31,0,-3
49,32,0,-10
49,33,0,-7
49,34,0,1
49,35,0,33
49,36,0,-15
49,37,0,3
49,38,0,-5
49,39,0,-18
49,40,0,-22
49,41,0,-7
49,42,0,5
49,43,0,-5
49,44,0,-23
49,45,0,1
49,46,0,12
49,47,0,-20
49,48,0,37
49,49,0,120
49,51,0,5
49,52,0,3
49,53,0,8
49,54,0,-6
49,55,0,-4
49,56,0,8
49,57,0,-5
49,58,0,-2
49,59,0,9
49,60,0,19
49,61,0,-20
49,62,0,-5
49,63,0,-20
49,64,0,-11
49,65,0,6
49,66,0,-20
49,67,0,21
49,68,0,4
49,69,0,5
49,70,0,8
49,71,0,7
49,72,0,4
49,73,0,1
50,1,0,6
50,2,0,-20
50,3,0,-26
50,4,0,-8
50,5,0,-9
50,6,0,-11
50,8,0,-1
50,9,0,-23
50,10,0,6
50,11,0,29
50,12,0,9
50,13,0,2
50,14,0,10
50,15,0,-5
50,16,0,1
50,17,0,-26
50,18,0,20
50,19,0,14
50,20,0,-23
50,21,0,4
50,22,0,-12
50,24,0,17
50,25,0,13
50,26,0,9
50,27,0,7
50,28,0,-1
50,29,0,15
50,30,0,-2
50,31,0,-13
50,32,0,-4
50,34,0,4
50,36,0,-8
50,37,0,-6
50,38,0,-3
50,39,0,-10
50,40,0,6
50,41,0,-10
50,42,0,-5
50,43,0,9
50,44,0,6
50,45,0,-14
50,46,0,10
50,47,0,-5
50,48,0,-1
50,50,0,86
50,51,0,-6
50,52,0,17
50,53,0,11
50,54,0,8
50,55,0,-3
50,56,0,15
50,57,0,25
50,58,0,-8
50,59,0,-11
50,60,0,9
50,61,0,-12
50,62,0,3
50,63,0,2
50,64,0,6
50,65,0,10
50,66,0,7
50,67,0,-1
50,68,0,15
50,69,0,-6
50,70,0,-6
50,71,0,9
50,72,0,1
51,1,0,-3
51,2,0,11
51,3,0,12
51,4,0,7
51,5,0,-6
51,6,0,-2
51,7,0,-11
51,8,0,-1
51,9,0,22
51,10,0,-1
51,11,0,-14
51,13,0,-27
51,14,0,33
51,15,0,8
51,16,0,-7
51,17,0,-12
51,19,0,2
51,20,0,-12
51,21,0,10
51,22,0,9
51,23,0,-5
51,24,0,-4
51,25,0,-16
51,27,0,9
51,28,0,1
51,29,0,14
51,30,0,3
51,31,0,10
51,32,0,4
51,33,0,-3
51,34,0,-18
51,35,0,-9
51,37,0,-2
51,38,0,2
51,39,0,13
51,40,0,11
51,41,0,5
51,42,0,-16
51,43,0,-8
51,44,0,-7
51,45,0,7
51,46,0,5
51,47,0,-5
51,48,0,-16
51,49,0,5
51,50,0,-6
51,51,0,101
51,52,0,16
51,53,0,5
51,54,0,-3
51,55,0,18
51,56,0,-2
51,57,0,9
51,58,0,-9
51,59,0,4
51,60,0,26
51,62,0,-18
51,63,0,4
51,64,0,20
51,65,0,-12
51,66,0,7
51,67,0,-12
51,68,0,-2
51,69,0,-4
51,71,0,-15
51,72,0,9
51,73,0,3
52,1,0,-1
52,2,0,-13
52,3,0,-11
52,4,0,5
52,5,0,-8
52,6,0,17
52,7,0,4
52,8,0,-5
52,9,0,-13
52,10,0,-22
52,11,0,30
52,12,0,9
52,13,0,-12
52,14,0,14
52,15,0,8
52,16,0,2
52,17,0,-18
52,18,0,8
52,19,0,20
52,21,0,-2
52,22,0,-17
52,23,0,3
52,24,0,12
52,25,0,7
52,26,0,6
52,27,0,-10
52,28,0,-10
52,29,0,29
52,30,0,5
52,31,0,-32
52,32,0,-17
52,33,0,7
52,34,0,10
52,35,0,6
52,36,0,-1
52,37,0,15
52,38,0,20
52,39,0,1
52,40,0,-4
52,41,0,2
52,42,0,13
52,43,0,7
52,44,0,4
52,45,0,-21
52,46,0,15
52,47,0,-10
52,48,0,12
52,49,0,3
52,50,0,17
52,51,0,16
52,52,0,102
52,53,0,1
52,54,0,6
52,55,0,-11
52,56,0,-1
52,57,0,20
52,58,0,-5
52,59,0,22
52,60,0,-5
52,61,0,6
52,62,0,-15
52,63,0,-8
52,64,0,6
52,65,0,-2
52,66,0,9
52,67,0,-13
52,68,0,15
52,69,0,5
52,70,0,6
52,71,0,-13
52,72,0,4
52,73,0,-8
53,1,0,8
53,2,0,-20
53,3,0,-8
53,4,0,-5
53,5,0,-6
53,6,0,3
53,7,0,29
53,8,0,11
53,9,0,-23
53,10,0,6
53,11,0,10
53,12,0,-18
53,13,0,-17
53,14,0,-18
53,15,0,24
53,16,0,28
53,18,0,15
53,19,0,18
53,20,0,-7
53,21,0,-11
53,22,0,-2
53,23,0,11
53,24,0,-25
53,25,0,-15
53,26,0,-16
53,27,0,-6
53,28,0,10
53,29,0,20
53,30,0,-16
53,31,0,12
53,32,0,10
53,33,0,-8
53,34,0,9
53,35,0,4
53,36,0,-4
53,37,0,-5
53,38,0,-21
53,39,0,-2
53,40,0,6
53,41,0,8
53,42,0,-13
53,43,0,-3
53,44,0,4
53,45,0,-23
53,46,0,4
53,47,0,14
53,48,0,13
53,49,0,8
53,50,0,11
53,51,0,5
53,52,0,1
53,53,0,112
53,54,0,3
53,55,0,4
53,56,0,12
53,57,0,6
53,58,0,9
53,59,0,10
53,60,0,10
53,61,0,-30
53,62,0,14
53,63,0,19
53,64,0,22
53,65,0,-18
53,66,0,-11
53,67,0,15
53,68,0,4
53,69,0,10
53,71,0,7
53,72,0,25
53,73,0,2
54,1,0,-27
54,2,0,-5
54,3,0,-11
54,4,0,-10
54,5,0,5
54,6,0,7
54,7,0,9
54,8,0,-10
54,9,0,-21
54,10,0,-4
54,11,0,8
54,12,0,-2
54,13,0,3
54,14,0,5
54,15,0,-12
54,16,0,-6
54,17,0,11
54,18,0,-10
54,19,0,-14
54,20,0,5
54,21,0,16
54,22,0,11
54,23,0,-9
54,24,0,9
54,25,0,-20
54,26,0,3
54,27,0,-10
54,28,0,-5
54,29,0,3
54,30,0,26
54,31,0,-20
54,32,0,18
54,33,0,-9
54,34,0,16
54,35,0,-12
54,36,0,9
54,37,0,10
54,38,0,2
54,39,0,-1
54,40,0,3
54,41,0,5
54,42,0,2
54,43,0,-9
54,44,0,9
54,45,0,6
54,46,0,7
54,47,0,-12
54,48,0,-18
54,49,0,-6
54,50,0,8
54,51,0,-3
54,52,0,6
54,53,0,3
54,54,0,90
54,55,0,-32
54,56,0,4
54,57,0,22
54,58,0,11
54,59,0,-12
54,60,0,-1
54,61,0,1
54,62,0,-4
54,63,0,15
54,64,0,2
54,65,0,4
54,66,0,-2
54,67,0,-13
54,68,0,-10
54,69,0,2
54,70,0,-11
54,71,0,18
54,72,0,6
54,73,0,20
55,1,0,13
55,2,0,-4
55,3,0,27
55,4,0,9
55,5,0,18
55,6,0,1
55,7,0,-11
55,8,0,4
55,9,0,3
55,10,0,9
55,11,0,-19
55,12,0,12
55,13,0,-19
55,14,0,-10
55,15,0,19
55,16,0,-14
55,17,0,1
55,18,0,1
55,19,0,13
55,20,0,-10
55,21,0,-9
55,22,0,-3
55,23,0,9
55,24,0,-26
55,25,0,8
55,26,0,4
55,27,0,25
55,28,0,12
55,29,0,-3
55,30,0,-24
55,31,0,34
55,32,0,20
55,33,0,8
55,34,0,7
55,35,0,2
55,36,0,5
55,37,0,4
55,38,0,1
55,39,0,-4
55,40,0,5
55,41,0,12
55,43,0,-28
55,44,0,12
55,45,0,4
55,46,0,-9
55,47,0,5
55,48,0,-6
55,49,0,-4
55,50,0,-3
55,51,0,18
55,52,0,-11
55,53,0,4
55,54,0,-32
55,55,0,113
55,56,0,-4
55,57,0,2
55,59,0,19
55,60,0,9
55,61,0,10
55,62,0,14
55,63,0,1
55,64,0,-2
55,65,0,-13
55,66,0,5
55,67,0,-5
55,68,0,-13
55,69,0,1
55,70,0,-8
55,71,0,11
55,72,0,6
55,73,0,3
56,1,0,-16
56,2,0,-16
56,3,0,-25
56,4,0,-6
56,5,0,-18
56,6,0,18
56,7,0,26
56,8,0,-7
56,9,0,-36
56,10,0,9
56,11,0,-8
56,12,0,-15
56,13,0,-26
56,14,0,-2
56,15,0,15
56,16,0,-21
56,17,0,-16
56,18,0,14
56,19,0,12
56,20,0,-3
56,21,0,-4
56,22,0,28
56,23,0,12
56,24,0,8
56,25,0,-16
56,26,0,9
56,27,0,14
56,28,0,19
56,29,0,5
56,30,0,-2
56,31,0,-6
56,32,0,9
56,33,0,4
56,34,0,-1
56,35,0,-2
56,36,0,-13
56,38,0,-19
56,39,0,-2
56,40,0,9
56,41,0,-26
56,42,0,-8
56,43,0,7
56,44,0,15
56,45,0,-13
56,46,0,-13
56,47,0,-4
56,48,0,18
56,49,0,8
56,50,0,15
56,51,0,-2
56,52,0,-1
56,53,0,12
56,54,0,4
56,55,0,-4
56,56,0,128
56,57,0,27
56,58,0,-22
56,59,0,9
56,60,0,19
56,61,0,-14
56,62,0,-6
56,63,0,-12
56,64,0,-4
56,65,0,-9
56,66,0,2
56,67,0,-9
56,68,0,8
56,69,0,24
56,70,0,-20
56,71,0,-22
56,72,0,-10
56,73,0,-8
57,1,0,-15
57,2,0,-17
57,3,0,-21
57,4,0,-4
57,5,0,18
57,6,0,13
57,7,0,31
57,8,0,-14
57,9,0,-3
57,10,0,-7
57,11,0,-10
57,12,0,31
57,13,0,-4
57,14,0,20
57,15,0,24
57,16,0,-10
57,17,0,-18
57,18,0,1
57,19,0,14
57,20,0,-13
57,21,0,-9
57,22,0,8
57,24,0,9
57,25,0,-5
57,26,0,7
57,27,0,-4
57,28,0,20
57,29,0,1
57,30,0,17
57,31,0,-26
57,32,0,1
57,33,0,4
57,34,0,12
57,35,0,-6
57,36,0,4
57,37,0,10
57,38,0,2
57,39,0,-19
57,40,0,-6
57,41,0,11
57,42,0,5
57,43,0,-9
57,44,0,18
57,45,0,-31
57,46,0,3
57,47,0,-7
57,48,0,-5
57,49,0,-5
57,50,0,25
57,51,0,9
57,52,0,20
57,53,0,6
57,54,0,22
57,55,0,2
57,56,0,27
57,57,0,112
57,59,0,-10
57,60,0,13
57,61,0,8
57,62,0,-2
57,63,0,-15
57,64,0,-9
57,65,0,-5
57,66,0,9
57,67,0,-10
57,68,0,30
57,69,0,13
57,70,0,-32
57,71,0,-2
57,72,0,-5
57,73,0,4
58,1,0,-17
58,2,0,-2
58,3,0,5
58,4,0,-1
58,5,0,-11
58,6,0,-13
58,7,0,11
58,8,0,14
58,9,0,9
58,10,0,-27
58,11,0,-8
58,12,0,14
58,13,0,15
58,14,0,-2
58,15,0,27
58,16,0,-1
58,17,0,6
58,18,0,-1
58,19,0,-21
58,20,0,29
58,21,0,-11
58,22,0,-5
58,23,0,-1
58,24,0,-18
58,25,0,-1
58,26,0,-23
58,27,0,-11
58,28,0,6
58,29,0,18
58,30,0,-19
58,31,0,2
58,32,0,-8
58,33,0,-12
58,34,0,17
58,35,0,20
58,36,0,6
58,37,0,25
58,38,0,-14
58,39,0,-10
58,41,0,28
58,42,0,-8
58,43,0,-3
58,44,0,15
58,45,0,-3
58,46,0,5
58,47,0,-21
58,48,0,-26
58,49,0,-2
58,50,0,-8
58,51,0,-9
58,52,0,-5
58,53,0,9
58,54,0,11
58,56,0,-22
58,58,0,100
58,59,0,-7
58,60,0,-13
58,61,0,-5
58,62,0,10
58,63,0,-8
58,64,0,-4
58,65,0,-5
58,66,0,4
58,67,0,26
58,68,0,-15
58,69,0,-3
58,70,0,24
58,71,0,3
58,72,0,18
58,73,0,-6
59,1,0,-4
59,2,0,-32
59,3,0,2
59,4,0,4
59,5,0,16
59,6,0,10
59,7,0,-6
59,8,0,5
59,9,0,-4
59,10,0,-14
59,11,0,-14
59,12,0,14
59,13,0,-43
59,14,0,-2
59,15,0,8
59,16,0,6
59,17,0,-19
59,18,0,-1
59,19,0,-2
59,20,0,26
59,21,0,27
59,22,0,-20
59,23,0,-5
59,24,0,4
59,25,0,-7
59,26,0,-14
59,27,0,20
59,28,0,6
59,29,0,14
59,30,0,3
59,31,0,4
59,32,0,-15
59,33,0,-1
59,34,0,-5
59,35,0,9
59,36,0,-3
59,37,0,9
59,38,0,-13
59,41,0,8
59,42,0,21
59,43,0,-12
59,44,0,5
59,45,0,7
59,46,0,-6
59,47,0,1
59,48,0,-13
59,49,0,9
59,50,0,-11
59,51,0,4
59,52,0,22
59,53,0,10
59,54,0,-12
59,55,0,19
59,56,0,9
59,57,0,-10
59,58,0,-7
59,59,0,100
59,60,0,10
59,61,0,-10
59,62,0,-2
59,63,0,12
59,64,0,2
59,65,0,29
59,66,0,13
59,67,0,-1
59,68,0,-11
59,69,0,9
59,70,0,13
59,71,0,-1
59,72,0,4
59,73,0,5
60,1,0,1
60,2,0,2
60,3,0,-31
60,5,0,10
60,6,0,17
60,7,0,-7
60,8,0,-4
60,9,0,16
60,10,0,-5
60,11,0,21
60,12,0,4
60,13,0,-30
60,14,0,-6
60,15,0,-3
60,16,0,24
60,17,0,-12
60,18,0,35
60,19,0,9
60,20,0,-17
60,21,0,13
60,22,0,31
60,23,0,12
60,24,0,1
60,25,0,-13
60,26,0,-11
60,27,0,14
60,28,0,21
60,29,0,15
60,30,0,2
60,31,0,5
60,32,0,3
60,33,0,-13
60,34,0,-9
60,36,0,-13
60,37,0,21
60,38,0,4
60,39,0,-6
60,40,0,-3
60,41,0,-18
60,42,0,-3
60,43,0,-5
60,44,0,11
60,45,0,9
60,46,0,-1
60,47,0,-2
60,48,0,8
60,49,0,19
60,50,0,9
60,51,0,26
60,52,0,-5
60,53,0,10
60,54,0,-1
60,55,0,9
60,56,0,19
60,57,0,13
60,58,0,-13
60,59,0,10
60,60,0,110
60,61,0,-11
60,62,0,1
60,63,0,-21
60,64,0,7
60,65,0,12
60,66,0,5
60,67,0,-3
60,68,0,-4
60,69,0,-2
60,70,0,-4
60,71,0,-5
60,72,0,14
60,73,0,9
61,1,0,8
61,3,0,26
61,4,0,14
61,5,0,5
61,6,0,9
61,7,0,-17
61,8,0,-2
61,9,0,11
61,10,0,12
61,11,0,-3
61,12,0,-10
61,13,0,-1
61,14,0,2
61,15,0,-3
61,16,0,-6
61,17,0,19
61,18,0,-8
61,19,0,-18
61,20,0,-16
61,21,0,-16
61,22,0,-5
61,23,0,-39
61,24,0,-1
61,25,0,26
61,26,0,27
61,27,0,6
61,28,0,-9
61,29,0,-13
61,30,0,12
61,31,0,8
61,32,0,-9
61,33,0,-12
61,34,0,32
61,35,0,8
61,36,0,27
61,37,0,21
61,38,0,-6
61,39,0,-13
61,40,0,3
61,41,0,21
61,42,0,17
61,43,0,-9
61,44,0,8
61,45,0,-4
61,46,0,-15
61,47,0,8
61,48,0,7
61,49,0,-20
61,50,0,-12
61,52,0,6
61,53,0,-30
61,54,0,1
61,55,0,10
61,56,0,-14
61,57,0,8
61,58,0,-5
61,59,0,-10
61,60,0,-11
61,61,0,126
61,62,0,1
61,63,0,-1
61,64,0,-5
61,65,0,-11
61,66,0,-12
61,67,0,-14
61,68,0,8
61,69,0,10
61,70,0,-41
61,71,0,-25
61,72,0,3
61,73,0,-7
62,1,0,-1
62,2,0,5
62,3,0,-8
62,4,0,-9
62,5,0,5
62,6,0,3
62,7,0,27
62,8,0,11
62,9,0,6
62,10,0,5
62,11,0,-16
62,12,0,-7
62,13,0,6
62,14,0,-30
62,15,0,-2
62,16,0,28
62,17,0,10
62,18,0,-26
62,19,0,-3
62,20,0,24
62,21,0,-34
62,22,0,-12
62,23,0,10
62,24,0,-20
62,25,0,13
62,26,0,16
62,27,0,6
62,28,0,23
62,29,0,5
62,30,0,3
62,31,0,-1
62,32,0,-3
62,33,0,-2
62,34,0,-14
62,35,0,6
62,36,0,13
62,37,0,-4
62,38,0,4
62,39,0,2
62,40,0,5
62,41,0,34
62,42,0,5
62,43,0,-18
62,44,0,6
62,45,0,9
62,46,0,20
62,47,0,-9
62,48,0,6
62,49,0,-5
62,50,0,3
62,51,0,-18
62,52,0,-15
62,53,0,14
62,54,0,-4
62,55,0,14
62,56,0,-6
62,57,0,-2
62,58,0,10
62,59,0,-2
62,60,0,1
62,61,0,1
62,62,0,103
62,63,0,-1
62,64,0,1
62,65,0,-6
62,67,0,15
62,68,0,10
62,69,0,-1
62,70,0,15
62,71,0,-11
62,72,0,-2
62,73,0,-4
63,1,0,8
63,2,0,-1
63,3,0,19
63,5,0,11
63,6,0,-35
63,7,0,-14
63,8,0,18
63,9,0,3
63,10,0,-3
63,11,0,-6
63,12,0,10
63,13,0,-16
63,14,0,-6
63,15,0,-26
63,17,0,4
63,18,0,-14
63,19,0,4
63,20,0,13
63,21,0,22
63,22,0,-1
63,23,0,-7
63,24,0,9
63,25,0,7
63,27,0,11
63,28,0,-15
63,29,0,-1
63,30,0,-7
63,31,0,1
63,32,0,-9
63,33,0,15
63,34,0,-4
63,35,0,-22
63,36,0,13
63,37,0,-5
63,38,0,-19
63,39,0,11
63,40,0,-5
63,41,0,15
63,43,0,-7
63,44,0,-8
63,45,0,-3
63,46,0,11
63,47,0,12
63,48,0,-5
63,49,0,-20
63,50,0,2
63,51,0,4
63,52,0,-8
63,53,0,19
63,54,0,15
63,55,0,1
63,56,0,-12
63,57,0,-15
63,58,0,-8
63,59,0,12
63,60,0,-21
63,61,0,-1
63,62,0,-1
63,63,0,137
63,64,0,6
63,65,0,-16
63,66,0,-9
63,67,0,-31
63,68,0,-19
63,70,0,5
63,71,0,14
63,72,0,-2
63,73,0,-6
64,1,0,-8
64,2,0,-13
64,3,0,-1
64,4,0,-1
64,5,0,1
64,6,0,-13
64,7,0,13
64,8,0,-18
64,10,0,-13
64,11,0,3
64,12,0,-21
64,13,0,5
64,14,0,-3
64,15,0,20
64,16,0,17
64,17,0,-12
64,18,0,7
64,19,0,-17
64,20,0,-6
64,21,0,-15
64,22,0,11
64,23,0,-2
64,24,0,-10
64,25,0,14
64,26,0,16
64,27,0,10
64,28,0,5
64,29,0,4
64,30,0,16
64,31,0,-7
64,32,0,-4
64,33,0,-7
64,34,0,10
64,35,0,-10
64,36,0,-3
64,37,0,9
64,38,0,-12
64,39,0,14
64,40,0,9
64,41,0,-11
64,43,0,-1
64,44,0,-9
64,45,0,-6
64,46,0,-6
64,47,0,14
64,48,0,-9
64,49,0,-11
64,50,0,6
64,51,0,20
64,52,0,6
64,53,0,22
64,54,0,2
64,55,0,-2
64,56,0,-4
64,57,0,-9
64,58,0,-4
64,59,0,2
64,60,0,7
64,61,0,-5
64,62,0,1
64,63,0,6
64,64,0,102
64,65,0,4
64,66,0,11
64,67,0,-6
64,68,0,8
64,69,0,-3
64,70,0,9
64,71,0,-8
64,72,0,-2
64,73,0,11
65,1,0,-10
65,2,0,-1
65,3,0,-13
65,4,0,-4
65,5,0,19
65,6,0,-1
65,7,0,-11
65,8,0,-2
65,9,0,-7
65,10,0,5
65,11,0,17
65,12,0,-2
65,13,0,6
65,14,0,-3
65,15,0,-20
65,16,0,-2
65,17,0,-12
65,18,0,-4
65,19,0,-2
65,20,0,-6
65,21,0,20
65,22,0,-2
65,23,0,9
65,24,0,5
65,25,0,8
65,26,0,13
65,27,0,3
65,28,0,-10
65,29,0,-11
65,30,0,30
65,31,0,6
65,32,0,-11
65,34,0,-1
65,35,0,11
65,36,0,-11
65,37,0,13
65,38,0,-4
65,39,0,10
65,40,0,-2
65,41,0,-10
65,42,0,9
65,43,0,-11
65,44,0,-3
65,45,0,7
65,46,0,-14
65,47,0,9
65,48,0,-9
65,49,0,6
65,50,0,10
65,51,0,-12
65,52,0,-2
65,53,0,-18
65,54,0,4
65,55,0,-13
65,56,0,-9
65,57,0,-5
65,58,0,-5
65,59,0,29
65,60,0,12
65,61,0,-11
65,62,0,-6
65,63,0,-16
65,64,0,4
65,65,0,91
65,66,0,21
65,67,0,-8
65,68,0,1
65,69,0,-6
65,70,0,-6
65,71,0,3
65,72,0,-12
65,73,0,10
66,1,0,-27
66,2,0,-7
66,3,0,6
66,4,0,3
66,5,0,-8
66,6,0,-9
66,7,0,2
66,8,0,-6
66,9,0,5
66,10,0,-13
66,11,0,-4
66,12,0,7
66,13,0,2
66,14,0,-9
66,15,0,12
66,16,0,-9
66,17,0,-9
66,18,0,14
66,19,0,-1
66,20,0,4
66,21,0,4
66,22,0,-5
66,23,0,24
66,25,0,-12
66,26,0,6
66,27,0,-4
66,28,0,6
66,29,0,-24
66,30,0,9
66,31,0,-15
66,32,0,-2
66,33,0,-13
66,34,0,-2
66,35,0,-5
66,36,0,-8
66,37,0,18
66,38,0,-9
66,39,0,10
66,40,0,-2
66,41,0,3
66,42,0,-20
66,44,0,23
66,45,0,-1
66,46,0,-4
66,47,0,7
66,48,0,-17
66,49,0,-20
66,50,0,7
66,51,0,7
66,52,0,9
66,53,0,-11
66,54,0,-2
66,55,0,5
66,56,0,2
66,57,0,9
66,58,0,4
66,59,0,13
66,60,0,5
66,61,0,-12
66,63,0,-9
66,64,0,11
66,65,0,21
66,66,0,74
66,67,0,-11
66,68,0,2
66,69,0,11
66,70,0,-4
66,71,0,-18
66,72,0,-7
66,73,0,-15
67,1,0,17
67,2,0,-6
67,3,0,-5
67,4,0,-21
67,5,0,-31
67,6,0,-8
67,7,0,9
67,8,0,16
67,9,0,-5
67,10,0,2
67,11,0,-2
67,12,0,10
67,13,0,3
67,14,0,-7
67,15,0,5
67,16,0,27
67,17,0,-6
67,18,0,7
67,19,0,1
67,20,0,1
67,21,0,-6
67,22,0,-11
67,23,0,-3
67,24,0,2
67,25,0,2
67,26,0,-4
67,27,0,-7
67,28,0,-3
67,29,0,7
67,30,0,-3
67,31,0,-9
67,32,0,4
67,33,0,-4
67,34,0,-7
67,35,0,22
67,36,0,-16
67,37,0,-16
67,38,0,-6
67,39,0,-8
67,40,0,-13
67,41,0,-6
67,42,0,12
67,43,0,-1
67,44,0,13
67,45,0,15
67,46,0,-6
67,47,0,-8
67,48,0,-3
67,49,0,21
67,50,0,-1
67,51,0,-12
67,52,0,-13
67,53,0,15
67,54,0,-13
67,55,0,-5
67,56,0,-9
67,57,0,-10
67,58,0,26
67,59,0,-1
67,60,0,-3
67,61,0,-14
67,62,0,15
67,63,0,-31
67,64,0,-6
67,65,0,-8
67,66,0,-11
67,67,0,97
67,68,0,-14
67,69,0,-16
67,70,0,17
67,71,0,-16
67,72,0,21
67,73,0,-4
68,1,0,4
68,2,0,-6
68,3,0,-11
68,4,0,-3
68,5,0,1
68,7,0,10
68,8,0,-13
68,9,0,-6
68,10,0,9
68,11,0,4
68,12,0,7
68,13,0,6
68,14,0,16
68,15,0,7
68,16,0,4
68,17,0,1
68,18,0,-6
68,19,0,-11
68,20,0,-6
68,21,0,-9
68,22,0,15
68,23,0,22
68,24,0,6
68,25,0,21
68,26,0,14
68,27,0,-3
68,28,0,7
68,29,0,9
68,30,0,-14
68,31,0,-20
68,32,0,4
68,33,0,6
68,34,0,12
68,35,0,-1
68,36,0,10
68,37,0,5
68,38,0,13
68,39,0,8
68,40,0,-13
68,41,0,-3
68,42,0,-6
68,43,0,16
68,44,0,-12
68,45,0,-1
68,46,0,-2
68,47,0,1
68,48,0,31
68,49,0,4
68,50,0,15
68,51,0,-2
68,52,0,15
68,53,0,4
68,54,0,-10
68,55,0,-13
68,56,0,8
68,57,0,30
68,58,0,-15
68,59,0,-11
68,60,0,-4
68,61,0,8
68,62,0,10
68,63,0,-19
68,64,0,8
68,65,0,1
68,66,0,2
68,67,0,-14
68,68,0,122
68,69,0,-5
68,70,0,10
68,72,0,19
69,1,0,6
69,2,0,-1
69,3,0,-3
69,4,0,-3
69,5,0,-8
69,6,0,8
69,7,0,27
69,8,0,25
69,10,0,-9
69,11,0,4
69,12,0,-11
69,13,0,-2
69,14,0,-21
69,15,0,-3
69,16,0,-2
69,17,0,7
69,18,0,5
69,19,0,-20
69,20,0,12
69,21,0,8
69,22,0,7
69,23,0,-10
69,24,0,17
69,25,0,-13
69,26,0,-6
69,27,0,10
69,28,0,11
69,29,0,4
69,30,0,8
69,31,0,-20
69,32,0,14
69,33,0,-5
69,34,0,4
69,35,0,-8
69,36,0,-10
69,37,0,11
69,38,0,-5
69,39,0,-6
69,40,0,3
69,41,0,5
69,42,0,7
69,43,0,-3
69,44,0,-18
69,45,0,-22
69,46,0,-37
69,47,0,17
69,48,0,8
69,49,0,5
69,50,0,-6
69,51,0,-4
69,52,0,5
69,53,0,10
69,54,0,2
69,55,0,1
69,56,0,24
69,57,0,13
69,58,0,-3
69,59,0,9
69,60,0,-2
69,61,0,10
69,62,0,-1
69,64,0,-3
69,65,0,-6
69,66,0,11
69,67,0,-16
69,68,0,-5
69,69,0,103
69,70,0,-9
69,71,0,9
69,72,0,-27
69,73,0,-16
70,1,0,-7
70,2,0,-19
70,3,0,4
70,4,0,-4
70,5,0,-11
70,6,0,-4
70,7,0,11
70,8,0,3
70,9,0,10
70,10,0,-28
70,11,0,-29
70,12,0,16
70,13,0,-5
70,14,0,-4
70,15,0,-6
70,16,0,4
70,17,0,11
70,18,0,-30
70,19,0,-20
70,20,0,17
70,21,0,-3
70,22,0,8
70,23,0,11
70,24,0,-19
70,25,0,6
70,26,0,-10
70,27,0,-4
70,28,0,-3
70,29,0,29
70,31,0,-12
70,32,0,10
70,33,0,-12
70,34,0,-10
70,35,0,10
70,36,0,-9
70,37,0,-8
70,38,0,-4
70,39,0,40
70,40,0,-15
70,41,0,13
70,42,0,11
70,43,0,-7
70,44,0,-18
70,45,0,21
70,46,0,11
70,47,0,6
70,48,0,-2
70,49,0,8
70,50,0,-6
70,52,0,6
70,54,0,-11
70,55,0,-8
70,56,0,-20
70,57,0,-32
70,58,0,24
70,59,0,13
70,60,0,-4
70,61,0,-41
70,62,0,15
70,63,0,5
70,64,0,9
70,65,0,-6
70,66,0,-4
70,67,0,17
70,68,0,10
70,69,0,-9
70,70,0,113
70,71,0,10
70,72,0,6
70,73,0,8
71,1,0,-18
71,2,0,6
71,3,0,-5
71,4,0,25
71,5,0,5
71,6,0,5
71,7,0,-20
71,8,0,14
71,9,0,-5
71,10,0,22
71,11,0,10
71,12,0,14
71,14,0,11
71,15,0,-6
71,16,0,-6
71,17,0,13
71,18,0,3
71,19,0,-13
71,20,0,10
71,21,0,7
71,22,0,8
71,23,0,-12
71,24,0,3
71,25,0,-3
71,26,0,-26
71,27,0,7
71,28,0,1
71,29,0,18
71,30,0,-4
71,31,0,12
71,32,0,7
71,33,0,26
71,34,0,13
71,35,0,-8
71,36,0,-24
71,37,0,-12
71,38,0,-3
71,39,0,25
71,40,0,13
71,41,0,-11
71,42,0,8
71,43,0,-21
71,44,0,4
71,45,0,-25
71,46,0,4
71,47,0,-19
71,48,0,2
71,49,0,7
71,50,0,9
71,51,0,-15
71,52,0,-13
71,53,0,7
71,54,0,18
71,55,0,11
71,56,0,-22
71,57,0,-2
71,58,0,3
71,59,0,-1
71,60,0,-5
71,61,0,-25
71,62,0,-11
71,63,0,14
71,64,0,-8
71,65,0,3
71,66,0,-18
71,67,0,-16
71,69,0,9
71,70,0,10
71,71,0,116
71,73,0,3
72,2,0,7
72,3,0,1
72,4,0,-3
72,5,0,-8
72,6,0,13
72,7,0,-9
72,8,0,4
72,9,0,-9
72,10,0,1
72,11,0,7
72,12,0,11
72,13,0,-12
72,14,0,2
72,15,0,13
72,16,0,20
72,17,0,2
72,18,0,13
72,19,0,-7
72,20,0,-2
72,21,0,10
72,22,0,-3
72,23,0,-1
72,24,0,-7
72,25,0,-4
72,26,0,-17
72,27,0,-19
72,28,0,-9
72,29,0,7
72,30,0,-26
72,31,0,4
72,32,0,11
72,34,0,14
72,35,0,4
72,36,0,6
72,37,0,-5
72,38,0,13
72,39,0,2
72,40,0,3
72,41,0,15
72,42,0,-24
72,43,0,5
72,44,0,6
72,46,0,13
72,47,0,-27
72,48,0,-6
72,49,0,4
72,50,0,1
72,51,0,9
72,52,0,4
72,53,0,25
72,54,0,6
72,55,0,6
72,56,0,-10
72,57,0,-5
72,58,0,18
72,59,0,4
72,60,0,14
72,61,0,3
72,62,0,-2
72,63,0,-2
72,64,0,-2
72,65,0,-12
72,66,0,-7
72,67,0,21
72,68,0,19
72,69,0,-27
72,70,0,6
72,72,0,97
72,73,0,5
73,1,0,-7
73,2,0,3
73,3,0,-16
73,4,0,-40
73,5,0,19
73,6,0,15
73,7,0,5
73,8,0,-11
73,9,0,23
73,10,0,-1
73,11,0,-4
73,12,0,-6
73,13,0,3
73,14,0,6
73,15,0,-3
73,16,0,-3
73,17,0,-12
73,19,0,-15
73,20,0,-4
73,21,0,22
73,22,0,13
73,23,0,-4
73,24,0,-4
73,25,0,-8
73,26,0,10
73,27,0,10
73,28,0,-14
73,29,0,17
73,30,0,8
73,31,0,-5
73,32,0,8
73,33,0,-3
73,34,0,-10
73,35,0,10
73,36,0,-1
73,37,0,18
73,38,0,6
73,39,0,-1
73,40,0,34
73,41,0,10
73,42,0,11
73,43,0,-5
73,44,0,-11
73,45,0,-1
73,46,0,8
73,47,0,-1
73,48,0,-14
73,49,0,1
73,51,0,3
73,52,0,-8
73,53,0,2
73,54,0,20
73,55,0,3
73,56,0,-8
73,57,0,4
73,58,0,-6
73,59,0,5
73,60,0,9
73,61,0,-7
73,62,0,-4
73,63,0,-6
73,64,0,11
73,65,0,10
73,66,0,-15
73,67,0,-4
73,69,0,-16
73,70,0,8
73,71,0,3
73,72,0,5
73,73,0,106
74,1,0,-1
75,1,0,-1
76,1,0,-1
77,1,0,-1
78,1,0,-1
79,1,0,-1
80,1,0,-1
81,1,0,-1
82,1,0,-1
83,1,0,-1
84,1,0,-1
85,1,0,-1
86,1,0,-1
87,1,0,-1
88,1,0,-1
89,1,0,-1
90,1,0,-1
91,1,0,-1
92,1,0,-1
93,1,0,-1
94,1,0,-1
95,1,0,-1
96,1,0,-1
97,1,0,-1
98,1,0,-1
99,1,0,-1
100,1,0,-1
101,1,0,-1
102,1,0,-1
103,1,0,-1
104,1,0,-1
104,104,0,4
104,104,1,3
105,2,0,-1
105,105,0,5
105,105,1,-2
106,3,0,-1
106,106,0,1
106,106,1,1
107,4,0,-1
107,107,0,4
107,107,1,1
108,5,0,-1
108,108,0,5
109,6,0,-1
109,109,0,2
110,7,0,-1
110,110,0,2
110,110,1,-1
111,8,0,-1
111,111,0,4
112,9,0,-1
112,112,0,3
113,10,0,-1
113,113,0,3
113,113,1,-2
114,11,0,-1
114,114,0,3
114,114,1,1
115,12,0,-1
115,115,0,5
115,115,1,4
116,13,0,-1
116,116,0,3
116,116,1,-2
117,14,0,-1
117,117,0,2
117,117,1,-2
118,15,0,-1
118,118,0,2
118,118,1,1
119,16,0,-1
119,119,0,2
119,119,1,1
120,17,0,-1
120,120,0,2
121,18,0,-1
121,121,0,3
121,121,1,1
122,19,0,-1
122,122,0,4
123,20,0,-1
123,123,0,1
124,21,0,-1
124,124,0,1
125,22,0,-1
125,125,0,4
125,125,1,-3

q_data
1,0,-271
2,0,303
3,0,-236
4,0,-383
5,0,-806
6,0,-532
6,1,-271
7,0,-711
8,0,-573
8,1,-499
9,0,-397
10,0,68
11,0,-118
11,1,55
12,0,-350
13,0,372
14,0,107
15,0,-435
16,0,-569
17,0,98
18,0,-740
19,0,-354
20,0,-231
21,0,-1
22,0,18
23,0,-458
24,0,68
25,0,41
26,0,156
27,0,-700
28,0,-736
29,0,-904
30,0,-52
31,0,295
32,0,-274
33,0,-354
34,0,-477
35,0,-205
36,0,-82
37,0,-288
38,0,-365
39,0,-234
40,0,319
41,0,-304
42,0,-588
42,1,422
43,0,745
44,0,-313
45,0,193
46,0,-327
47,0,-477
48,0,-1003
49,0,-538
50,0,-187
50,1,131
51,0,-410
52,0,-690
53,0,-921
54,0,-28
54,1,22
55,0,-847
56,0,-85
57,0,-530
58,0,-63
59,0,-808
60,0,-787
61,0,103
61,1,69
62,0,-413
63,0,-271
64,0,-232
65,0,-40
66,0,-74
66,1,41
67,0,223
67,1,57
68,0,-474
69,0,-669
70,0,-161
70,1,38
71,0,-497
71,1,308
72,0,-337
72,1,213
73,0,-80
74,0,4
75,0,3
76,0,3
76,1,-2
77,0,4
78,0,3
79,0,3
80,0,3
81,0,3
82,0,3
83,0,3
84,0,3
85,0,3
86,0,3
87,0,8
88,0,3
89,0,3
89,1,-1
90,0,3
91,0,3
92,0,3
93,0,3
93,1,1
94,0,4
94,1,2
95,0,3
96,0,3
96,1,2
97,0,3
98,0,3
99,0,3
100,0,3
101,0,3
101,1,-3
102,0,3
103,0,8
104,0,-13
105,0,-19
106,0,1
107,0,-1
108,0,9
109,0,-1
110,0,2
111,0,-7
112,0,-2
112,1,2
113,0,-7
114,0,-7
115,0,-11
116,0,-5
117,0,-9
118,0,-4
119,0,-5
119,1,-5
120,0,-8
122,0,-9
122,1,4
123,0,-3
123,1,-3
124,0,1
124,1,-1
125,0,-3
125,1,-1

Param_Space
1,1,-1
2,1,1

Param_Space_RHS
0
1

END
