LCP


h
175

k
1

M_data
1,1,0,132
1,2,0,-29
1,5,0,-3
1,6,0,-15
1,7,0,28
1,8,0,-11
1,9,0,6
1,10,0,-5
1,11,0,-8
1,12,0,20
1,13,0,22
1,14,0,-9
1,15,0,9
1,16,0,-17
1,18,0,14
1,19,0,-2
1,20,0,14
1,21,0,11
1,22,0,-1
1,23,0,9
1,24,0,5
1,25,0,5
1,26,0,17
1,27,0,-1
1,28,0,8
1,29,0,41
1,30,0,-5
1,31,0,19
1,32,0,10
1,33,0,14
1,34,0,4
1,35,0,19
1,36,0,-11
1,37,0,24
1,38,0,5
1,39,0,13
1,40,0,-28
1,41,0,-5
1,42,0,2
1,43,0,-3
1,44,0,2
1,45,0,33
1,46,0,-8
1,47,0,5
1,48,0,4
1,49,0,45
1,50,0,-9
1,51,0,7
1,52,0,-4
1,53,0,2
1,54,0,-15
1,55,0,6
1,56,0,-9
1,57,0,16
1,58,0,4
1,59,0,-1
1,60,0,12
1,61,0,-1
1,62,0,-22
1,63,0,-11
1,64,0,-7
1,65,0,-25
1,66,0,17
1,68,0,-5
1,69,0,-13
1,70,0,21
1,71,0,10
1,72,0,-5
1,73,0,-3
1,74,0,-15
1,75,0,-1
1,76,0,2
1,77,0,25
1,78,0,26
1,79,0,4
1,80,0,-8
1,81,0,-12
1,82,0,12
1,83,0,-11
1,84,0,-9
1,85,0,-9
1,86,0,-8
1,87,0,-10
1,88,0,-16
1,89,0,8
1,90,0,1
1,91,0,1
1,92,0,1
1,93,0,1
1,94,0,1
1,95,0,1
1,96,0,1
1,97,0,1
1,98,0,1
1,99,0,1
1,100,0,1
2,1,0,-29
2,2,0,126
2,3,0,2
2,4,0,14
2,5,0,20
2,6,0,18
2,7,0,-21
2,9,0,8
2,10,0,-8
2,11,0,-18
2,12,0,-9
2,13,0,-6
2,14,0,-14
2,15,0,-6
2,17,0,-10
2,18,0,2
2,19,0,27
2,20,0,-6
2,21,0,30
2,22,0,-10
2,23,0,5
2,24,0,13
2,25,0,10
2,26,0,17
2,27,0,13
2,28,0,10
2,29,0,-31
2,30,0,1
2,31,0,-11
2,32,0,-8
2,33,0,16
2,34,0,3
2,35,0,-17
2,36,0,-6
2,37,0,-4
2,38,0,-13
2,39,0,-5
2,40,0,10
2,41,0,8
2,42,0,-4
2,43,0,-9
2,44,0,12
2,45,0,-19
2,46,0,3
2,47,0,-18
2,48,0,-6
2,49,0,13
2,50,0,4
2,51,0,-24
2,52,0,-13
2,53,0,-18
2,54,0,-18
2,55,0,-10
2,56,0,-5
2,58,0,4
2,59,0,11
2,60,0,-5
2,61,0,6
2,62,0,-8
2,63,0,-12
2,64,0,20
2,65,0,9
2,66,0,-7
2,67,0,15
2,68,0,-3
2,69,0,2
2,70,0,4
2,71,0,-11
2,72,0,-10
2,74,0,9
2,75,0,-9
2,76,0,-26
2,77,0,-7
2,78,0,2
2,79,0,-21
2,80,0,2
2,81,0,-6
2,82,0,-2
2,83,0,8
2,84,0,-19
2,85,0,27
2,86,0,10
2,87,0,-29
2,88,0,-5
2,89,0,9
2,101,0,1
3,2,0,2
3,3,0,178
3,4,0,-1
3,5,0,25
3,6,0,-8
3,7,0,-19
3,8,0,-17
3,9,0,26
3,10,0,-6
3,11,0,14
3,12,0,23
3,13,0,-4
3,14,0,21
3,15,0,-5
3,16,0,-13
3,17,0,-6
3,18,0,18
3,19,0,13
3,20,0,9
3,21,0,-20
3,22,0,-22
3,23,0,14
3,24,0,-12
3,25,0,12
3,26,0,-19
3,27,0,-17
3,28,0,-10
3,29,0,1
3,31,0,-41
3,32,0,15
3,33,0,19
3,34,0,5
3,35,0,-12
3,36,0,13
3,37,0,-4
3,38,0,8
3,39,0,-6
3,40,0,7
3,41,0,4
3,42,0,-18
3,43,0,-17
3,44,0,5
3,45,0,10
3,46,0,-16
3,47,0,-10
3,48,0,3
3,49,0,16
3,50,0,15
3,51,0,6
3,52,0,8
3,53,0,10
3,54,0,31
3,55,0,-14
3,56,0,-6
3,57,0,16
3,58,0,-2
3,59,0,12
3,60,0,3
3,61,0,-29
3,62,0,-11
3,63,0,-1
3,64,0,-12
3,65,0,-15
3,66,0,12
3,67,0,-24
3,68,0,30
3,69,0,12
3,70,0,10
3,71,0,-40
3,72,0,-20
3,73,0,3
3,74,0,8
3,75,0,-36
3,76,0,-11
3,77,0,-26
3,78,0,-11
3,79,0,-18
3,80,0,-7
3,81,0,16
3,82,0,7
3,83,0,5
3,84,0,26
3,85,0,-14
3,86,0,24
3,87,0,7
3,88,0,-9
3,89,0,-5
3,102,0,1
4,2,0,14
4,3,0,-1
4,4,0,154
4,5,0,-14
4,6,0,-15
4,7,0,3
4,8,0,-8
4,9,0,-3
4,10,0,-9
4,11,0,-12
4,12,0,24
4,13,0,-1
4,14,0,-26
4,15,0,8
4,16,0,18
4,17,0,-5
4,18,0,-18
4,19,0,24
4,20,0,-18
4,21,0,20
4,22,0,-24
4,23,0,3
4,24,0,-2
4,25,0,23
4,26,0,16
4,27,0,-1
4,28,0,8
4,29,0,-8
4,30,0,-19
4,31,0,1
4,32,0,-4
4,33,0,19
4,34,0,16
4,35,0,-26
4,36,0,-21
4,37,0,-4
4,38,0,-18
4,39,0,50
4,41,0,-1
4,42,0,-1
4,43,0,-22
4,44,0,20
4,45,0,-3
4,46,0,12
4,47,0,-4
4,48,0,12
4,49,0,-23
4,50,0,-1
4,51,0,3
4,52,0,-8
4,53,0,-14
4,54,0,-15
4,55,0,19
4,56,0,22
4,57,0,14
4,58,0,13
4,59,0,12
4,60,0,18
4,61,0,21
4,62,0,11
4,63,0,-6
4,64,0,21
4,65,0,-5
4,67,0,1
4,68,0,-3
4,69,0,-36
4,70,0,26
4,71,0,-29
4,72,0,-3
4,73,0,10
4,74,0,6
4,75,0,-1
4,76,0,17
4,77,0,6
4,78,0,6
4,79,0,5
4,80,0,6
4,81,0,-18
4,82,0,17
4,83,0,-13
4,84,0,17
4,85,0,12
4,86,0,16
4,87,0,-28
4,88,0,-9
4,89,0,14
4,103,0,1
5,1,0,-3
5,2,0,20
5,3,0,25
5,4,0,-14
5,5,0,84
5,6,0,-13
5,7,0,4
5,8,0,23
5,9,0,8
5,10,0,-6
5,11,0,7
5,12,0,-20
5,13,0,2
5,14,0,-6
5,15,0,2
5,16,0,-2
5,17,0,5
5,18,0,2
5,19,0,-8
5,20,0,3
5,21,0,1
5,22,0,4
5,23,0,-16
5,24,0,6
5,25,0,-3
5,26,0,-16
5,27,0,-1
5,28,0,2
5,29,0,-14
5,30,0,8
5,31,0,-16
5,32,0,-12
5,33,0,26
5,34,0,-12
5,35,0,-3
5,36,0,6
5,37,0,2
5,38,0,-20
5,39,0,-3
5,40,0,-2
5,41,0,-6
5,42,0,-14
5,43,0,1
5,44,0,-1
5,45,0,-4
5,46,0,27
5,47,0,-7
5,48,0,11
5,49,0,22
5,50,0,24
5,51,0,-7
5,52,0,3
5,53,0,-13
5,54,0,5
5,55,0,1
5,56,0,-24
5,57,0,-17
5,58,0,7
5,59,0,1
5,60,0,-6
5,61,0,-10
5,62,0,-3
5,63,0,4
5,64,0,-1
5,65,0,26
5,66,0,-10
5,67,0,-2
5,68,0,15
5,69,0,17
5,70,0,15
5,71,0,3
5,72,0,-16
5,73,0,2
5,75,0,-14
5,76,0,-15
5,77,0,-20
5,78,0,35
5,79,0,-11
5,80,0,-10
5,81,0,-22
5,82,0,8
5,83,0,-20
5,84,0,-11
5,85,0,3
5,86,0,14
5,87,0,-19
5,88,0,-16
5,89,0,-9
5,104,0,1
6,1,0,-15
6,2,0,18
6,3,0,-8
6,4,0,-15
6,5,0,-13
6,6,0,129
6,7,0,-14
6,8,0,-24
6,9,0,-31
6,10,0,-2
6,11,0,8
6,12,0,-6
6,13,0,-3
6,14,0,16
6,15,0,-6
6,16,0,-5
6,17,0,-3
6,18,0,-6
6,19,0,17
6,20,0,5
6,21,0,6
6,22,0,6
6,23,0,-15
6,24,0,19
6,25,0,2
6,26,0,20
6,27,0,5
6,28,0,-24
6,29,0,-9
6,30,0,1
6,31,0,20
6,32,0,-13
6,33,0,-24
6,34,0,-15
6,35,0,-6
6,36,0,5
6,37,0,-25
6,38,0,20
6,39,0,-22
6,40,0,7
6,41,0,3
6,42,0,8
6,43,0,-8
6,44,0,-12
6,45,0,5
6,46,0,3
6,47,0,12
6,48,0,-19
6,49,0,5
6,50,0,1
6,51,0,-4
6,52,0,13
6,53,0,10
6,54,0,14
6,55,0,14
6,56,0,14
6,57,0,5
6,58,0,-13
6,59,0,-20
6,60,0,-23
6,61,0,4
6,62,0,9
6,63,0,23
6,64,0,-10
6,65,0,-15
6,66,0,-8
6,67,0,8
6,68,0,-16
6,69,0,-7
6,70,0,-4
6,71,0,23
6,72,0,-7
6,73,0,-1
6,74,0,-22
6,75,0,3
6,76,0,14
6,77,0,10
6,78,0,-4
6,79,0,-2
6,80,0,-22
6,81,0,-27
6,82,0,3
6,83,0,1
6,84,0,28
6,86,0,-26
6,87,0,-8
6,88,0,9
6,89,0,7
6,105,0,1
7,1,0,28
7,2,0,-21
7,3,0,-19
7,4,0,3
7,5,0,4
7,6,0,-14
7,7,0,132
7,8,0,3
7,9,0,-28
7,10,0,5
7,11,0,-10
7,12,0,-15
7,13,0,27
7,14,0,-2
7,15,0,-3
7,16,0,-6
7,17,0,8
7,18,0,5
7,19,0,8
7,21,0,13
7,22,0,18
7,23,0,-17
7,24,0,-3
7,25,0,-8
7,26,0,3
7,27,0,-14
7,28,0,23
7,29,0,16
7,30,0,21
7,31,0,-4
7,32,0,4
7,33,0,5
7,34,0,-12
7,35,0,14
7,36,0,10
7,37,0,-23
7,38,0,19
7,39,0,23
7,40,0,-11
7,41,0,-27
7,42,0,-23
7,43,0,4
7,44,0,13
7,45,0,-7
7,46,0,-5
7,47,0,-5
7,48,0,6
7,49,0,16
7,51,0,-8
7,52,0,17
7,53,0,7
7,54,0,-2
7,55,0,9
7,56,0,-6
7,57,0,5
7,58,0,-1
7,59,0,15
7,60,0,-1
7,61,0,-13
7,62,0,-1
7,63,0,-9
7,64,0,9
7,65,0,-1
7,66,0,-5
7,67,0,-23
7,68,0,-2
7,69,0,2
7,70,0,23
7,71,0,25
7,72,0,-10
7,73,0,-3
7,74,0,-1
7,75,0,-6
7,76,0,-14
7,77,0,36
7,78,0,33
7,79,0,6
7,80,0,11
7,81,0,-5
7,82,0,-10
7,83,0,-2
7,84,0,9
7,85,0,15
7,86,0,15
7,87,0,-5
7,88,0,15
7,89,0,-10
7,106,0,1
8,1,0,-11
8,3,0,-17
8,4,0,-8
8,5,0,23
8,6,0,-24
8,7,0,3
8,8,0,140
8,9,0,-19
8,10,0,-7
8,11,0,-16
8,13,0,-2
8,14,0,-2
8,15,0,17
8,16,0,-14
8,17,0,26
8,18,0,-16
8,19,0,-4
8,20,0,-7
8,21,0,-2
8,22,0,44
8,23,0,-26
8,24,0,-5
8,25,0,-6
8,26,0,-10
8,27,0,-12
8,28,0,-10
8,29,0,-5
8,30,0,-8
8,31,0,-14
8,32,0,-13
8,33,0,4
8,35,0,-20
8,36,0,-10
8,38,0,-16
8,39,0,-19
8,40,0,6
8,41,0,-11
8,42,0,-3
8,43,0,16
8,44,0,-8
8,45,0,-5
8,46,0,33
8,47,0,20
8,48,0,11
8,49,0,-16
8,50,0,12
8,51,0,15
8,52,0,-28
8,53,0,-5
8,54,0,-14
8,55,0,9
8,56,0,-3
8,57,0,-9
8,58,0,1
8,60,0,12
8,61,0,-12
8,62,0,29
8,63,0,12
8,65,0,12
8,66,0,-14
8,67,0,-19
8,68,0,20
8,69,0,9
8,70,0,16
8,71,0,4
8,72,0,12
8,73,0,15
8,74,0,-12
8,75,0,2
8,76,0,-27
8,77,0,-7
8,78,0,10
8,79,0,-10
8,80,0,-1
8,81,0,3
8,82,0,7
8,83,0,35
8,84,0,1
8,85,0,4
8,86,0,23
8,87,0,7
8,88,0,-27
8,89,0,9
8,107,0,1
9,1,0,6
9,2,0,8
9,3,0,26
9,4,0,-3
9,5,0,8
9,6,0,-31
9,7,0,-28
9,8,0,-19
9,9,0,130
9,10,0,-12
9,11,0,2
9,12,0,6
9,13,0,-14
9,14,0,-28
9,15,0,-3
9,16,0,10
9,17,0,-8
9,19,0,25
9,20,0,-4
9,21,0,15
9,22,0,3
9,23,0,10
9,24,0,-8
9,25,0,5
9,26,0,-6
9,27,0,-3
9,28,0,16
9,30,0,9
9,31,0,-9
9,32,0,9
9,33,0,-15
9,34,0,6
9,35,0,6
9,36,0,12
9,37,0,32
9,39,0,-2
9,40,0,-17
9,41,0,1
9,42,0,5
9,43,0,-11
9,44,0,-3
9,45,0,8
9,46,0,-11
9,47,0,4
9,48,0,2
9,49,0,3
9,50,0,-1
9,52,0,-19
9,53,0,-15
9,55,0,-21
9,56,0,-17
9,57,0,8
9,58,0,-10
9,59,0,-2
9,60,0,-7
9,61,0,18
9,62,0,-32
9,63,0,-15
9,64,0,-12
9,65,0,5
9,66,0,21
9,67,0,18
9,68,0,-21
9,69,0,-7
9,70,0,-14
9,71,0,-8
9,72,0,7
9,73,0,-25
9,74,0,4
9,75,0,-12
9,76,0,2
9,77,0,-25
9,78,0,-6
9,79,0,9
9,80,0,19
9,81,0,-2
9,82,0,4
9,83,0,-1
9,84,0,-15
9,85,0,-9
9,86,0,-23
9,87,0,15
9,88,0,11
9,89,0,5
9,108,0,1
10,1,0,-5
10,2,0,-8
10,3,0,-6
10,4,0,-9
10,5,0,-6
10,6,0,-2
10,7,0,5
10,8,0,-7
10,9,0,-12
10,10,0,114
10,11,0,17
10,12,0,16
10,13,0,-14
10,14,0,-7
10,15,0,18
10,16,0,16
10,17,0,-8
10,18,0,22
10,19,0,-23
10,20,0,11
10,21,0,-27
10,22,0,-9
10,23,0,-9
10,24,0,-21
10,25,0,26
10,26,0,4
10,27,0,18
10,28,0,2
10,29,0,-18
10,30,0,-17
10,31,0,6
10,32,0,-14
10,33,0,12
10,34,0,-14
10,35,0,-1
10,36,0,-7
10,37,0,-27
10,38,0,4
10,39,0,-17
10,40,0,-10
10,41,0,-8
10,42,0,1
10,43,0,1
10,44,0,-9
10,45,0,-4
10,46,0,3
10,47,0,-15
10,48,0,7
10,49,0,14
10,50,0,4
10,51,0,19
10,52,0,-2
10,53,0,22
10,54,0,-9
10,55,0,-31
10,56,0,2
10,57,0,8
10,58,0,23
10,59,0,-15
10,60,0,14
10,61,0,-12
10,62,0,31
10,63,0,3
10,64,0,-11
10,65,0,-17
10,66,0,-10
10,67,0,4
10,68,0,-12
10,69,0,16
10,70,0,-9
10,71,0,27
10,72,0,-22
10,73,0,7
10,74,0,33
10,75,0,7
10,76,0,-10
10,77,0,-5
10,78,0,-8
10,79,0,-2
10,80,0,27
10,81,0,2
10,82,0,7
10,83,0,6
10,84,0,30
10,85,0,-22
10,86,0,-2
10,87,0,8
10,88,0,2
10,89,0,23
10,109,0,1
11,1,0,-8
11,2,0,-18
11,3,0,14
11,4,0,-12
11,5,0,7
11,6,0,8
11,7,0,-10
11,8,0,-16
11,9,0,2
11,10,0,17
11,11,0,146
11,12,0,-10
11,13,0,-17
11,14,0,-12
11,15,0,-5
11,16,0,10
11,17,0,17
11,18,0,5
11,19,0,7
11,20,0,48
11,21,0,-5
11,22,0,-38
11,23,0,7
11,24,0,-11
11,25,0,27
11,26,0,-33
11,27,0,4
11,28,0,7
11,29,0,-1
11,30,0,4
11,31,0,-3
11,33,0,-15
11,34,0,-4
11,35,0,31
11,36,0,19
11,37,0,-13
11,38,0,3
11,39,0,33
11,40,0,-9
11,41,0,-4
11,42,0,21
11,43,0,4
11,44,0,18
11,46,0,-9
11,47,0,7
11,48,0,-6
11,49,0,-11
11,50,0,30
11,51,0,-1
11,52,0,3
11,53,0,-10
11,54,0,4
11,55,0,-17
11,56,0,11
11,57,0,-1
11,58,0,-6
11,59,0,10
11,60,0,3
11,61,0,-15
11,62,0,13
11,63,0,-11
11,64,0,-42
11,65,0,-4
11,66,0,-6
11,67,0,14
11,68,0,12
11,69,0,13
11,70,0,-17
11,71,0,11
11,72,0,-28
11,73,0,15
11,74,0,4
11,75,0,6
11,76,0,9
11,77,0,-5
11,78,0,-5
11,79,0,3
11,80,0,-8
11,81,0,14
11,82,0,-34
11,83,0,-9
11,84,0,15
11,85,0,7
11,86,0,10
11,87,0,6
11,88,0,16
11,89,0,-7
11,110,0,1
12,1,0,20
12,2,0,-9
12,3,0,23
12,4,0,24
12,5,0,-20
12,6,0,-6
12,7,0,-15
12,9,0,6
12,10,0,16
12,11,0,-10
12,12,0,144
12,13,0,-4
12,14,0,24
12,15,0,-16
12,16,0,6
12,17,0,12
12,18,0,15
12,19,0,-7
12,20,0,-24
12,21,0,6
12,22,0,-6
12,23,0,30
12,24,0,17
12,25,0,-21
12,26,0,15
12,27,0,-17
12,28,0,15
12,29,0,8
12,30,0,-11
12,31,0,3
12,32,0,-14
12,33,0,-13
12,34,0,-9
12,35,0,-6
12,36,0,-30
12,37,0,-22
12,38,0,-13
12,39,0,-8
12,40,0,5
12,41,0,7
12,42,0,-9
12,43,0,-6
12,44,0,-4
12,45,0,7
12,46,0,-11
12,47,0,14
12,48,0,-11
12,49,0,14
12,50,0,-18
12,51,0,11
12,52,0,-10
12,53,0,15
12,54,0,24
12,55,0,-4
12,56,0,21
12,57,0,30
12,58,0,3
12,60,0,-2
12,61,0,-11
12,62,0,15
12,63,0,-10
12,64,0,5
12,65,0,-3
12,66,0,-3
12,67,0,10
12,68,0,-19
12,69,0,-24
12,70,0,4
12,71,0,-18
12,72,0,7
12,73,0,22
12,75,0,8
12,76,0,-7
12,77,0,-12
12,78,0,-5
12,79,0,15
12,81,0,-24
12,82,0,13
12,83,0,3
12,84,0,12
12,85,0,-6
12,86,0,-3
12,87,0,6
12,88,0,9
12,89,0,-6
12,111,0,1
13,1,0,22
13,2,0,-6
13,3,0,-4
13,4,0,-1
13,5,0,2
13,6,0,-3
13,7,0,27
13,8,0,-2
13,9,0,-14
13,10,0,-14
13,11,0,-17
13,12,0,-4
13,13,0,121
13,14,0,-28
13,15,0,-3
13,16,0,-11
13,17,0,3
13,18,0,26
13,19,0,9
13,20,0,-16
13,21,0,21
13,22,0,-6
13,23,0,-9
13,24,0,-4
13,25,0,6
13,26,0,12
13,27,0,-6
13,28,0,33
13,29,0,-4
13,30,0,8
13,31,0,-8
13,32,0,13
13,33,0,10
13,34,0,-24
13,35,0,6
13,36,0,15
13,37,0,-11
13,38,0,11
13,39,0,5
13,40,0,-5
13,41,0,-16
13,42,0,-9
13,43,0,-3
13,45,0,4
13,47,0,1
13,48,0,-14
13,49,0,-17
13,50,0,-1
13,51,0,1
13,52,0,-14
13,53,0,-21
13,54,0,9
13,55,0,-9
13,56,0,9
13,57,0,-10
13,58,0,5
13,59,0,4
13,60,0,14
13,61,0,20
13,62,0,5
13,63,0,-13
13,64,0,25
13,65,0,3
13,66,0,-5
13,67,0,-6
13,68,0,19
13,69,0,7
13,70,0,-5
13,71,0,-16
13,72,0,12
13,73,0,19
13,74,0,-32
13,75,0,-21
13,76,0,-17
13,77,0,2
13,78,0,16
13,79,0,17
13,80,0,-19
13,81,0,-14
13,82,0,21
13,83,0,-17
13,84,0,-8
13,85,0,-10
13,86,0,-2
13,87,0,2
13,88,0,-7
13,89,0,-3
13,112,0,1
14,1,0,-9
14,2,0,-14
14,3,0,21
14,4,0,-26
14,5,0,-6
14,6,0,16
14,7,0,-2
14,8,0,-2
14,9,0,-28
14,10,0,-7
14,11,0,-12
14,12,0,24
14,13,0,-28
14,14,0,148
14,15,0,8
14,16,0,-15
14,17,0,13
14,18,0,-2
14,19,0,-17
14,20,0,3
14,21,0,-29
14,22,0,6
14,23,0,-8
14,24,0,-7
14,25,0,-14
14,26,0,15
14,27,0,-11
14,28,0,-21
14,29,0,1
14,30,0,-17
14,31,0,9
14,32,0,-14
14,33,0,1
14,34,0,-6
14,35,0,15
14,36,0,-15
14,37,0,16
14,38,0,-4
14,39,0,-19
14,41,0,23
14,42,0,3
14,43,0,19
14,45,0,-28
14,46,0,22
14,47,0,7
14,48,0,4
14,49,0,7
14,50,0,-22
14,51,0,8
14,52,0,20
14,53,0,2
14,54,0,23
14,55,0,7
14,56,0,-5
14,57,0,-1
14,58,0,-8
14,59,0,-37
14,60,0,-25
14,62,0,-6
14,63,0,-3
14,64,0,-7
14,65,0,9
14,66,0,9
14,67,0,-11
14,68,0,16
14,69,0,7
14,70,0,-20
14,71,0,9
14,72,0,6
14,73,0,-2
14,74,0,14
14,75,0,12
14,76,0,14
14,77,0,-4
14,78,0,-8
14,79,0,14
14,80,0,-33
14,81,0,17
14,82,0,-1
14,83,0,5
14,84,0,34
14,85,0,-12
14,86,0,15
14,87,0,2
14,88,0,32
14,89,0,-23
14,113,0,1
15,1,0,9
15,2,0,-6
15,3,0,-5
15,4,0,8
15,5,0,2
15,6,0,-6
15,7,0,-3
15,8,0,17
15,9,0,-3
15,10,0,18
15,11,0,-5
15,12,0,-16
15,13,0,-3
15,14,0,8
15,15,0,151
15,16,0,-5
15,17,0,26
15,18,0,11
15,19,0,-2
15,20,0,9
15,21,0,-19
15,22,0,11
15,23,0,-23
15,24,0,-15
15,25,0,18
15,26,0,4
15,27,0,14
15,28,0,6
15,29,0,-9
15,30,0,1
15,31,0,-2
15,32,0,19
15,33,0,-11
15,34,0,13
15,36,0,-11
15,37,0,19
15,38,0,19
15,39,0,-21
15,40,0,-11
15,41,0,21
15,42,0,11
15,43,0,12
15,44,0,-18
15,45,0,-10
15,46,0,-3
15,47,0,1
15,48,0,20
15,49,0,-2
15,50,0,12
15,51,0,-22
15,52,0,-1
15,53,0,9
15,54,0,-27
15,55,0,14
15,56,0,6
15,57,0,-11
15,58,0,-1
15,59,0,-9
15,60,0,22
15,61,0,17
15,62,0,-7
15,63,0,-22
15,64,0,13
15,65,0,-1
15,66,0,1
15,67,0,7
15,68,0,13
15,69,0,23
15,70,0,5
15,71,0,24
15,72,0,18
15,73,0,16
15,74,0,11
15,75,0,-10
15,76,0,-3
15,77,0,3
15,78,0,-8
15,79,0,-11
15,80,0,4
15,81,0,3
15,82,0,15
15,83,0,3
15,84,0,5
15,85,0,-18
15,86,0,-1
15,87,0,-4
15,88,0,2
15,89,0,21
15,114,0,1
16,1,0,-17
16,3,0,-13
16,4,0,18
16,5,0,-2
16,6,0,-5
16,7,0,-6
16,8,0,-14
16,9,0,10
16,10,0,16
16,11,0,10
16,12,0,6
16,13,0,-11
16,14,0,-15
16,15,0,-5
16,16,0,120
16,17,0,-1
16,18,0,12
16,19,0,-35
16,20,0,-6
16,21,0,-3
16,22,0,-12
16,23,0,14
16,24,0,-12
16,25,0,16
16,26,0,1
16,27,0,19
16,28,0,4
16,29,0,-15
16,30,0,-23
16,31,0,-5
16,32,0,-4
16,33,0,8
16,34,0,-8
16,35,0,-5
16,36,0,4
16,37,0,19
16,38,0,-22
16,39,0,8
16,40,0,11
16,41,0,-4
16,42,0,-3
16,43,0,-11
16,44,0,3
16,45,0,-1
16,46,0,14
16,47,0,8
16,48,0,-7
16,49,0,-14
16,50,0,-8
16,51,0,-2
16,52,0,11
16,53,0,11
16,54,0,-1
16,55,0,-2
16,56,0,31
16,57,0,27
16,58,0,-3
16,59,0,-2
16,60,0,-7
16,61,0,-9
16,62,0,-7
16,63,0,22
16,64,0,1
16,65,0,10
16,66,0,-10
16,67,0,-2
16,68,0,-11
16,69,0,-10
16,70,0,30
16,71,0,21
16,72,0,7
16,73,0,-25
16,74,0,-4
16,75,0,4
16,76,0,1
16,77,0,-5
16,78,0,-4
16,79,0,-7
16,80,0,-15
16,81,0,-2
16,82,0,4
16,83,0,5
16,84,0,-14
16,85,0,18
16,86,0,-12
16,87,0,3
16,88,0,-8
16,89,0,-6
16,115,0,1
17,2,0,-10
17,3,0,-6
17,4,0,-5
17,5,0,5
17,6,0,-3
17,7,0,8
17,8,0,26
17,9,0,-8
17,10,0,-8
17,11,0,17
17,12,0,12
17,13,0,3
17,14,0,13
17,15,0,26
17,16,0,-1
17,17,0,144
17,18,0,10
17,19,0,2
17,20,0,-1
17,21,0,-14
17,22,0,-5
17,24,0,-22
17,25,0,-16
17,26,0,-17
17,27,0,-13
17,28,0,-18
17,29,0,-8
17,30,0,-10
17,31,0,-15
17,32,0,-11
17,33,0,-23
17,34,0,-5
17,35,0,21
17,36,0,21
17,37,0,29
17,38,0,-8
17,39,0,-1
17,40,0,-3
17,42,0,30
17,43,0,-9
17,44,0,19
17,45,0,-31
17,46,0,10
17,47,0,-3
17,48,0,-10
17,49,0,-8
17,50,0,7
17,51,0,-19
17,52,0,-5
17,53,0,-2
17,54,0,14
17,56,0,23
17,57,0,-6
17,58,0,13
17,59,0,-12
17,60,0,-24
17,61,0,-19
17,62,0,-22
17,63,0,9
17,64,0,-20
17,65,0,13
17,66,0,-5
17,67,0,-7
17,68,0,6
17,69,0,20
17,70,0,9
17,72,0,10
17,73,0,-10
17,74,0,-14
17,75,0,-2
17,76,0,-14
17,77,0,6
17,78,0,-3
17,79,0,18
17,80,0,-18
17,81,0,-25
17,82,0,16
17,83,0,15
17,84,0,41
17,85,0,5
17,86,0,32
17,87,0,18
17,88,0,9
17,89,0,-19
17,116,0,1
18,1,0,14
18,2,0,2
18,3,0,18
18,4,0,-18
18,5,0,2
18,6,0,-6
18,7,0,5
18,8,0,-16
18,10,0,22
18,11,0,5
18,12,0,15
18,13,0,26
18,14,0,-2
18,15,0,11
18,16,0,12
18,17,0,10
18,18,0,133
18,19,0,-8
18,20,0,-7
18,21,0,5
18,22,0,1
18,23,0,17
18,24,0,-14
18,25,0,15
18,26,0,-5
18,27,0,6
18,28,0,-4
18,29,0,-4
18,30,0,17
18,31,0,-9
18,32,0,-4
18,33,0,-39
18,34,0,-15
18,35,0,-6
18,36,0,23
18,37,0,5
18,38,0,14
18,39,0,-30
18,40,0,-11
18,41,0,1
18,42,0,22
18,43,0,-10
18,44,0,-19
18,45,0,7
18,46,0,7
18,47,0,-1
18,48,0,-17
18,49,0,23
18,50,0,-12
18,51,0,-26
18,52,0,-13
18,53,0,10
18,54,0,34
18,55,0,-17
18,56,0,12
18,57,0,-4
18,58,0,7
18,59,0,3
18,60,0,26
18,61,0,8
18,63,0,-15
18,64,0,16
18,65,0,2
18,66,0,-4
18,67,0,17
18,68,0,5
18,69,0,-12
18,70,0,12
18,71,0,-7
18,72,0,-2
18,73,0,-9
18,74,0,-7
18,75,0,-26
18,76,0,-32
18,77,0,7
18,78,0,-6
18,79,0,14
18,80,0,-6
18,81,0,5
18,82,0,-6
18,83,0,-6
18,84,0,-8
18,85,0,-15
18,86,0,-3
18,87,0,-2
18,88,0,-5
18,89,0,-27
18,117,0,1
19,1,0,-2
19,2,0,27
19,3,0,13
19,4,0,24
19,5,0,-8
19,6,0,17
19,7,0,8
19,8,0,-4
19,9,0,25
19,10,0,-23
19,11,0,7
19,12,0,-7
19,13,0,9
19,14,0,-17
19,15,0,-2
19,16,0,-35
19,17,0,2
19,18,0,-8
19,19,0,144
19,20,0,3
19,21,0,8
19,22,0,-6
19,23,0,-18
19,24,0,-18
19,25,0,2
19,26,0,12
19,27,0,-14
19,28,0,-5
19,29,0,-30
19,30,0,27
19,31,0,-19
19,32,0,7
19,33,0,-29
19,34,0,23
19,35,0,-18
19,36,0,-4
19,37,0,7
19,38,0,30
19,39,0,11
19,40,0,3
19,41,0,-17
19,42,0,10
19,43,0,11
19,44,0,-16
19,45,0,24
19,46,0,-14
19,47,0,-3
19,48,0,-3
19,49,0,-1
19,50,0,21
19,51,0,-11
19,52,0,-16
19,53,0,8
19,54,0,-19
19,55,0,10
19,56,0,3
19,57,0,-13
19,58,0,24
19,59,0,-7
19,60,0,13
19,61,0,21
19,62,0,9
19,63,0,-5
19,64,0,11
19,65,0,-6
19,66,0,25
19,67,0,10
19,68,0,2
19,69,0,-21
19,70,0,-18
19,71,0,-33
19,72,0,4
19,73,0,-16
19,74,0,10
19,75,0,-11
19,76,0,-5
19,77,0,8
19,78,0,-15
19,79,0,1
19,80,0,18
19,81,0,-12
19,82,0,2
19,83,0,-12
19,84,0,31
19,85,0,1
19,86,0,6
19,87,0,3
19,88,0,19
19,89,0,15
19,118,0,1
20,1,0,14
20,2,0,-6
20,3,0,9
20,4,0,-18
20,5,0,3
20,6,0,5
20,8,0,-7
20,9,0,-4
20,10,0,11
20,11,0,48
20,12,0,-24
20,13,0,-16
20,14,0,3
20,15,0,9
20,16,0,-6
20,17,0,-1
20,18,0,-7
20,19,0,3
20,20,0,114
20,21,0,-41
20,22,0,-22
20,23,0,2
20,24,0,-15
20,25,0,7
20,26,0,-19
20,27,0,3
20,28,0,9
20,29,0,10
20,30,0,5
20,31,0,-3
20,32,0,1
20,33,0,10
20,34,0,-8
20,35,0,14
20,36,0,9
20,37,0,12
20,38,0,-20
20,39,0,3
20,40,0,-21
20,41,0,-15
20,42,0,12
20,43,0,-10
20,44,0,10
20,45,0,9
20,46,0,-10
20,47,0,14
20,48,0,24
20,49,0,16
20,50,0,11
20,51,0,8
20,52,0,-11
20,53,0,-3
20,54,0,-30
20,55,0,-4
20,56,0,-2
20,57,0,-7
20,58,0,1
20,59,0,-2
20,60,0,2
20,61,0,-4
20,62,0,3
20,63,0,6
20,64,0,-19
20,65,0,-3
20,66,0,-7
20,67,0,-14
20,68,0,-19
20,69,0,22
20,70,0,-2
20,71,0,15
20,72,0,-4
20,73,0,-12
20,74,0,-2
20,75,0,2
20,76,0,-1
20,77,0,2
20,78,0,8
20,79,0,-13
20,80,0,-16
20,81,0,-1
20,82,0,-24
20,83,0,-13
20,84,0,3
20,85,0,-4
20,86,0,13
20,87,0,-4
20,88,0,-9
20,89,0,10
20,119,0,1
21,1,0,11
21,2,0,30
21,3,0,-20
21,4,0,20
21,5,0,1
21,6,0,6
21,7,0,13
21,8,0,-2
21,9,0,15
21,10,0,-27
21,11,0,-5
21,12,0,6
21,13,0,21
21,14,0,-29
21,15,0,-19
21,16,0,-3
21,17,0,-14
21,18,0,5
21,19,0,8
21,20,0,-41
21,21,0,129
21,22,0,-9
21,24,0,17
21,25,0,6
21,26,0,11
21,27,0,-13
21,28,0,41
21,29,0,14
21,30,0,18
21,31,0,6
21,32,0,1
21,33,0,8
21,34,0,6
21,35,0,2
21,36,0,-4
21,37,0,-24
21,38,0,-17
21,39,0,16
21,40,0,8
21,41,0,5
21,42,0,9
21,43,0,-19
21,44,0,3
21,45,0,-7
21,46,0,15
21,47,0,10
21,48,0,-7
21,49,0,-4
21,50,0,-14
21,51,0,-24
21,52,0,-7
21,53,0,-10
21,54,0,9
21,55,0,16
21,56,0,-2
21,57,0,20
21,58,0,-3
21,59,0,8
21,60,0,-4
21,61,0,11
21,62,0,-5
21,63,0,-10
21,64,0,-2
21,65,0,2
21,66,0,-11
21,67,0,6
21,68,0,9
21,69,0,-24
21,70,0,10
21,71,0,2
21,72,0,5
21,73,0,17
21,74,0,-29
21,75,0,9
21,76,0,-8
21,77,0,18
21,78,0,23
21,79,0,8
21,80,0,24
21,81,0,18
21,82,0,12
21,83,0,-10
21,84,0,-17
21,85,0,15
21,86,0,-17
21,87,0,2
21,88,0,9
21,89,0,-5
21,120,0,1
22,1,0,-1
22,2,0,-10
22,3,0,-22
22,4,0,-24
22,5,0,4
22,6,0,6
22,7,0,18
22,8,0,44
22,9,0,3
22,10,0,-9
22,11,0,-38
22,12,0,-6
22,13,0,-6
22,14,0,6
22,15,0,11
22,16,0,-12
22,17,0,-5
22,18,0,1
22,19,0,-6
22,20,0,-22
22,21,0,-9
22,22,0,144
22,23,0,2
22,24,0,3
22,25,0,12
22,26,0,12
22,27,0,6
22,28,0,-11
22,29,0,3
22,30,0,10
22,31,0,21
22,32,0,6
22,33,0,-23
22,34,0,-14
22,35,0,-5
22,36,0,-15
22,37,0,14
22,38,0,9
22,39,0,-27
22,40,0,9
22,41,0,12
22,42,0,-15
22,43,0,-19
22,44,0,-28
22,45,0,-23
22,47,0,21
22,48,0,-9
22,49,0,-23
22,50,0,18
22,51,0,-15
22,52,0,3
22,53,0,-2
22,55,0,3
22,56,0,-30
22,57,0,-15
22,58,0,-2
22,59,0,2
22,60,0,17
22,61,0,9
22,62,0,2
22,63,0,-14
22,64,0,-13
22,65,0,13
22,66,0,-8
22,67,0,14
22,68,0,-25
22,69,0,-5
22,70,0,-2
22,71,0,32
22,72,0,-8
22,73,0,10
22,74,0,34
22,75,0,-8
22,76,0,-14
22,77,0,16
22,78,0,2
22,79,0,-1
22,81,0,-7
22,82,0,-5
22,83,0,6
22,85,0,-28
22,86,0,-22
22,87,0,-5
22,88,0,14
22,89,0,11
22,121,0,1
23,1,0,9
23,2,0,5
23,3,0,14
23,4,0,3
23,5,0,-16
23,6,0,-15
23,7,0,-17
23,8,0,-26
23,9,0,10
23,10,0,-9
23,11,0,7
23,12,0,30
23,13,0,-9
23,14,0,-8
23,15,0,-23
23,16,0,14
23,18,0,17
23,19,0,-18
23,20,0,2
23,22,0,2
23,23,0,135
23,24,0,1
23,25,0,6
23,26,0,-1
23,27,0,16
23,28,0,19
23,29,0,20
23,30,0,-24
23,31,0,22
23,32,0,-2
23,33,0,-7
23,34,0,15
23,35,0,-5
23,36,0,-13
23,37,0,15
23,38,0,-6
23,39,0,2
23,40,0,10
23,41,0,21
23,42,0,-9
23,43,0,-4
23,44,0,9
23,45,0,9
23,46,0,-12
23,48,0,-2
23,49,0,-9
23,50,0,-11
23,51,0,-1
23,52,0,13
23,53,0,10
23,54,0,26
23,55,0,-10
23,56,0,-1
23,57,0,3
23,58,0,-10
23,59,0,24
23,60,0,10
23,61,0,-5
23,62,0,-13
23,63,0,5
23,64,0,-3
23,65,0,10
23,67,0,12
23,68,0,-20
23,69,0,-9
23,70,0,-15
23,71,0,-17
23,72,0,7
23,73,0,-5
23,74,0,-7
23,75,0,5
23,76,0,5
23,77,0,4
23,78,0,28
23,79,0,-3
23,80,0,-12
23,81,0,15
23,82,0,-3
23,83,0,4
23,84,0,-7
23,85,0,-10
23,86,0,10
23,87,0,-4
23,88,0,-14
23,89,0,-2
23,122,0,1
24,1,0,5
24,2,0,13
24,3,0,-12
24,4,0,-2
24,5,0,6
24,6,0,19
24,7,0,-3
24,8,0,-5
24,9,0,-8
24,10,0,-21
24,11,0,-11
24,12,0,17
24,13,0,-4
24,14,0,-7
24,15,0,-15
24,16,0,-12
24,17,0,-22
24,18,0,-14
24,19,0,-18
24,20,0,-15
24,21,0,17
24,22,0,3
24,23,0,1
24,24,0,109
24,25,0,-17
24,26,0,-4
24,27,0,-10
24,28,0,-6
24,29,0,24
24,30,0,-11
24,31,0,3
24,32,0,-11
24,33,0,4
24,34,0,1
24,35,0,13
24,36,0,-11
24,37,0,-14
24,38,0,7
24,40,0,-15
24,41,0,-8
24,42,0,2
24,43,0,12
24,44,0,-4
24,45,0,-17
24,46,0,2
24,47,0,21
24,48,0,-5
24,49,0,4
24,50,0,9
24,51,0,-36
24,52,0,3
24,53,0,10
24,54,0,26
24,55,0,2
24,56,0,9
24,57,0,4
24,58,0,-18
24,59,0,6
24,60,0,-12
24,61,0,-14
24,62,0,13
24,63,0,-2
24,64,0,2
24,65,0,-6
24,66,0,-7
24,67,0,4
24,68,0,-14
24,69,0,-21
24,70,0,-6
24,71,0,6
24,72,0,16
24,73,0,22
24,74,0,-30
24,75,0,1
24,76,0,7
24,78,0,16
24,79,0,22
24,80,0,-20
24,81,0,-5
24,82,0,-6
24,83,0,9
24,84,0,-14
24,85,0,16
24,86,0,-18
24,87,0,-31
24,88,0,10
24,89,0,-16
24,123,0,1
25,1,0,5
25,2,0,10
25,3,0,12
25,4,0,23
25,5,0,-3
25,6,0,2
25,7,0,-8
25,8,0,-6
25,9,0,5
25,10,0,26
25,11,0,27
25,12,0,-21
25,13,0,6
25,14,0,-14
25,15,0,18
25,16,0,16
25,17,0,-16
25,18,0,15
25,19,0,2
25,20,0,7
25,21,0,6
25,22,0,12
25,23,0,6
25,24,0,-17
25,25,0,120
25,26,0,23
25,27,0,27
25,28,0,14
25,29,0,-5
25,30,0,10
25,32,0,26
25,33,0,-21
25,34,0,1
25,35,0,-7
25,36,0,7
25,37,0,3
25,38,0,3
25,39,0,1
25,40,0,-24
25,41,0,-11
25,42,0,-5
25,43,0,-20
25,44,0,6
25,45,0,12
25,46,0,8
25,47,0,4
25,48,0,-7
25,49,0,-10
25,50,0,16
25,51,0,-12
25,52,0,-12
25,53,0,-12
25,54,0,5
25,55,0,-9
25,56,0,3
25,57,0,6
25,58,0,14
25,59,0,3
25,60,0,30
25,61,0,7
25,62,0,5
25,63,0,-7
25,64,0,-15
25,65,0,-15
25,66,0,-10
25,67,0,18
25,68,0,-5
25,69,0,6
25,71,0,-4
25,72,0,-23
25,73,0,4
25,74,0,-1
25,75,0,-4
25,77,0,-10
25,78,0,6
25,79,0,-8
25,80,0,-1
25,81,0,15
25,82,0,15
25,83,0,-5
25,84,0,4
25,85,0,-20
25,86,0,6
25,87,0,-3
25,88,0,-11
25,89,0,8
25,124,0,1
26,1,0,17
26,2,0,17
26,3,0,-19
26,4,0,16
26,5,0,-16
26,6,0,20
26,7,0,3
26,8,0,-10
26,9,0,-6
26,10,0,4
26,11,0,-33
26,12,0,15
26,13,0,12
26,14,0,15
26,15,0,4
26,16,0,1
26,17,0,-17
26,18,0,-5
26,19,0,12
26,20,0,-19
26,21,0,11
26,22,0,12
26,23,0,-1
26,24,0,-4
26,25,0,23
26,26,0,150
26,27,0,-9
26,28,0,-12
26,29,0,-15
26,30,0,21
26,31,0,10
26,32,0,-4
26,33,0,10
26,34,0,11
26,35,0,-3
26,36,0,-9
26,38,0,10
26,39,0,6
26,40,0,-18
26,41,0,-22
26,42,0,-19
26,43,0,3
26,44,0,-2
26,45,0,1
26,46,0,4
26,47,0,-7
26,48,0,6
26,49,0,14
26,50,0,-11
26,51,0,12
26,52,0,-38
26,53,0,5
26,54,0,-44
26,55,0,3
26,56,0,4
26,57,0,-2
26,58,0,18
26,59,0,6
26,60,0,3
26,61,0,22
26,62,0,-3
26,63,0,5
26,64,0,27
26,65,0,-1
26,66,0,4
26,67,0,-9
26,68,0,-1
26,69,0,8
26,70,0,-6
26,71,0,-12
26,72,0,-10
26,73,0,6
26,74,0,-7
26,75,0,5
26,76,0,19
26,77,0,-3
26,78,0,4
26,79,0,-10
26,80,0,9
26,81,0,-17
26,82,0,13
26,83,0,-3
26,84,0,-2
26,85,0,10
26,86,0,-10
26,87,0,7
26,88,0,9
26,89,0,15
26,125,0,1
27,1,0,-1
27,2,0,13
27,3,0,-17
27,4,0,-1
27,5,0,-1
27,6,0,5
27,7,0,-14
27,8,0,-12
27,9,0,-3
27,10,0,18
27,11,0,4
27,12,0,-17
27,13,0,-6
27,14,0,-11
27,15,0,14
27,16,0,19
27,17,0,-13
27,18,0,6
27,19,0,-14
27,20,0,3
27,21,0,-13
27,22,0,6
27,23,0,16
27,24,0,-10
27,25,0,27
27,26,0,-9
27,27,0,148
27,28,0,6
27,29,0,-6
27,30,0,2
27,31,0,9
27,32,0,14
27,33,0,1
27,34,0,2
27,35,0,-24
27,36,0,10
27,37,0,-18
27,38,0,7
27,39,0,5
27,40,0,-27
27,41,0,15
27,42,0,18
27,43,0,-15
27,44,0,-12
27,45,0,10
27,46,0,-5
27,47,0,6
27,48,0,-27
27,49,0,8
27,50,0,-10
27,51,0,11
27,52,0,3
27,53,0,-5
27,54,0,1
27,55,0,-19
27,56,0,12
27,57,0,-14
27,58,0,3
27,59,0,-1
27,60,0,22
27,61,0,24
27,62,0,13
27,63,0,-32
27,64,0,-11
27,65,0,-24
27,66,0,-15
27,67,0,6
27,68,0,-12
27,69,0,10
27,70,0,-4
27,71,0,2
27,72,0,29
27,73,0,-20
27,74,0,-3
27,75,0,-18
27,76,0,25
27,77,0,7
27,78,0,-22
27,79,0,-30
27,80,0,-20
27,81,0,19
27,82,0,10
27,83,0,12
27,84,0,-6
27,85,0,-20
27,86,0,-9
27,87,0,-28
27,88,0,-4
27,89,0,16
27,126,0,1
28,1,0,8
28,2,0,10
28,3,0,-10
28,4,0,8
28,5,0,2
28,6,0,-24
28,7,0,23
28,8,0,-10
28,9,0,16
28,10,0,2
28,11,0,7
28,12,0,15
28,13,0,33
28,14,0,-21
28,15,0,6
28,16,0,4
28,17,0,-18
28,18,0,-4
28,19,0,-5
28,20,0,9
28,21,0,41
28,22,0,-11
28,23,0,19
28,24,0,-6
28,25,0,14
28,26,0,-12
28,27,0,6
28,28,0,169
28,29,0,11
28,30,0,-14
28,31,0,7
28,32,0,10
28,33,0,9
28,34,0,-39
28,35,0,7
28,36,0,-14
28,37,0,1
28,38,0,-34
28,39,0,20
28,40,0,22
28,41,0,-12
28,42,0,1
28,43,0,13
28,44,0,-19
28,45,0,-6
28,46,0,9
28,47,0,7
28,49,0,2
28,50,0,-34
28,51,0,12
28,52,0,-11
28,53,0,-26
28,54,0,3
28,55,0,-19
28,56,0,-9
28,57,0,35
28,58,0,-31
28,59,0,-2
28,60,0,24
28,61,0,-12
28,62,0,22
28,63,0,-15
28,64,0,8
28,65,0,-14
28,66,0,-28
28,67,0,18
28,68,0,-2
28,69,0,12
28,70,0,-19
28,71,0,16
28,72,0,-10
28,73,0,5
28,74,0,-9
28,75,0,5
28,76,0,16
28,77,0,2
28,79,0,15
28,80,0,17
28,81,0,5
28,82,0,14
28,83,0,-45
28,84,0,-17
28,85,0,-1
28,86,0,-8
28,87,0,-5
28,88,0,-9
28,89,0,-11
28,127,0,1
29,1,0,41
29,2,0,-31
29,3,0,1
29,4,0,-8
29,5,0,-14
29,6,0,-9
29,7,0,16
29,8,0,-5
29,10,0,-18
29,11,0,-1
29,12,0,8
29,13,0,-4
29,14,0,1
29,15,0,-9
29,16,0,-15
29,17,0,-8
29,18,0,-4
29,19,0,-30
29,20,0,10
29,21,0,14
29,22,0,3
29,23,0,20
29,24,0,24
29,25,0,-5
29,26,0,-15
29,27,0,-6
29,28,0,11
29,29,0,142
29,30,0,-18
29,31,0,38
29,32,0,-1
29,33,0,-4
29,34,0,14
29,35,0,11
29,36,0,-14
29,37,0,18
29,38,0,-7
29,39,0,3
29,40,0,12
29,41,0,3
29,42,0,20
29,43,0,-10
29,44,0,-34
29,45,0,18
29,46,0,7
29,47,0,4
29,48,0,6
29,49,0,14
29,50,0,-9
29,51,0,-3
29,52,0,10
29,53,0,-15
29,54,0,7
29,55,0,-4
29,56,0,-9
29,57,0,14
29,58,0,-31
29,59,0,29
29,60,0,-15
29,61,0,-3
29,62,0,-11
29,63,0,10
29,64,0,-21
29,65,0,-6
29,66,0,-11
29,67,0,-9
29,68,0,10
29,70,0,10
29,71,0,16
29,72,0,4
29,73,0,-2
29,74,0,-18
29,76,0,15
29,77,0,26
29,78,0,10
29,79,0,20
29,80,0,10
29,81,0,30
29,82,0,4
29,83,0,18
29,84,0,-18
29,85,0,-6
29,86,0,3
29,87,0,-1
29,88,0,2
29,89,0,-19
29,128,0,1
30,1,0,-5
30,2,0,1
30,4,0,-19
30,5,0,8
30,6,0,1
30,7,0,21
30,8,0,-8
30,9,0,9
30,10,0,-17
30,11,0,4
30,12,0,-11
30,13,0,8
30,14,0,-17
30,15,0,1
30,16,0,-23
30,17,0,-10
30,18,0,17
30,19,0,27
30,20,0,5
30,21,0,18
30,22,0,10
30,23,0,-24
30,24,0,-11
30,25,0,10
30,26,0,21
30,27,0,2
30,28,0,-14
30,29,0,-18
30,30,0,152
30,31,0,-23
30,32,0,-3
30,33,0,-14
30,34,0,-1
30,35,0,-3
30,36,0,56
30,37,0,-20
30,38,0,46
30,39,0,6
30,40,0,1
30,41,0,23
30,42,0,-26
30,43,0,-27
30,44,0,-20
30,45,0,25
30,46,0,-9
30,47,0,-22
30,48,0,-2
30,49,0,31
30,50,0,-1
30,51,0,-3
30,52,0,-16
30,53,0,-21
30,54,0,-4
30,55,0,28
30,56,0,-2
30,57,0,-21
30,58,0,-12
30,59,0,18
30,60,0,-9
30,61,0,15
30,62,0,-21
30,63,0,-17
30,64,0,-1
30,65,0,16
30,66,0,2
30,67,0,10
30,68,0,-3
30,69,0,16
30,70,0,11
30,71,0,-19
30,72,0,6
30,73,0,-3
30,74,0,-12
30,75,0,-25
30,76,0,-24
30,77,0,2
30,78,0,-31
30,79,0,-7
30,80,0,15
30,81,0,-19
30,82,0,-26
30,83,0,-17
30,84,0,-15
30,85,0,-17
30,86,0,-4
30,87,0,3
30,88,0,28
30,89,0,13
30,129,0,1
31,1,0,19
31,2,0,-11
31,3,0,-41
31,4,0,1
31,5,0,-16
31,6,0,20
31,7,0,-4
31,8,0,-14
31,9,0,-9
31,10,0,6
31,11,0,-3
31,12,0,3
31,13,0,-8
31,14,0,9
31,15,0,-2
31,16,0,-5
31,17,0,-15
31,18,0,-9
31,19,0,-19
31,20,0,-3
31,21,0,6
31,22,0,21
31,23,0,22
31,24,0,3
31,26,0,10
31,27,0,9
31,28,0,7
31,29,0,38
31,30,0,-23
31,31,0,131
31,32,0,3
31,33,0,-14
31,34,0,1
31,35,0,13
31,36,0,-7
31,37,0,-2
31,38,0,-8
31,39,0,14
31,40,0,-7
31,41,0,11
31,42,0,-16
31,43,0,-16
31,44,0,-12
31,45,0,-16
31,46,0,3
31,47,0,13
31,48,0,19
31,49,0,9
31,50,0,-8
31,51,0,10
31,52,0,21
31,53,0,7
31,54,0,-1
31,55,0,12
31,56,0,18
31,57,0,-32
31,59,0,9
31,60,0,6
31,61,0,-1
31,62,0,5
31,63,0,15
31,64,0,-9
31,65,0,15
31,66,0,4
31,67,0,10
31,68,0,-11
31,69,0,10
31,70,0,-6
31,71,0,36
31,72,0,-19
31,73,0,1
31,74,0,-6
31,75,0,48
31,76,0,19
31,77,0,38
31,78,0,14
31,79,0,-5
31,80,0,-13
31,81,0,-5
31,82,0,9
31,83,0,-8
31,84,0,-3
31,85,0,5
31,86,0,-7
31,88,0,8
31,89,0,-7
31,130,0,1
32,1,0,10
32,2,0,-8
32,3,0,15
32,4,0,-4
32,5,0,-12
32,6,0,-13
32,7,0,4
32,8,0,-13
32,9,0,9
32,10,0,-14
32,12,0,-14
32,13,0,13
32,14,0,-14
32,15,0,19
32,16,0,-4
32,17,0,-11
32,18,0,-4
32,19,0,7
32,20,0,1
32,21,0,1
32,22,0,6
32,23,0,-2
32,24,0,-11
32,25,0,26
32,26,0,-4
32,27,0,14
32,28,0,10
32,29,0,-1
32,30,0,-3
32,31,0,3
32,32,0,122
32,33,0,6
32,34,0,-3
32,35,0,-8
32,36,0,10
32,37,0,-10
32,38,0,18
32,39,0,-2
32,40,0,-14
32,41,0,3
32,42,0,-17
32,43,0,-18
32,44,0,3
32,45,0,13
32,46,0,-48
32,47,0,11
32,48,0,-5
32,49,0,13
32,50,0,2
32,51,0,-23
32,52,0,9
32,53,0,25
32,54,0,1
32,55,0,4
32,56,0,-18
32,57,0,9
32,58,0,16
32,59,0,-4
32,60,0,14
32,61,0,30
32,62,0,-21
32,63,0,-26
32,64,0,-7
32,65,0,-6
32,66,0,10
32,67,0,23
32,68,0,-10
32,69,0,-11
32,70,0,14
32,71,0,-24
32,72,0,18
32,73,0,7
32,74,0,5
32,75,0,19
32,76,0,9
32,77,0,11
32,78,0,-10
32,79,0,1
32,80,0,-2
32,81,0,18
32,82,0,-6
32,83,0,-14
32,84,0,-10
32,85,0,-20
32,86,0,10
32,87,0,11
32,88,0,-31
32,89,0,1
32,131,0,1
33,1,0,14
33,2,0,16
33,3,0,19
33,4,0,19
33,5,0,26
33,6,0,-24
33,7,0,5
33,8,0,4
33,9,0,-15
33,10,0,12
33,11,0,-15
33,12,0,-13
33,13,0,10
33,14,0,1
33,15,0,-11
33,16,0,8
33,17,0,-23
33,18,0,-39
33,19,0,-29
33,20,0,10
33,21,0,8
33,22,0,-23
33,23,0,-7
33,24,0,4
33,25,0,-21
33,26,0,10
33,27,0,1
33,28,0,9
33,29,0,-4
33,30,0,-14
33,31,0,-14
33,32,0,6
33,33,0,160
33,34,0,-11
33,35,0,2
33,36,0,-15
33,37,0,3
33,38,0,-24
33,39,0,17
33,40,0,-8
33,41,0,-12
33,42,0,-46
33,43,0,7
33,44,0,10
33,45,0,-10
33,46,0,8
33,47,0,-25
33,48,0,27
33,49,0,-1
33,50,0,-5
33,51,0,11
33,52,0,1
33,53,0,23
33,54,0,-17
33,55,0,-1
33,56,0,-27
33,57,0,19
33,58,0,21
33,59,0,4
33,60,0,-25
33,61,0,7
33,62,0,1
33,63,0,3
33,64,0,22
33,65,0,10
33,66,0,-24
33,67,0,-21
33,68,0,23
33,69,0,10
33,70,0,4
33,71,0,3
33,72,0,-3
33,73,0,20
33,74,0,-1
33,75,0,12
33,76,0,-1
33,77,0,2
33,78,0,-1
33,79,0,-17
33,80,0,7
33,81,0,-10
33,82,0,-21
33,83,0,-9
33,84,0,-21
33,85,0,-10
33,86,0,2
33,87,0,-7
33,88,0,-25
33,89,0,29
33,132,0,1
34,1,0,4
34,2,0,3
34,3,0,5
34,4,0,16
34,5,0,-12
34,6,0,-15
34,7,0,-12
34,9,0,6
34,10,0,-14
34,11,0,-4
34,12,0,-9
34,13,0,-24
34,14,0,-6
34,15,0,13
34,16,0,-8
34,17,0,-5
34,18,0,-15
34,19,0,23
34,20,0,-8
34,21,0,6
34,22,0,-14
34,23,0,15
34,24,0,1
34,25,0,1
34,26,0,11
34,27,0,2
34,28,0,-39
34,29,0,14
34,30,0,-1
34,31,0,1
34,32,0,-3
34,33,0,-11
34,34,0,113
34,35,0,3
34,36,0,-13
34,37,0,9
34,38,0,15
34,39,0,-2
34,40,0,10
34,41,0,8
34,42,0,18
34,43,0,14
34,44,0,3
34,45,0,11
34,46,0,19
34,47,0,2
34,48,0,1
34,49,0,6
34,50,0,-8
34,51,0,-20
34,52,0,7
34,53,0,16
34,54,0,-17
34,55,0,7
34,56,0,9
34,57,0,-10
34,58,0,-2
34,59,0,12
34,60,0,9
34,61,0,-5
34,62,0,-13
34,63,0,-2
34,64,0,6
34,65,0,6
34,66,0,9
34,67,0,-13
34,68,0,6
34,69,0,-15
34,70,0,-11
34,71,0,-6
34,72,0,21
34,73,0,-7
34,74,0,-9
34,75,0,-2
34,77,0,12
34,78,0,-1
34,79,0,-24
34,80,0,1
34,81,0,27
34,83,0,32
34,84,0,1
34,85,0,4
34,86,0,7
34,87,0,-3
34,88,0,8
34,89,0,2
34,133,0,1
35,1,0,19
35,2,0,-17
35,3,0,-12
35,4,0,-26
35,5,0,-3
35,6,0,-6
35,7,0,14
35,8,0,-20
35,9,0,6
35,10,0,-1
35,11,0,31
35,12,0,-6
35,13,0,6
35,14,0,15
35,16,0,-5
35,17,0,21
35,18,0,-6
35,19,0,-18
35,20,0,14
35,21,0,2
35,22,0,-5
35,23,0,-5
35,24,0,13
35,25,0,-7
35,26,0,-3
35,27,0,-24
35,28,0,7
35,29,0,11
35,30,0,-3
35,31,0,13
35,32,0,-8
35,33,0,2
35,34,0,3
35,35,0,111
35,36,0,10
35,37,0,23
35,38,0,1
35,39,0,17
35,40,0,-18
35,41,0,-6
35,42,0,5
35,43,0,17
35,44,0,4
35,45,0,-18
35,46,0,18
35,47,0,10
35,48,0,18
35,49,0,17
35,50,0,-16
35,51,0,-14
35,52,0,22
35,53,0,-4
35,54,0,-3
35,55,0,-5
35,56,0,14
35,57,0,-7
35,58,0,-10
35,59,0,-13
35,60,0,-27
35,61,0,-7
35,62,0,-2
35,63,0,-11
35,64,0,-26
35,65,0,13
35,66,0,-6
35,68,0,-9
35,69,0,13
35,70,0,-11
35,71,0,23
35,72,0,13
35,73,0,13
35,74,0,4
35,75,0,18
35,76,0,4
35,77,0,23
35,78,0,20
35,79,0,12
35,80,0,-7
35,81,0,11
35,82,0,-11
35,83,0,-17
35,84,0,-16
35,85,0,20
35,86,0,-9
35,87,0,-11
35,88,0,32
35,89,0,-3
35,134,0,1
36,1,0,-11
36,2,0,-6
36,3,0,13
36,4,0,-21
36,5,0,6
36,6,0,5
36,7,0,10
36,8,0,-10
36,9,0,12
36,10,0,-7
36,11,0,19
36,12,0,-30
36,13,0,15
36,14,0,-15
36,15,0,-11
36,16,0,4
36,17,0,21
36,18,0,23
36,19,0,-4
36,20,0,9
36,21,0,-4
36,22,0,-15
36,23,0,-13
36,24,0,-11
36,25,0,7
36,26,0,-9
36,27,0,10
36,28,0,-14
36,29,0,-14
36,30,0,56
36,31,0,-7
36,32,0,10
36,33,0,-15
36,34,0,-13
36,35,0,10
36,36,0,134
36,37,0,-2
36,38,0,33
36,39,0,6
36,40,0,9
36,41,0,13
36,42,0,-16
36,43,0,-3
36,44,0,32
36,45,0,12
36,46,0,13
36,47,0,-27
36,48,0,-4
36,49,0,3
36,50,0,1
36,52,0,-13
36,54,0,11
36,55,0,-17
36,56,0,3
36,57,0,-28
36,58,0,13
36,59,0,4
36,60,0,-14
36,61,0,9
36,62,0,-13
36,63,0,10
36,64,0,-7
36,65,0,16
36,66,0,2
36,67,0,-10
36,68,0,-24
36,69,0,7
36,70,0,-1
36,71,0,-6
36,72,0,-11
36,73,0,4
36,74,0,-23
36,75,0,-1
36,76,0,12
36,77,0,6
36,78,0,-7
36,79,0,21
36,80,0,-3
36,81,0,6
36,82,0,-5
36,83,0,11
36,84,0,-28
36,85,0,10
36,86,0,2
36,87,0,-6
36,88,0,3
36,89,0,-12
36,135,0,1
37,1,0,24
37,2,0,-4
37,3,0,-4
37,4,0,-4
37,5,0,2
37,6,0,-25
37,7,0,-23
37,9,0,32
37,10,0,-27
37,11,0,-13
37,12,0,-22
37,13,0,-11
37,14,0,16
37,15,0,19
37,16,0,19
37,17,0,29
37,18,0,5
37,19,0,7
37,20,0,12
37,21,0,-24
37,22,0,14
37,23,0,15
37,24,0,-14
37,25,0,3
37,27,0,-18
37,28,0,1
37,29,0,18
37,30,0,-20
37,31,0,-2
37,32,0,-10
37,33,0,3
37,34,0,9
37,35,0,23
37,36,0,-2
37,37,0,146
37,38,0,-16
37,39,0,12
37,40,0,-6
37,41,0,-7
37,42,0,-3
37,43,0,5
37,44,0,-18
37,45,0,-12
37,46,0,26
37,47,0,-6
37,48,0,21
37,49,0,-3
37,50,0,-4
37,51,0,-3
37,52,0,-10
37,53,0,-1
37,54,0,-14
37,55,0,-21
37,56,0,10
37,57,0,6
37,58,0,-7
37,59,0,-9
37,60,0,-9
37,61,0,11
37,62,0,-44
37,63,0,-1
37,64,0,5
37,65,0,17
37,66,0,-5
37,67,0,-3
37,68,0,-22
37,69,0,-1
37,70,0,-3
37,71,0,8
37,72,0,9
37,73,0,-24
37,74,0,-18
37,75,0,-1
37,76,0,2
37,77,0,-26
37,78,0,-11
37,79,0,2
37,80,0,-2
37,81,0,5
37,82,0,-4
37,83,0,-19
37,84,0,-8
37,86,0,8
37,87,0,-4
37,88,0,6
37,89,0,-9
37,136,0,1
38,1,0,5
38,2,0,-13
38,3,0,8
38,4,0,-18
38,5,0,-20
38,6,0,20
38,7,0,19
38,8,0,-16
38,10,0,4
38,11,0,3
38,12,0,-13
38,13,0,11
38,14,0,-4
38,15,0,19
38,16,0,-22
38,17,0,-8
38,18,0,14
38,19,0,30
38,20,0,-20
38,21,0,-17
38,22,0,9
38,23,0,-6
38,24,0,7
38,25,0,3
38,26,0,10
38,27,0,7
38,28,0,-34
38,29,0,-7
38,30,0,46
38,31,0,-8
38,32,0,18
38,33,0,-24
38,34,0,15
38,35,0,1
38,36,0,33
38,37,0,-16
38,38,0,137
38,39,0,1
38,40,0,-1
38,41,0,-2
38,42,0,-15
38,43,0,7
38,44,0,18
38,45,0,35
38,46,0,-18
38,47,0,-5
38,48,0,-3
38,49,0,1
38,50,0,13
38,51,0,-22
38,52,0,3
38,53,0,13
38,54,0,4
38,55,0,15
38,56,0,4
38,57,0,-11
38,58,0,-9
38,59,0,15
38,60,0,18
38,61,0,-16
38,62,0,-13
38,63,0,-18
38,64,0,23
38,65,0,-29
38,66,0,14
38,67,0,11
38,68,0,8
38,69,0,-12
38,70,0,-12
38,71,0,-30
38,72,0,-7
38,73,0,-10
38,74,0,4
38,75,0,-21
38,76,0,-9
38,77,0,3
38,78,0,-24
38,79,0,11
38,80,0,-7
38,81,0,-3
38,82,0,-15
38,83,0,21
38,84,0,11
38,85,0,-23
38,86,0,-23
38,87,0,-2
38,88,0,27
38,89,0,18
38,137,0,1
39,1,0,13
39,2,0,-5
39,3,0,-6
39,4,0,50
39,5,0,-3
39,6,0,-22
39,7,0,23
39,8,0,-19
39,9,0,-2
39,10,0,-17
39,11,0,33
39,12,0,-8
39,13,0,5
39,14,0,-19
39,15,0,-21
39,16,0,8
39,17,0,-1
39,18,0,-30
39,19,0,11
39,20,0,3
39,21,0,16
39,22,0,-27
39,23,0,2
39,25,0,1
39,26,0,6
39,27,0,5
39,28,0,20
39,29,0,3
39,30,0,6
39,31,0,14
39,32,0,-2
39,33,0,17
39,34,0,-2
39,35,0,17
39,36,0,6
39,37,0,12
39,38,0,1
39,39,0,126
39,40,0,-9
39,41,0,3
39,42,0,-5
39,43,0,-4
39,44,0,4
39,45,0,-7
39,46,0,-8
39,47,0,-12
39,48,0,11
39,49,0,-8
39,50,0,-10
39,51,0,9
39,52,0,5
39,53,0,-10
39,54,0,-8
39,55,0,3
39,56,0,9
39,57,0,-4
39,58,0,-7
39,59,0,10
39,60,0,-1
39,61,0,15
39,62,0,9
39,63,0,-11
39,64,0,-3
39,65,0,-2
39,66,0,11
39,67,0,-5
39,68,0,20
39,69,0,-6
39,70,0,-14
39,71,0,-13
39,72,0,-8
39,73,0,-9
39,74,0,-17
39,75,0,3
39,76,0,21
39,77,0,13
39,78,0,18
39,79,0,-7
39,80,0,1
39,81,0,-7
39,82,0,-23
39,83,0,-17
39,84,0,-2
39,85,0,34
39,86,0,21
39,87,0,-23
39,88,0,2
39,89,0,16
39,138,0,1
40,1,0,-28
40,2,0,10
40,3,0,7
40,5,0,-2
40,6,0,7
40,7,0,-11
40,8,0,6
40,9,0,-17
40,10,0,-10
40,11,0,-9
40,12,0,5
40,13,0,-5
40,15,0,-11
40,16,0,11
40,17,0,-3
40,18,0,-11
40,19,0,3
40,20,0,-21
40,21,0,8
40,22,0,9
40,23,0,10
40,24,0,-15
40,25,0,-24
40,26,0,-18
40,27,0,-27
40,28,0,22
40,29,0,12
40,30,0,1
40,31,0,-7
40,32,0,-14
40,33,0,-8
40,34,0,10
40,35,0,-18
40,36,0,9
40,37,0,-6
40,38,0,-1
40,39,0,-9
40,40,0,157
40,41,0,23
40,42,0,3
40,43,0,-9
40,44,0,-24
40,45,0,26
40,46,0,8
40,47,0,-18
40,48,0,-17
40,49,0,-13
40,50,0,6
40,51,0,10
40,52,0,15
40,53,0,-9
40,54,0,30
40,55,0,28
40,56,0,-8
40,57,0,16
40,58,0,14
40,59,0,-24
40,60,0,-7
40,61,0,-7
40,62,0,-12
40,63,0,14
40,64,0,-2
40,65,0,14
40,66,0,-5
40,67,0,8
40,68,0,4
40,69,0,14
40,70,0,-14
40,71,0,-4
40,72,0,2
40,73,0,9
40,74,0,22
40,75,0,-6
40,76,0,-6
40,77,0,18
40,78,0,-10
40,79,0,7
40,80,0,-15
40,81,0,5
40,82,0,2
40,83,0,3
40,84,0,-7
40,85,0,5
40,86,0,-5
40,87,0,-4
40,88,0,-10
40,89,0,-3
40,139,0,1
41,1,0,-5
41,2,0,8
41,3,0,4
41,4,0,-1
41,5,0,-6
41,6,0,3
41,7,0,-27
41,8,0,-11
41,9,0,1
41,10,0,-8
41,11,0,-4
41,12,0,7
41,13,0,-16
41,14,0,23
41,15,0,21
41,16,0,-4
41,18,0,1
41,19,0,-17
41,20,0,-15
41,21,0,5
41,22,0,12
41,23,0,21
41,24,0,-8
41,25,0,-11
41,26,0,-22
41,27,0,15
41,28,0,-12
41,29,0,3
41,30,0,23
41,31,0,11
41,32,0,3
41,33,0,-12
41,34,0,8
41,35,0,-6
41,36,0,13
41,37,0,-7
41,38,0,-2
41,39,0,3
41,40,0,23
41,41,0,144
41,42,0,23
41,43,0,-11
41,44,0,-19
41,45,0,-19
41,46,0,-8
41,47,0,9
41,48,0,-26
41,49,0,5
41,50,0,-33
41,51,0,3
41,52,0,14
41,53,0,-9
41,54,0,24
41,55,0,-11
41,56,0,-11
41,57,0,-20
41,58,0,3
41,59,0,6
41,60,0,-12
41,61,0,22
41,62,0,-20
41,63,0,-37
41,64,0,-17
41,65,0,10
41,66,0,37
41,67,0,12
41,68,0,-10
41,69,0,-5
41,70,0,-24
41,71,0,3
41,72,0,10
41,73,0,1
41,74,0,12
41,75,0,15
41,76,0,-19
41,77,0,11
41,78,0,-18
41,79,0,8
41,82,0,-8
41,83,0,19
41,84,0,-7
41,85,0,3
41,86,0,11
41,87,0,-35
41,88,0,-7
41,89,0,13
41,140,0,1
42,1,0,2
42,2,0,-4
42,3,0,-18
42,4,0,-1
42,5,0,-14
42,6,0,8
42,7,0,-23
42,8,0,-3
42,9,0,5
42,10,0,1
42,11,0,21
42,12,0,-9
42,13,0,-9
42,14,0,3
42,15,0,11
42,16,0,-3
42,17,0,30
42,18,0,22
42,19,0,10
42,20,0,12
42,21,0,9
42,22,0,-15
42,23,0,-9
42,24,0,2
42,25,0,-5
42,26,0,-19
42,27,0,18
42,28,0,1
42,29,0,20
42,30,0,-26
42,31,0,-16
42,32,0,-17
42,33,0,-46
42,34,0,18
42,35,0,5
42,36,0,-16
42,37,0,-3
42,38,0,-15
42,39,0,-5
42,40,0,3
42,41,0,23
42,42,0,135
42,43,0,-7
42,44,0,-17
42,45,0,-2
42,47,0,5
42,48,0,-35
42,49,0,-9
42,50,0,-24
42,51,0,-17
42,52,0,-1
42,53,0,-12
42,54,0,9
42,55,0,-11
42,56,0,-11
42,58,0,-16
42,59,0,-26
42,60,0,-9
42,61,0,11
42,62,0,16
42,63,0,-15
42,64,0,-21
42,65,0,-18
42,66,0,8
42,67,0,-8
42,68,0,10
42,69,0,-16
42,70,0,-32
42,71,0,13
42,72,0,31
42,73,0,-30
42,74,0,-4
42,75,0,-4
42,76,0,13
42,77,0,20
42,78,0,-3
42,79,0,26
42,80,0,3
42,81,0,17
42,82,0,17
42,83,0,22
42,84,0,27
42,85,0,25
42,86,0,4
42,87,0,-8
42,88,0,10
42,89,0,-10
42,141,0,1
43,1,0,-3
43,2,0,-9
43,3,0,-17
43,4,0,-22
43,5,0,1
43,6,0,-8
43,7,0,4
43,8,0,16
43,9,0,-11
43,10,0,1
43,11,0,4
43,12,0,-6
43,13,0,-3
43,14,0,19
43,15,0,12
43,16,0,-11
43,17,0,-9
43,18,0,-10
43,19,0,11
43,20,0,-10
43,21,0,-19
43,22,0,-19
43,23,0,-4
43,24,0,12
43,25,0,-20
43,26,0,3
43,27,0,-15
43,28,0,13
43,29,0,-10
43,30,0,-27
43,31,0,-16
43,32,0,-18
43,33,0,7
43,34,0,14
43,35,0,17
43,36,0,-3
43,37,0,5
43,38,0,7
43,39,0,-4
43,40,0,-9
43,41,0,-11
43,42,0,-7
43,43,0,130
43,44,0,-8
43,45,0,-5
43,46,0,18
43,47,0,-3
43,48,0,10
43,49,0,5
43,50,0,-1
43,51,0,16
43,52,0,-8
43,53,0,12
43,54,0,-11
43,55,0,-9
43,56,0,-3
43,57,0,-6
43,58,0,-2
43,59,0,-10
43,60,0,-5
43,61,0,-21
43,62,0,10
43,63,0,-6
43,64,0,32
43,65,0,9
43,66,0,10
43,68,0,17
43,69,0,10
43,70,0,-20
43,71,0,33
43,72,0,11
43,73,0,7
43,75,0,11
43,76,0,25
43,77,0,-14
43,78,0,5
43,79,0,6
43,80,0,6
43,81,0,8
43,82,0,-11
43,83,0,-13
43,84,0,-15
43,85,0,10
43,86,0,2
43,87,0,-12
43,88,0,2
43,89,0,-9
43,142,0,1
44,1,0,2
44,2,0,12
44,3,0,5
44,4,0,20
44,5,0,-1
44,6,0,-12
44,7,0,13
44,8,0,-8
44,9,0,-3
44,10,0,-9
44,11,0,18
44,12,0,-4
44,15,0,-18
44,16,0,3
44,17,0,19
44,18,0,-19
44,19,0,-16
44,20,0,10
44,21,0,3
44,22,0,-28
44,23,0,9
44,24,0,-4
44,25,0,6
44,26,0,-2
44,27,0,-12
44,28,0,-19
44,29,0,-34
44,30,0,-20
44,31,0,-12
44,32,0,3
44,33,0,10
44,34,0,3
44,35,0,4
44,36,0,32
44,37,0,-18
44,38,0,18
44,39,0,4
44,40,0,-24
44,41,0,-19
44,42,0,-17
44,43,0,-8
44,44,0,148
44,45,0,10
44,46,0,-2
44,47,0,4
44,48,0,10
44,49,0,-30
44,50,0,24
44,51,0,13
44,52,0,-12
44,53,0,-29
44,54,0,-1
44,55,0,3
44,56,0,-3
44,57,0,-16
44,58,0,15
44,59,0,22
44,60,0,3
44,61,0,-36
44,62,0,-2
44,63,0,2
44,64,0,13
44,65,0,-8
44,66,0,14
44,67,0,-13
44,68,0,-10
44,69,0,-11
44,70,0,-2
44,71,0,-16
44,72,0,-38
44,73,0,-2
44,74,0,4
44,75,0,21
44,76,0,-1
44,77,0,-1
44,78,0,10
44,79,0,7
44,80,0,-2
44,81,0,3
44,82,0,-10
44,83,0,19
44,84,0,-10
44,85,0,32
44,86,0,9
44,87,0,-1
44,88,0,13
44,89,0,-11
44,143,0,1
45,1,0,33
45,2,0,-19
45,3,0,10
45,4,0,-3
45,5,0,-4
45,6,0,5
45,7,0,-7
45,8,0,-5
45,9,0,8
45,10,0,-4
45,12,0,7
45,13,0,4
45,14,0,-28
45,15,0,-10
45,16,0,-1
45,17,0,-31
45,18,0,7
45,19,0,24
45,20,0,9
45,21,0,-7
45,22,0,-23
45,23,0,9
45,24,0,-17
45,25,0,12
45,26,0,1
45,27,0,10
45,28,0,-6
45,29,0,18
45,30,0,25
45,31,0,-16
45,32,0,13
45,33,0,-10
45,34,0,11
45,35,0,-18
45,36,0,12
45,37,0,-12
45,38,0,35
45,39,0,-7
45,40,0,26
45,41,0,-19
45,42,0,-2
45,43,0,-5
45,44,0,10
45,45,0,154
45,46,0,-14
45,47,0,-4
45,48,0,2
45,49,0,22
45,50,0,10
45,51,0,4
45,52,0,-7
45,53,0,4
45,54,0,-14
45,55,0,-2
45,56,0,-13
45,57,0,7
45,58,0,-9
45,59,0,-8
45,60,0,8
45,61,0,-12
45,62,0,5
45,63,0,25
45,64,0,-5
45,65,0,-20
45,67,0,9
45,68,0,21
45,69,0,-9
45,70,0,13
45,71,0,-24
45,72,0,-6
45,73,0,-7
45,74,0,-7
45,75,0,-13
45,76,0,14
45,77,0,7
45,78,0,-17
45,79,0,1
45,80,0,-2
45,81,0,-1
45,82,0,14
45,83,0,8
45,84,0,-30
45,85,0,-26
45,86,0,-16
45,87,0,16
45,88,0,-3
45,89,0,25
45,144,0,1
46,1,0,-8
46,2,0,3
46,3,0,-16
46,4,0,12
46,5,0,27
46,6,0,3
46,7,0,-5
46,8,0,33
46,9,0,-11
46,10,0,3
46,11,0,-9
46,12,0,-11
46,14,0,22
46,15,0,-3
46,16,0,14
46,17,0,10
46,18,0,7
46,19,0,-14
46,20,0,-10
46,21,0,15
46,23,0,-12
46,24,0,2
46,25,0,8
46,26,0,4
46,27,0,-5
46,28,0,9
46,29,0,7
46,30,0,-9
46,31,0,3
46,32,0,-48
46,33,0,8
46,34,0,19
46,35,0,18
46,36,0,13
46,37,0,26
46,38,0,-18
46,39,0,-8
46,40,0,8
46,41,0,-8
46,43,0,18
46,44,0,-2
46,45,0,-14
46,46,0,126
46,47,0,-3
46,48,0,21
46,49,0,4
46,50,0,2
46,51,0,-1
46,52,0,-17
46,53,0,-6
46,54,0,-1
46,55,0,2
46,56,0,-1
46,57,0,-15
46,58,0,2
46,59,0,-24
46,60,0,1
46,61,0,-5
46,62,0,19
46,63,0,12
46,64,0,-2
46,65,0,21
46,66,0,-33
46,67,0,-13
46,68,0,18
46,69,0,20
46,70,0,-3
46,71,0,18
46,72,0,9
46,73,0,1
46,74,0,-21
46,75,0,1
46,76,0,-4
46,77,0,-14
46,78,0,7
46,79,0,4
46,80,0,-10
46,81,0,3
46,82,0,17
46,83,0,-8
46,84,0,-17
46,85,0,17
46,86,0,-10
46,87,0,-14
46,88,0,1
46,89,0,-9
46,145,0,1
47,1,0,5
47,2,0,-18
47,3,0,-10
47,4,0,-4
47,5,0,-7
47,6,0,12
47,7,0,-5
47,8,0,20
47,9,0,4
47,10,0,-15
47,11,0,7
47,12,0,14
47,13,0,1
47,14,0,7
47,15,0,1
47,16,0,8
47,17,0,-3
47,18,0,-1
47,19,0,-3
47,20,0,14
47,21,0,10
47,22,0,21
47,24,0,21
47,25,0,4
47,26,0,-7
47,27,0,6
47,28,0,7
47,29,0,4
47,30,0,-22
47,31,0,13
47,32,0,11
47,33,0,-25
47,34,0,2
47,35,0,10
47,36,0,-27
47,37,0,-6
47,38,0,-5
47,39,0,-12
47,40,0,-18
47,41,0,9
47,42,0,5
47,43,0,-3
47,44,0,4
47,45,0,-4
47,46,0,-3
47,47,0,125
47,48,0,3
47,49,0,4
47,50,0,-8
47,51,0,-25
47,52,0,-4
47,53,0,-15
47,54,0,24
47,55,0,7
47,56,0,31
47,57,0,-2
47,58,0,-14
47,59,0,-4
47,60,0,-2
47,61,0,-11
47,62,0,22
47,63,0,-5
47,64,0,-12
47,65,0,-13
47,66,0,5
47,67,0,-1
47,68,0,-9
47,69,0,-31
47,70,0,2
47,71,0,15
47,72,0,23
47,74,0,-14
47,75,0,24
47,76,0,-3
47,77,0,12
47,78,0,-12
47,79,0,6
47,80,0,-22
47,81,0,17
47,82,0,-23
47,83,0,-9
47,84,0,1
47,85,0,-2
47,86,0,-8
47,87,0,-22
47,88,0,18
47,89,0,10
47,146,0,1
48,1,0,4
48,2,0,-6
48,3,0,3
48,4,0,12
48,5,0,11
48,6,0,-19
48,7,0,6
48,8,0,11
48,9,0,2
48,10,0,7
48,11,0,-6
48,12,0,-11
48,13,0,-14
48,14,0,4
48,15,0,20
48,16,0,-7
48,17,0,-10
48,18,0,-17
48,19,0,-3
48,20,0,24
48,21,0,-7
48,22,0,-9
48,23,0,-2
48,24,0,-5
48,25,0,-7
48,26,0,6
48,27,0,-27
48,29,0,6
48,30,0,-2
48,31,0,19
48,32,0,-5
48,33,0,27
48,34,0,1
48,35,0,18
48,36,0,-4
48,37,0,21
48,38,0,-3
48,39,0,11
48,40,0,-17
48,41,0,-26
48,42,0,-35
48,43,0,10
48,44,0,10
48,45,0,2
48,46,0,21
48,47,0,3
48,48,0,121
48,49,0,-4
48,50,0,10
48,51,0,-6
48,52,0,21
48,53,0,-5
48,54,0,-31
48,55,0,13
48,56,0,-3
48,57,0,-8
48,58,0,12
48,60,0,-1
48,61,0,-14
48,62,0,16
48,63,0,17
48,64,0,8
48,65,0,11
48,66,0,-7
48,67,0,-12
48,68,0,8
48,69,0,17
48,70,0,17
48,71,0,-7
48,72,0,-13
48,73,0,15
48,74,0,5
48,75,0,12
48,76,0,26
48,77,0,-11
48,78,0,28
48,79,0,-8
48,80,0,11
48,82,0,-8
48,83,0,-17
48,84,0,-20
48,85,0,8
48,86,0,-10
48,87,0,9
48,88,0,18
48,89,0,4
48,147,0,1
49,1,0,45
49,2,0,13
49,3,0,16
49,4,0,-23
49,5,0,22
49,6,0,5
49,7,0,16
49,8,0,-16
49,9,0,3
49,10,0,14
49,11,0,-11
49,12,0,14
49,13,0,-17
49,14,0,7
49,15,0,-2
49,16,0,-14
49,17,0,-8
49,18,0,23
49,19,0,-1
49,20,0,16
49,21,0,-4
49,22,0,-23
49,23,0,-9
49,24,0,4
49,25,0,-10
49,26,0,14
49,27,0,8
49,28,0,2
49,29,0,14
49,30,0,31
49,31,0,9
49,32,0,13
49,33,0,-1
49,34,0,6
49,35,0,17
49,36,0,3
49,37,0,-3
49,38,0,1
49,39,0,-8
49,40,0,-13
49,41,0,5
49,42,0,-9
49,43,0,5
49,44,0,-30
49,45,0,22
49,46,0,4
49,47,0,4
49,48,0,-4
49,49,0,149
49,50,0,-21
49,51,0,-9
49,52,0,-3
49,53,0,9
49,54,0,-10
49,55,0,4
49,56,0,24
49,57,0,5
49,58,0,-10
49,59,0,-8
49,60,0,-17
49,61,0,-5
49,62,0,-3
49,63,0,-33
49,64,0,-19
49,65,0,-14
49,66,0,13
49,67,0,4
49,68,0,-10
49,69,0,-3
49,70,0,5
49,71,0,26
49,73,0,-21
49,74,0,-1
49,75,0,17
49,76,0,-12
49,77,0,18
49,78,0,-9
49,79,0,-3
49,80,0,3
49,81,0,-10
49,82,0,-5
49,83,0,-20
49,84,0,-15
49,85,0,1
49,86,0,20
49,87,0,-9
49,88,0,-17
49,89,0,-23
49,148,0,1
50,1,0,-9
50,2,0,4
50,3,0,15
50,4,0,-1
50,5,0,24
50,6,0,1
50,8,0,12
50,9,0,-1
50,10,0,4
50,11,0,30
50,12,0,-18
50,13,0,-1
50,14,0,-22
50,15,0,12
50,16,0,-8
50,17,0,7
50,18,0,-12
50,19,0,21
50,20,0,11
50,21,0,-14
50,22,0,18
50,23,0,-11
50,24,0,9
50,25,0,16
50,26,0,-11
50,27,0,-10
50,28,0,-34
50,29,0,-9
50,30,0,-1
50,31,0,-8
50,32,0,2
50,33,0,-5
50,34,0,-8
50,35,0,-16
50,36,0,1
50,37,0,-4
50,38,0,13
50,39,0,-10
50,40,0,6
50,41,0,-33
50,42,0,-24
50,43,0,-1
50,44,0,24
50,45,0,10
50,46,0,2
50,47,0,-8
50,48,0,10
50,49,0,-21
50,50,0,118
50,51,0,2
50,52,0,-9
50,53,0,21
50,54,0,-13
50,55,0,9
50,56,0,-10
50,57,0,-30
50,58,0,15
50,59,0,-12
50,60,0,4
50,61,0,-16
50,62,0,-8
50,63,0,17
50,64,0,-13
50,65,0,10
50,66,0,3
50,67,0,-13
50,68,0,6
50,69,0,28
50,70,0,-2
50,71,0,8
50,72,0,-42
50,73,0,26
50,74,0,2
50,75,0,-22
50,76,0,-8
50,77,0,-7
50,78,0,12
50,79,0,2
50,80,0,-26
50,81,0,-7
50,82,0,16
50,83,0,-5
50,84,0,-4
50,85,0,-6
50,86,0,-10
50,87,0,4
50,88,0,7
50,89,0,10
50,149,0,1
51,1,0,7
51,2,0,-24
51,3,0,6
51,4,0,3
51,5,0,-7
51,6,0,-4
51,7,0,-8
51,8,0,15
51,10,0,19
51,11,0,-1
51,12,0,11
51,13,0,1
51,14,0,8
51,15,0,-22
51,16,0,-2
51,17,0,-19
51,18,0,-26
51,19,0,-11
51,20,0,8
51,21,0,-24
51,22,0,-15
51,23,0,-1
51,24,0,-36
51,25,0,-12
51,26,0,12
51,27,0,11
51,28,0,12
51,29,0,-3
51,30,0,-3
51,31,0,10
51,32,0,-23
51,33,0,11
51,34,0,-20
51,35,0,-14
51,37,0,-3
51,38,0,-22
51,39,0,9
51,40,0,10
51,41,0,3
51,42,0,-17
51,43,0,16
51,44,0,13
51,45,0,4
51,46,0,-1
51,47,0,-25
51,48,0,-6
51,49,0,-9
51,50,0,2
51,51,0,134
51,52,0,-5
51,53,0,-30
51,54,0,-9
51,55,0,7
51,56,0,8
51,57,0,-6
51,58,0,-9
51,59,0,-8
51,60,0,6
51,61,0,9
51,62,0,-9
51,63,0,14
51,64,0,9
51,65,0,-3
51,66,0,11
51,67,0,-12
51,68,0,-8
51,69,0,27
51,70,0,-8
51,71,0,7
51,72,0,-11
51,73,0,6
51,75,0,13
51,76,0,5
51,77,0,-16
51,78,0,-2
51,79,0,-11
51,80,0,15
51,81,0,-2
51,82,0,1
51,83,0,12
51,84,0,16
51,85,0,12
51,86,0,-1
51,87,0,-18
51,88,0,-14
51,89,0,6
51,150,0,1
52,1,0,-4
52,2,0,-13
52,3,0,8
52,4,0,-8
52,5,0,3
52,6,0,13
52,7,0,17
52,8,0,-28
52,9,0,-19
52,10,0,-2
52,11,0,3
52,12,0,-10
52,13,0,-14
52,14,0,20
52,15,0,-1
52,16,0,11
52,17,0,-5
52,18,0,-13
52,19,0,-16
52,20,0,-11
52,21,0,-7
52,22,0,3
52,23,0,13
52,24,0,3
52,25,0,-12
52,26,0,-38
52,27,0,3
52,28,0,-11
52,29,0,10
52,30,0,-16
52,31,0,21
52,32,0,9
52,33,0,1
52,34,0,7
52,35,0,22
52,36,0,-13
52,37,0,-10
52,38,0,3
52,39,0,5
52,40,0,15
52,41,0,14
52,42,0,-1
52,43,0,-8
52,44,0,-12
52,45,0,-7
52,46,0,-17
52,47,0,-4
52,48,0,21
52,49,0,-3
52,50,0,-9
52,51,0,-5
52,52,0,135
52,53,0,11
52,54,0,28
52,55,0,25
52,56,0,4
52,57,0,1
52,58,0,-10
52,59,0,-13
52,60,0,-27
52,61,0,3
52,62,0,5
52,63,0,-10
52,64,0,-12
52,65,0,-11
52,66,0,3
52,67,0,4
52,69,0,-10
52,70,0,5
52,71,0,5
52,72,0,18
52,73,0,4
52,74,0,26
52,75,0,1
52,76,0,1
52,77,0,20
52,78,0,27
52,79,0,-4
52,80,0,-2
52,81,0,2
52,82,0,-17
52,83,0,10
52,84,0,33
52,85,0,3
52,86,0,5
52,87,0,-14
52,88,0,18
52,89,0,-14
52,151,0,1
53,1,0,2
53,2,0,-18
53,3,0,10
53,4,0,-14
53,5,0,-13
53,6,0,10
53,7,0,7
53,8,0,-5
53,9,0,-15
53,10,0,22
53,11,0,-10
53,12,0,15
53,13,0,-21
53,14,0,2
53,15,0,9
53,16,0,11
53,17,0,-2
53,18,0,10
53,19,0,8
53,20,0,-3
53,21,0,-10
53,22,0,-2
53,23,0,10
53,24,0,10
53,25,0,-12
53,26,0,5
53,27,0,-5
53,28,0,-26
53,29,0,-15
53,30,0,-21
53,31,0,7
53,32,0,25
53,33,0,23
53,34,0,16
53,35,0,-4
53,37,0,-1
53,38,0,13
53,39,0,-10
53,40,0,-9
53,41,0,-9
53,42,0,-12
53,43,0,12
53,44,0,-29
53,45,0,4
53,46,0,-6
53,47,0,-15
53,48,0,-5
53,49,0,9
53,50,0,21
53,51,0,-30
53,52,0,11
53,53,0,126
53,54,0,-6
53,56,0,-5
53,57,0,9
53,58,0,23
53,59,0,-23
53,60,0,4
53,61,0,7
53,62,0,-1
53,63,0,22
53,64,0,2
53,66,0,7
53,67,0,-6
53,68,0,-12
53,69,0,-7
53,70,0,2
53,71,0,9
53,72,0,-9
53,74,0,-10
53,75,0,-10
53,76,0,-1
53,77,0,2
53,78,0,13
53,79,0,-7
53,80,0,-3
53,82,0,9
53,83,0,9
53,84,0,12
53,85,0,-10
53,86,0,2
53,87,0,22
53,88,0,-19
53,89,0,21
53,152,0,1
54,1,0,-15
54,2,0,-18
54,3,0,31
54,4,0,-15
54,5,0,5
54,6,0,14
54,7,0,-2
54,8,0,-14
54,10,0,-9
54,11,0,4
54,12,0,24
54,13,0,9
54,14,0,23
54,15,0,-27
54,16,0,-1
54,17,0,14
54,18,0,34
54,19,0,-19
54,20,0,-30
54,21,0,9
54,23,0,26
54,24,0,26
54,25,0,5
54,26,0,-44
54,27,0,1
54,28,0,3
54,29,0,7
54,30,0,-4
54,31,0,-1
54,32,0,1
54,33,0,-17
54,34,0,-17
54,35,0,-3
54,36,0,11
54,37,0,-14
54,38,0,4
54,39,0,-8
54,40,0,30
54,41,0,24
54,42,0,9
54,43,0,-11
54,44,0,-1
54,45,0,-14
54,46,0,-1
54,47,0,24
54,48,0,-31
54,49,0,-10
54,50,0,-13
54,51,0,-9
54,52,0,28
54,53,0,-6
54,54,0,126
54,55,0,3
54,56,0,20
54,57,0,2
54,58,0,-1
54,59,0,-7
54,60,0,-13
54,61,0,3
54,62,0,5
54,63,0,8
54,64,0,-1
54,65,0,6
54,66,0,6
54,67,0,13
54,68,0,4
54,69,0,-6
54,70,0,-28
54,71,0,-9
54,72,0,8
54,73,0,11
54,74,0,-13
54,75,0,-14
54,76,0,-13
54,77,0,2
54,78,0,13
54,79,0,21
54,80,0,-19
54,81,0,-1
54,82,0,-17
54,83,0,5
54,84,0,26
54,85,0,-10
54,86,0,2
54,87,0,-12
54,88,0,2
54,89,0,-27
54,153,0,1
55,1,0,6
55,2,0,-10
55,3,0,-14
55,4,0,19
55,5,0,1
55,6,0,14
55,7,0,9
55,8,0,9
55,9,0,-21
55,10,0,-31
55,11,0,-17
55,12,0,-4
55,13,0,-9
55,14,0,7
55,15,0,14
55,16,0,-2
55,18,0,-17
55,19,0,10
55,20,0,-4
55,21,0,16
55,22,0,3
55,23,0,-10
55,24,0,2
55,25,0,-9
55,26,0,3
55,27,0,-19
55,28,0,-19
55,29,0,-4
55,30,0,28
55,31,0,12
55,32,0,4
55,33,0,-1
55,34,0,7
55,35,0,-5
55,36,0,-17
55,37,0,-21
55,38,0,15
55,39,0,3
55,40,0,28
55,41,0,-11
55,42,0,-11
55,43,0,-9
55,44,0,3
55,45,0,-2
55,46,0,2
55,47,0,7
55,48,0,13
55,49,0,4
55,50,0,9
55,51,0,7
55,52,0,25
55,54,0,3
55,55,0,127
55,56,0,27
55,57,0,-11
55,58,0,3
55,59,0,-13
55,60,0,-14
55,61,0,-5
55,62,0,-21
55,63,0,12
55,64,0,11
55,65,0,6
55,66,0,13
55,67,0,23
55,68,0,7
55,69,0,-4
55,70,0,12
55,71,0,3
55,72,0,19
55,73,0,9
55,74,0,-9
55,75,0,11
55,76,0,-4
55,77,0,22
55,78,0,16
55,79,0,-8
55,80,0,-12
55,81,0,-14
55,82,0,-18
55,83,0,2
55,84,0,5
55,86,0,-14
55,87,0,3
55,88,0,-18
55,154,0,1
56,1,0,-9
56,2,0,-5
56,3,0,-6
56,4,0,22
56,5,0,-24
56,6,0,14
56,7,0,-6
56,8,0,-3
56,9,0,-17
56,10,0,2
56,11,0,11
56,12,0,21
56,13,0,9
56,14,0,-5
56,15,0,6
56,16,0,31
56,17,0,23
56,18,0,12
56,19,0,3
56,20,0,-2
56,21,0,-2
56,22,0,-30
56,23,0,-1
56,24,0,9
56,25,0,3
56,26,0,4
56,27,0,12
56,28,0,-9
56,29,0,-9
56,30,0,-2
56,31,0,18
56,32,0,-18
56,33,0,-27
56,34,0,9
56,35,0,14
56,36,0,3
56,37,0,10
56,38,0,4
56,39,0,9
56,40,0,-8
56,41,0,-11
56,42,0,-11
56,43,0,-3
56,44,0,-3
56,45,0,-13
56,46,0,-1
56,47,0,31
56,48,0,-3
56,49,0,24
56,50,0,-10
56,51,0,8
56,52,0,4
56,53,0,-5
56,54,0,20
56,55,0,27
56,56,0,143
56,57,0,-14
56,58,0,-17
56,59,0,7
56,60,0,-1
56,61,0,-24
56,62,0,-8
56,63,0,12
56,64,0,11
56,65,0,-10
56,66,0,10
56,67,0,4
56,68,0,-8
56,69,0,-14
56,70,0,-8
56,71,0,10
56,72,0,7
56,73,0,11
56,74,0,-27
56,75,0,21
56,76,0,1
56,77,0,11
56,78,0,-17
56,79,0,1
56,80,0,-14
56,81,0,-15
56,82,0,1
56,83,0,13
56,84,0,21
56,85,0,9
56,86,0,-6
56,87,0,-10
56,88,0,7
56,89,0,-25
56,155,0,1
57,1,0,16
57,3,0,16
57,4,0,14
57,5,0,-17
57,6,0,5
57,7,0,5
57,8,0,-9
57,9,0,8
57,10,0,8
57,11,0,-1
57,12,0,30
57,13,0,-10
57,14,0,-1
57,15,0,-11
57,16,0,27
57,17,0,-6
57,18,0,-4
57,19,0,-13
57,20,0,-7
57,21,0,20
57,22,0,-15
57,23,0,3
57,24,0,4
57,25,0,6
57,26,0,-2
57,27,0,-14
57,28,0,35
57,29,0,14
57,30,0,-21
57,31,0,-32
57,32,0,9
57,33,0,19
57,34,0,-10
57,35,0,-7
57,36,0,-28
57,37,0,6
57,38,0,-11
57,39,0,-4
57,40,0,16
57,41,0,-20
57,43,0,-6
57,44,0,-16
57,45,0,7
57,46,0,-15
57,47,0,-2
57,48,0,-8
57,49,0,5
57,50,0,-30
57,51,0,-6
57,52,0,1
57,53,0,9
57,54,0,2
57,55,0,-11
57,56,0,-14
57,57,0,142
57,58,0,-11
57,59,0,6
57,60,0,11
57,61,0,-12
57,62,0,-6
57,63,0,-9
57,64,0,-9
57,65,0,-32
57,66,0,-1
57,67,0,12
57,68,0,-14
57,69,0,-8
57,70,0,35
57,71,0,-3
57,72,0,15
57,73,0,5
57,74,0,11
57,75,0,-11
57,76,0,-1
57,77,0,-29
57,78,0,2
57,79,0,3
57,80,0,10
57,81,0,17
57,82,0,-6
57,83,0,-16
57,84,0,16
57,85,0,-26
57,86,0,-11
57,87,0,-4
57,89,0,14
57,156,0,1
58,1,0,4
58,2,0,4
58,3,0,-2
58,4,0,13
58,5,0,7
58,6,0,-13
58,7,0,-1
58,8,0,1
58,9,0,-10
58,10,0,23
58,11,0,-6
58,12,0,3
58,13,0,5
58,14,0,-8
58,15,0,-1
58,16,0,-3
58,17,0,13
58,18,0,7
58,19,0,24
58,20,0,1
58,21,0,-3
58,22,0,-2
58,23,0,-10
58,24,0,-18
58,25,0,14
58,26,0,18
58,27,0,3
58,28,0,-31
58,29,0,-31
58,30,0,-12
58,32,0,16
58,33,0,21
58,34,0,-2
58,35,0,-10
58,36,0,13
58,37,0,-7
58,38,0,-9
58,39,0,-7
58,40,0,14
58,41,0,3
58,42,0,-16
58,43,0,-2
58,44,0,15
58,45,0,-9
58,46,0,2
58,47,0,-14
58,48,0,12
58,49,0,-10
58,50,0,15
58,51,0,-9
58,52,0,-10
58,53,0,23
58,54,0,-1
58,55,0,3
58,56,0,-17
58,57,0,-11
58,58,0,125
58,59,0,-9
58,60,0,22
58,61,0,17
58,62,0,1
58,63,0,-11
58,64,0,13
58,65,0,9
58,66,0,10
58,67,0,-1
58,68,0,-19
58,69,0,5
58,70,0,10
58,71,0,-25
58,72,0,-11
58,73,0,13
58,74,0,24
58,75,0,10
58,76,0,-14
58,77,0,-17
58,78,0,12
58,79,0,-20
58,81,0,-14
58,82,0,13
58,83,0,-15
58,84,0,-5
58,85,0,-17
58,86,0,15
58,87,0,-3
58,88,0,-21
58,89,0,12
58,157,0,1
59,1,0,-1
59,2,0,11
59,3,0,12
59,4,0,12
59,5,0,1
59,6,0,-20
59,7,0,15
59,9,0,-2
59,10,0,-15
59,11,0,10
59,13,0,4
59,14,0,-37
59,15,0,-9
59,16,0,-2
59,17,0,-12
59,18,0,3
59,19,0,-7
59,20,0,-2
59,21,0,8
59,22,0,2
59,23,0,24
59,24,0,6
59,25,0,3
59,26,0,6
59,27,0,-1
59,28,0,-2
59,29,0,29
59,30,0,18
59,31,0,9
59,32,0,-4
59,33,0,4
59,34,0,12
59,35,0,-13
59,36,0,4
59,37,0,-9
59,38,0,15
59,39,0,10
59,40,0,-24
59,41,0,6
59,42,0,-26
59,43,0,-10
59,44,0,22
59,45,0,-8
59,46,0,-24
59,47,0,-4
59,49,0,-8
59,50,0,-12
59,51,0,-8
59,52,0,-13
59,53,0,-23
59,54,0,-7
59,55,0,-13
59,56,0,7
59,57,0,6
59,58,0,-9
59,59,0,122
59,60,0,22
59,61,0,-33
59,62,0,5
59,63,0,11
59,64,0,4
59,66,0,-5
59,67,0,2
59,68,0,-15
59,69,0,1
59,70,0,9
59,71,0,-6
59,72,0,-18
59,73,0,-1
59,74,0,9
59,75,0,-2
59,76,0,-7
59,77,0,3
59,78,0,8
59,79,0,-15
59,80,0,19
59,82,0,-26
59,83,0,-3
59,84,0,-12
59,86,0,34
59,87,0,16
59,88,0,-13
59,89,0,-3
59,158,0,1
60,1,0,12
60,2,0,-5
60,3,0,3
60,4,0,18
60,5,0,-6
60,6,0,-23
60,7,0,-1
60,8,0,12
60,9,0,-7
60,10,0,14
60,11,0,3
60,12,0,-2
60,13,0,14
60,14,0,-25
60,15,0,22
60,16,0,-7
60,17,0,-24
60,18,0,26
60,19,0,13
60,20,0,2
60,21,0,-4
60,22,0,17
60,23,0,10
60,24,0,-12
60,25,0,30
60,26,0,3
60,27,0,22
60,28,0,24
60,29,0,-15
60,30,0,-9
60,31,0,6
60,32,0,14
60,33,0,-25
60,34,0,9
60,35,0,-27
60,36,0,-14
60,37,0,-9
60,38,0,18
60,39,0,-1
60,40,0,-7
60,41,0,-12
60,42,0,-9
60,43,0,-5
60,44,0,3
60,45,0,8
60,46,0,1
60,47,0,-2
60,48,0,-1
60,49,0,-17
60,50,0,4
60,51,0,6
60,52,0,-27
60,53,0,4
60,54,0,-13
60,55,0,-14
60,56,0,-1
60,57,0,11
60,58,0,22
60,59,0,22
60,60,0,127
60,61,0,6
60,62,0,9
60,63,0,-13
60,64,0,40
60,65,0,-9
60,66,0,2
60,67,0,4
60,68,0,-5
60,69,0,11
60,70,0,-9
60,71,0,-20
60,72,0,-11
60,73,0,-10
60,74,0,25
60,75,0,-8
60,76,0,-8
60,77,0,-23
60,78,0,8
60,79,0,-10
60,80,0,3
60,81,0,6
60,82,0,19
60,83,0,12
60,84,0,11
60,85,0,-18
60,86,0,-16
60,87,0,-4
60,88,0,-33
60,89,0,23
60,159,0,1
61,1,0,-1
61,2,0,6
61,3,0,-29
61,4,0,21
61,5,0,-10
61,6,0,4
61,7,0,-13
61,8,0,-12
61,9,0,18
61,10,0,-12
61,11,0,-15
61,12,0,-11
61,13,0,20
61,15,0,17
61,16,0,-9
61,17,0,-19
61,18,0,8
61,19,0,21
61,20,0,-4
61,21,0,11
61,22,0,9
61,23,0,-5
61,24,0,-14
61,25,0,7
61,26,0,22
61,27,0,24
61,28,0,-12
61,29,0,-3
61,30,0,15
61,31,0,-1
61,32,0,30
61,33,0,7
61,34,0,-5
61,35,0,-7
61,36,0,9
61,37,0,11
61,38,0,-16
61,39,0,15
61,40,0,-7
61,41,0,22
61,42,0,11
61,43,0,-21
61,44,0,-36
61,45,0,-12
61,46,0,-5
61,47,0,-11
61,48,0,-14
61,49,0,-5
61,50,0,-16
61,51,0,9
61,52,0,3
61,53,0,7
61,54,0,3
61,55,0,-5
61,56,0,-24
61,57,0,-12
61,58,0,17
61,59,0,-33
61,60,0,6
61,61,0,140
61,62,0,-2
61,63,0,-20
61,64,0,21
61,65,0,11
61,66,0,3
61,67,0,28
61,68,0,-31
61,70,0,-17
61,71,0,-13
61,72,0,27
61,73,0,-17
61,74,0,8
61,75,0,-22
61,76,0,-13
61,77,0,-2
61,78,0,10
61,79,0,-2
61,80,0,3
61,81,0,21
61,82,0,-5
61,83,0,1
61,84,0,6
61,85,0,6
61,86,0,-13
61,87,0,-7
61,88,0,5
61,89,0,18
61,160,0,1
62,1,0,-22
62,2,0,-8
62,3,0,-11
62,4,0,11
62,5,0,-3
62,6,0,9
62,7,0,-1
62,8,0,29
62,9,0,-32
62,10,0,31
62,11,0,13
62,12,0,15
62,13,0,5
62,14,0,-6
62,15,0,-7
62,16,0,-7
62,17,0,-22
62,19,0,9
62,20,0,3
62,21,0,-5
62,22,0,2
62,23,0,-13
62,24,0,13
62,25,0,5
62,26,0,-3
62,27,0,13
62,28,0,22
62,29,0,-11
62,30,0,-21
62,31,0,5
62,32,0,-21
62,33,0,1
62,34,0,-13
62,35,0,-2
62,36,0,-13
62,37,0,-44
62,38,0,-13
62,39,0,9
62,40,0,-12
62,41,0,-20
62,42,0,16
62,43,0,10
62,44,0,-2
62,45,0,5
62,46,0,19
62,47,0,22
62,48,0,16
62,49,0,-3
62,50,0,-8
62,51,0,-9
62,52,0,5
62,53,0,-1
62,54,0,5
62,55,0,-21
62,56,0,-8
62,57,0,-6
62,58,0,1
62,59,0,5
62,60,0,9
62,61,0,-2
62,62,0,130
62,63,0,6
62,64,0,-21
62,65,0,-23
62,66,0,-26
62,67,0,-18
62,68,0,3
62,69,0,-6
62,70,0,-17
62,71,0,3
62,72,0,-4
62,73,0,1
62,74,0,16
62,75,0,-3
62,76,0,11
62,77,0,22
62,78,0,1
62,79,0,4
62,82,0,-7
62,83,0,-7
62,84,0,7
62,85,0,13
62,86,0,10
62,87,0,20
62,88,0,2
62,89,0,-1
62,161,0,1
63,1,0,-11
63,2,0,-12
63,3,0,-1
63,4,0,-6
63,5,0,4
63,6,0,23
63,7,0,-9
63,8,0,12
63,9,0,-15
63,10,0,3
63,11,0,-11
63,12,0,-10
63,13,0,-13
63,14,0,-3
63,15,0,-22
63,16,0,22
63,17,0,9
63,18,0,-15
63,19,0,-5
63,20,0,6
63,21,0,-10
63,22,0,-14
63,23,0,5
63,24,0,-2
63,25,0,-7
63,26,0,5
63,27,0,-32
63,28,0,-15
63,29,0,10
63,30,0,-17
63,31,0,15
63,32,0,-26
63,33,0,3
63,34,0,-2
63,35,0,-11
63,36,0,10
63,37,0,-1
63,38,0,-18
63,39,0,-11
63,40,0,14
63,41,0,-37
63,42,0,-15
63,43,0,-6
63,44,0,2
63,45,0,25
63,46,0,12
63,47,0,-5
63,48,0,17
63,49,0,-33
63,50,0,17
63,51,0,14
63,52,0,-10
63,53,0,22
63,54,0,8
63,55,0,12
63,56,0,12
63,57,0,-9
63,58,0,-11
63,59,0,11
63,60,0,-13
63,61,0,-20
63,62,0,6
63,63,0,137
63,65,0,22
63,66,0,-2
63,67,0,-17
63,68,0,4
63,69,0,1
63,70,0,21
63,71,0,11
63,72,0,-38
63,73,0,7
63,74,0,-19
63,75,0,-5
63,76,0,26
63,77,0,10
63,78,0,32
63,79,0,-4
63,80,0,-19
63,81,0,-7
63,82,0,5
63,83,0,12
63,84,0,7
63,85,0,10
63,86,0,1
63,87,0,33
63,88,0,-9
63,89,0,16
63,162,0,1
64,1,0,-7
64,2,0,20
64,3,0,-12
64,4,0,21
64,5,0,-1
64,6,0,-10
64,7,0,9
64,9,0,-12
64,10,0,-11
64,11,0,-42
64,12,0,5
64,13,0,25
64,14,0,-7
64,15,0,13
64,16,0,1
64,17,0,-20
64,18,0,16
64,19,0,11
64,20,0,-19
64,21,0,-2
64,22,0,-13
64,23,0,-3
64,24,0,2
64,25,0,-15
64,26,0,27
64,27,0,-11
64,28,0,8
64,29,0,-21
64,30,0,-1
64,31,0,-9
64,32,0,-7
64,33,0,22
64,34,0,6
64,35,0,-26
64,36,0,-7
64,37,0,5
64,38,0,23
64,39,0,-3
64,40,0,-2
64,41,0,-17
64,42,0,-21
64,43,0,32
64,44,0,13
64,45,0,-5
64,46,0,-2
64,47,0,-12
64,48,0,8
64,49,0,-19
64,50,0,-13
64,51,0,9
64,52,0,-12
64,53,0,2
64,54,0,-1
64,55,0,11
64,56,0,11
64,57,0,-9
64,58,0,13
64,59,0,4
64,60,0,40
64,61,0,21
64,62,0,-21
64,64,0,128
64,65,0,-1
64,66,0,6
64,67,0,5
64,68,0,8
64,69,0,-11
64,70,0,3
64,71,0,-11
64,72,0,4
64,73,0,-10
64,74,0,-1
64,75,0,-5
64,76,0,-15
64,77,0,-19
64,78,0,17
64,79,0,-23
64,80,0,15
64,81,0,-22
64,82,0,-5
64,83,0,11
64,84,0,-13
64,85,0,17
64,86,0,-11
64,87,0,-12
64,88,0,-17
64,89,0,3
64,163,0,1
65,1,0,-25
65,2,0,9
65,3,0,-15
65,4,0,-5
65,5,0,26
65,6,0,-15
65,7,0,-1
65,8,0,12
65,9,0,5
65,10,0,-17
65,11,0,-4
65,12,0,-3
65,13,0,3
65,14,0,9
65,15,0,-1
65,16,0,10
65,17,0,13
65,18,0,2
65,19,0,-6
65,20,0,-3
65,21,0,2
65,22,0,13
65,23,0,10
65,24,0,-6
65,25,0,-15
65,26,0,-1
65,27,0,-24
65,28,0,-14
65,29,0,-6
65,30,0,16
65,31,0,15
65,32,0,-6
65,33,0,10
65,34,0,6
65,35,0,13
65,36,0,16
65,37,0,17
65,38,0,-29
65,39,0,-2
65,40,0,14
65,41,0,10
65,42,0,-18
65,43,0,9
65,44,0,-8
65,45,0,-20
65,46,0,21
65,47,0,-13
65,48,0,11
65,49,0,-14
65,50,0,10
65,51,0,-3
65,52,0,-11
65,54,0,6
65,55,0,6
65,56,0,-10
65,57,0,-32
65,58,0,9
65,60,0,-9
65,61,0,11
65,62,0,-23
65,63,0,22
65,64,0,-1
65,65,0,99
65,66,0,4
65,67,0,-8
65,68,0,11
65,69,0,19
65,70,0,-7
65,71,0,6
65,72,0,16
65,74,0,-1
65,75,0,10
65,76,0,-21
65,78,0,23
65,79,0,-9
65,80,0,-1
65,81,0,-6
65,82,0,-11
65,83,0,11
65,84,0,-4
65,85,0,13
65,86,0,3
65,87,0,-4
65,88,0,1
65,89,0,-4
65,164,0,1
66,1,0,17
66,2,0,-7
66,3,0,12
66,5,0,-10
66,6,0,-8
66,7,0,-5
66,8,0,-14
66,9,0,21
66,10,0,-10
66,11,0,-6
66,12,0,-3
66,13,0,-5
66,14,0,9
66,15,0,1
66,16,0,-10
66,17,0,-5
66,18,0,-4
66,19,0,25
66,20,0,-7
66,21,0,-11
66,22,0,-8
66,24,0,-7
66,25,0,-10
66,26,0,4
66,27,0,-15
66,28,0,-28
66,29,0,-11
66,30,0,2
66,31,0,4
66,32,0,10
66,33,0,-24
66,34,0,9
66,35,0,-6
66,36,0,2
66,37,0,-5
66,38,0,14
66,39,0,11
66,40,0,-5
66,41,0,37
66,42,0,8
66,43,0,10
66,44,0,14
66,46,0,-33
66,47,0,5
66,48,0,-7
66,49,0,13
66,50,0,3
66,51,0,11
66,52,0,3
66,53,0,7
66,54,0,6
66,55,0,13
66,56,0,10
66,57,0,-1
66,58,0,10
66,59,0,-5
66,60,0,2
66,61,0,3
66,62,0,-26
66,63,0,-2
66,64,0,6
66,65,0,4
66,66,0,112
66,67,0,6
66,68,0,14
66,69,0,-16
66,70,0,-14
66,71,0,-18
66,72,0,-11
66,73,0,4
66,74,0,6
66,75,0,1
66,76,0,8
66,77,0,-3
66,78,0,5
66,79,0,-3
66,80,0,6
66,81,0,5
66,82,0,-17
66,83,0,20
66,84,0,15
66,85,0,12
66,86,0,5
66,87,0,-11
66,88,0,-6
66,89,0,11
66,165,0,1
67,2,0,15
67,3,0,-24
67,4,0,1
67,5,0,-2
67,6,0,8
67,7,0,-23
67,8,0,-19
67,9,0,18
67,10,0,4
67,11,0,14
67,12,0,10
67,13,0,-6
67,14,0,-11
67,15,0,7
67,16,0,-2
67,17,0,-7
67,18,0,17
67,19,0,10
67,20,0,-14
67,21,0,6
67,22,0,14
67,23,0,12
67,24,0,4
67,25,0,18
67,26,0,-9
67,27,0,6
67,28,0,18
67,29,0,-9
67,30,0,10
67,31,0,10
67,32,0,23
67,33,0,-21
67,34,0,-13
67,36,0,-10
67,37,0,-3
67,38,0,11
67,39,0,-5
67,40,0,8
67,41,0,12
67,42,0,-8
67,44,0,-13
67,45,0,9
67,46,0,-13
67,47,0,-1
67,48,0,-12
67,49,0,4
67,50,0,-13
67,51,0,-12
67,52,0,4
67,53,0,-6
67,54,0,13
67,55,0,23
67,56,0,4
67,57,0,12
67,58,0,-1
67,59,0,2
67,60,0,4
67,61,0,28
67,62,0,-18
67,63,0,-17
67,64,0,5
67,65,0,-8
67,66,0,6
67,67,0,113
67,68,0,-28
67,69,0,-14
67,70,0,-7
67,71,0,-4
67,72,0,-15
67,73,0,9
67,74,0,23
67,75,0,-4
67,76,0,5
67,77,0,-1
67,78,0,-11
67,79,0,-6
67,80,0,18
67,81,0,-1
67,82,0,-23
67,83,0,-26
67,84,0,1
67,85,0,-43
67,86,0,-19
67,88,0,1
67,89,0,-1
67,166,0,1
68,1,0,-5
68,2,0,-3
68,3,0,30
68,4,0,-3
68,5,0,15
68,6,0,-16
68,7,0,-2
68,8,0,20
68,9,0,-21
68,10,0,-12
68,11,0,12
68,12,0,-19
68,13,0,19
68,14,0,16
68,15,0,13
68,16,0,-11
68,17,0,6
68,18,0,5
68,19,0,2
68,20,0,-19
68,21,0,9
68,22,0,-25
68,23,0,-20
68,24,0,-14
68,25,0,-5
68,26,0,-1
68,27,0,-12
68,28,0,-2
68,29,0,10
68,30,0,-3
68,31,0,-11
68,32,0,-10
68,33,0,23
68,34,0,6
68,35,0,-9
68,36,0,-24
68,37,0,-22
68,38,0,8
68,39,0,20
68,40,0,4
68,41,0,-10
68,42,0,10
68,43,0,17
68,44,0,-10
68,45,0,21
68,46,0,18
68,47,0,-9
68,48,0,8
68,49,0,-10
68,50,0,6
68,51,0,-8
68,53,0,-12
68,54,0,4
68,55,0,7
68,56,0,-8
68,57,0,-14
68,58,0,-19
68,59,0,-15
68,60,0,-5
68,61,0,-31
68,62,0,3
68,63,0,4
68,64,0,8
68,65,0,11
68,66,0,14
68,67,0,-28
68,68,0,140
68,69,0,18
68,70,0,-2
68,71,0,-34
68,72,0,8
68,73,0,16
68,74,0,-19
68,75,0,-17
68,76,0,-2
68,77,0,-8
68,78,0,-12
68,80,0,8
68,81,0,10
68,82,0,4
68,83,0,14
68,84,0,-9
68,85,0,7
68,86,0,8
68,87,0,7
68,88,0,-3
68,89,0,5
68,167,0,1
69,1,0,-13
69,2,0,2
69,3,0,12
69,4,0,-36
69,5,0,17
69,6,0,-7
69,7,0,2
69,8,0,9
69,9,0,-7
69,10,0,16
69,11,0,13
69,12,0,-24
69,13,0,7
69,14,0,7
69,15,0,23
69,16,0,-10
69,17,0,20
69,18,0,-12
69,19,0,-21
69,20,0,22
69,21,0,-24
69,22,0,-5
69,23,0,-9
69,24,0,-21
69,25,0,6
69,26,0,8
69,27,0,10
69,28,0,12
69,30,0,16
69,31,0,10
69,32,0,-11
69,33,0,10
69,34,0,-15
69,35,0,13
69,36,0,7
69,37,0,-1
69,38,0,-12
69,39,0,-6
69,40,0,14
69,41,0,-5
69,42,0,-16
69,43,0,10
69,44,0,-11
69,45,0,-9
69,46,0,20
69,47,0,-31
69,48,0,17
69,49,0,-3
69,50,0,28
69,51,0,27
69,52,0,-10
69,53,0,-7
69,54,0,-6
69,55,0,-4
69,56,0,-14
69,57,0,-8
69,58,0,5
69,59,0,1
69,60,0,11
69,62,0,-6
69,63,0,1
69,64,0,-11
69,65,0,19
69,66,0,-16
69,67,0,-14
69,68,0,18
69,69,0,137
69,70,0,-19
69,71,0,17
69,72,0,1
69,73,0,5
69,74,0,17
69,75,0,-29
69,76,0,-12
69,77,0,-17
69,78,0,24
69,79,0,-10
69,80,0,-10
69,81,0,8
69,82,0,12
69,83,0,-9
69,84,0,12
69,85,0,15
69,86,0,-13
69,87,0,29
69,88,0,16
69,89,0,5
69,168,0,1
70,1,0,21
70,2,0,4
70,3,0,10
70,4,0,26
70,5,0,15
70,6,0,-4
70,7,0,23
70,8,0,16
70,9,0,-14
70,10,0,-9
70,11,0,-17
70,12,0,4
70,13,0,-5
70,14,0,-20
70,15,0,5
70,16,0,30
70,17,0,9
70,18,0,12
70,19,0,-18
70,20,0,-2
70,21,0,10
70,22,0,-2
70,23,0,-15
70,24,0,-6
70,26,0,-6
70,27,0,-4
70,28,0,-19
70,29,0,10
70,30,0,11
70,31,0,-6
70,32,0,14
70,33,0,4
70,34,0,-11
70,35,0,-11
70,36,0,-1
70,37,0,-3
70,38,0,-12
70,39,0,-14
70,40,0,-14
70,41,0,-24
70,42,0,-32
70,43,0,-20
70,44,0,-2
70,45,0,13
70,46,0,-3
70,47,0,2
70,48,0,17
70,49,0,5
70,50,0,-2
70,51,0,-8
70,52,0,5
70,53,0,2
70,54,0,-28
70,55,0,12
70,56,0,-8
70,57,0,35
70,58,0,10
70,59,0,9
70,60,0,-9
70,61,0,-17
70,62,0,-17
70,63,0,21
70,64,0,3
70,65,0,-7
70,66,0,-14
70,67,0,-7
70,68,0,-2
70,69,0,-19
70,70,0,138
70,71,0,-21
70,72,0,3
70,73,0,10
70,74,0,2
70,75,0,-9
70,76,0,-8
70,77,0,-13
70,79,0,-24
70,80,0,11
70,81,0,-11
70,82,0,8
70,83,0,-20
70,84,0,-24
70,85,0,-1
70,86,0,20
70,87,0,-3
70,88,0,-12
70,89,0,4
70,169,0,1
71,1,0,10
71,2,0,-11
71,3,0,-40
71,4,0,-29
71,5,0,3
71,6,0,23
71,7,0,25
71,8,0,4
71,9,0,-8
71,10,0,27
71,11,0,11
71,12,0,-18
71,13,0,-16
71,14,0,9
71,15,0,24
71,16,0,21
71,18,0,-7
71,19,0,-33
71,20,0,15
71,21,0,2
71,22,0,32
71,23,0,-17
71,24,0,6
71,25,0,-4
71,26,0,-12
71,27,0,2
71,28,0,16
71,29,0,16
71,30,0,-19
71,31,0,36
71,32,0,-24
71,33,0,3
71,34,0,-6
71,35,0,23
71,36,0,-6
71,37,0,8
71,38,0,-30
71,39,0,-13
71,40,0,-4
71,41,0,3
71,42,0,13
71,43,0,33
71,44,0,-16
71,45,0,-24
71,46,0,18
71,47,0,15
71,48,0,-7
71,49,0,26
71,50,0,8
71,51,0,7
71,52,0,5
71,53,0,9
71,54,0,-9
71,55,0,3
71,56,0,10
71,57,0,-3
71,58,0,-25
71,59,0,-6
71,60,0,-20
71,61,0,-13
71,62,0,3
71,63,0,11
71,64,0,-11
71,65,0,6
71,66,0,-18
71,67,0,-4
71,68,0,-34
71,69,0,17
71,70,0,-21
71,71,0,146
71,72,0,-12
71,73,0,-7
71,74,0,2
71,75,0,15
71,76,0,7
71,77,0,45
71,78,0,7
71,79,0,1
71,80,0,-14
71,81,0,-4
71,82,0,-5
71,84,0,15
71,85,0,14
71,86,0,-16
71,87,0,-4
71,88,0,16
71,89,0,-22
71,170,0,1
72,1,0,-5
72,2,0,-10
72,3,0,-20
72,4,0,-3
72,5,0,-16
72,6,0,-7
72,7,0,-10
72,8,0,12
72,9,0,7
72,10,0,-22
72,11,0,-28
72,12,0,7
72,13,0,12
72,14,0,6
72,15,0,18
72,16,0,7
72,17,0,10
72,18,0,-2
72,19,0,4
72,20,0,-4
72,21,0,5
72,22,0,-8
72,23,0,7
72,24,0,16
72,25,0,-23
72,26,0,-10
72,27,0,29
72,28,0,-10
72,29,0,4
72,30,0,6
72,31,0,-19
72,32,0,18
72,33,0,-3
72,34,0,21
72,35,0,13
72,36,0,-11
72,37,0,9
72,38,0,-7
72,39,0,-8
72,40,0,2
72,41,0,10
72,42,0,31
72,43,0,11
72,44,0,-38
72,45,0,-6
72,46,0,9
72,47,0,23
72,48,0,-13
72,50,0,-42
72,51,0,-11
72,52,0,18
72,53,0,-9
72,54,0,8
72,55,0,19
72,56,0,7
72,57,0,15
72,58,0,-11
72,59,0,-18
72,60,0,-11
72,61,0,27
72,62,0,-4
72,63,0,-38
72,64,0,4
72,65,0,16
72,66,0,-11
72,67,0,-15
72,68,0,8
72,69,0,1
72,70,0,3
72,71,0,-12
72,72,0,139
72,73,0,-19
72,74,0,-13
72,75,0,12
72,76,0,-19
72,77,0,4
72,78,0,-6
72,79,0,2
72,80,0,-2
72,81,0,20
72,83,0,7
72,84,0,-3
72,85,0,20
72,86,0,-2
72,87,0,-20
72,88,0,-7
72,89,0,8
72,171,0,1
73,1,0,-3
73,3,0,3
73,4,0,10
73,5,0,2
73,6,0,-1
73,7,0,-3
73,8,0,15
73,9,0,-25
73,10,0,7
73,11,0,15
73,12,0,22
73,13,0,19
73,14,0,-2
73,15,0,16
73,16,0,-25
73,17,0,-10
73,18,0,-9
73,19,0,-16
73,20,0,-12
73,21,0,17
73,22,0,10
73,23,0,-5
73,24,0,22
73,25,0,4
73,26,0,6
73,27,0,-20
73,28,0,5
73,29,0,-2
73,30,0,-3
73,31,0,1
73,32,0,7
73,33,0,20
73,34,0,-7
73,35,0,13
73,36,0,4
73,37,0,-24
73,38,0,-10
73,39,0,-9
73,40,0,9
73,41,0,1
73,42,0,-30
73,43,0,7
73,44,0,-2
73,45,0,-7
73,46,0,1
73,48,0,15
73,49,0,-21
73,50,0,26
73,51,0,6
73,52,0,4
73,54,0,11
73,55,0,9
73,56,0,11
73,57,0,5
73,58,0,13
73,59,0,-1
73,60,0,-10
73,61,0,-17
73,62,0,1
73,63,0,7
73,64,0,-10
73,66,0,4
73,67,0,9
73,68,0,16
73,69,0,5
73,70,0,10
73,71,0,-7
73,72,0,-19
73,73,0,128
73,74,0,-4
73,75,0,8
73,76,0,22
73,77,0,-12
73,78,0,7
73,79,0,21
73,80,0,8
73,81,0,-2
73,82,0,-3
73,83,0,-13
73,84,0,-15
73,85,0,-11
73,86,0,-6
73,87,0,-18
73,89,0,4
73,172,0,1
74,1,0,-15
74,2,0,9
74,3,0,8
74,4,0,6
74,6,0,-22
74,7,0,-1
74,8,0,-12
74,9,0,4
74,10,0,33
74,11,0,4
74,13,0,-32
74,14,0,14
74,15,0,11
74,16,0,-4
74,17,0,-14
74,18,0,-7
74,19,0,10
74,20,0,-2
74,21,0,-29
74,22,0,34
74,23,0,-7
74,24,0,-30
74,25,0,-1
74,26,0,-7
74,27,0,-3
74,28,0,-9
74,29,0,-18
74,30,0,-12
74,31,0,-6
74,32,0,5
74,33,0,-1
74,34,0,-9
74,35,0,4
74,36,0,-23
74,37,0,-18
74,38,0,4
74,39,0,-17
74,40,0,22
74,41,0,12
74,42,0,-4
74,44,0,4
74,45,0,-7
74,46,0,-21
74,47,0,-14
74,48,0,5
74,49,0,-1
74,50,0,2
74,52,0,26
74,53,0,-10
74,54,0,-13
74,55,0,-9
74,56,0,-27
74,57,0,11
74,58,0,24
74,59,0,9
74,60,0,25
74,61,0,8
74,62,0,16
74,63,0,-19
74,64,0,-1
74,65,0,-1
74,66,0,6
74,67,0,23
74,68,0,-19
74,69,0,17
74,70,0,2
74,71,0,2
74,72,0,-13
74,73,0,-4
74,74,0,125
74,75,0,4
74,76,0,-16
74,77,0,6
74,78,0,-4
74,79,0,-11
74,80,0,43
74,81,0,-7
74,82,0,-13
74,83,0,3
74,84,0,25
74,85,0,-1
74,86,0,-5
74,87,0,8
74,88,0,15
74,89,0,13
74,173,0,1
75,1,0,-1
75,2,0,-9
75,3,0,-36
75,4,0,-1
75,5,0,-14
75,6,0,3
75,7,0,-6
75,8,0,2
75,9,0,-12
75,10,0,7
75,11,0,6
75,12,0,8
75,13,0,-21
75,14,0,12
75,15,0,-10
75,16,0,4
75,17,0,-2
75,18,0,-26
75,19,0,-11
75,20,0,2
75,21,0,9
75,22,0,-8
75,23,0,5
75,24,0,1
75,25,0,-4
75,26,0,5
75,27,0,-18
75,28,0,5
75,30,0,-25
75,31,0,48
75,32,0,19
75,33,0,12
75,34,0,-2
75,35,0,18
75,36,0,-1
75,37,0,-1
75,38,0,-21
75,39,0,3
75,40,0,-6
75,41,0,15
75,42,0,-4
75,43,0,11
75,44,0,21
75,45,0,-13
75,46,0,1
75,47,0,24
75,48,0,12
75,49,0,17
75,50,0,-22
75,51,0,13
75,52,0,1
75,53,0,-10
75,54,0,-14
75,55,0,11
75,56,0,21
75,57,0,-11
75,58,0,10
75,59,0,-2
75,60,0,-8
75,61,0,-22
75,62,0,-3
75,63,0,-5
75,64,0,-5
75,65,0,10
75,66,0,1
75,67,0,-4
75,68,0,-17
75,69,0,-29
75,70,0,-9
75,71,0,15
75,72,0,12
75,73,0,8
75,74,0,4
75,75,0,141
75,76,0,24
75,77,0,28
75,78,0,-17
75,79,0,19
75,80,0,22
75,81,0,-17
75,82,0,11
75,83,0,-4
75,84,0,-23
75,85,0,22
75,86,0,27
75,87,0,-21
75,88,0,-6
75,89,0,-18
75,174,0,1
76,1,0,2
76,2,0,-26
76,3,0,-11
76,4,0,17
76,5,0,-15
76,6,0,14
76,7,0,-14
76,8,0,-27
76,9,0,2
76,10,0,-10
76,11,0,9
76,12,0,-7
76,13,0,-17
76,14,0,14
76,15,0,-3
76,16,0,1
76,17,0,-14
76,18,0,-32
76,19,0,-5
76,20,0,-1
76,21,0,-8
76,22,0,-14
76,23,0,5
76,24,0,7
76,26,0,19
76,27,0,25
76,28,0,16
76,29,0,15
76,30,0,-24
76,31,0,19
76,32,0,9
76,33,0,-1
76,35,0,4
76,36,0,12
76,37,0,2
76,38,0,-9
76,39,0,21
76,40,0,-6
76,41,0,-19
76,42,0,13
76,43,0,25
76,44,0,-1
76,45,0,14
76,46,0,-4
76,47,0,-3
76,48,0,26
76,49,0,-12
76,50,0,-8
76,51,0,5
76,52,0,1
76,53,0,-1
76,54,0,-13
76,55,0,-4
76,56,0,1
76,57,0,-1
76,58,0,-14
76,59,0,-7
76,60,0,-8
76,61,0,-13
76,62,0,11
76,63,0,26
76,64,0,-15
76,65,0,-21
76,66,0,8
76,67,0,5
76,68,0,-2
76,69,0,-12
76,70,0,-8
76,71,0,7
76,72,0,-19
76,73,0,22
76,74,0,-16
76,75,0,24
76,76,0,135
76,77,0,5
76,78,0,-8
76,79,0,31
76,80,0,-5
76,81,0,3
76,82,0,23
76,83,0,-30
76,84,0,-13
76,85,0,-20
76,86,0,-13
76,87,0,13
76,88,0,-6
76,89,0,-2
76,175,0,1
77,1,0,25
77,2,0,-7
77,3,0,-26
77,4,0,6
77,5,0,-20
77,6,0,10
77,7,0,36
77,8,0,-7
77,9,0,-25
77,10,0,-5
77,11,0,-5
77,12,0,-12
77,13,0,2
77,14,0,-4
77,15,0,3
77,16,0,-5
77,17,0,6
77,18,0,7
77,19,0,8
77,20,0,2
77,21,0,18
77,22,0,16
77,23,0,4
77,25,0,-10
77,26,0,-3
77,27,0,7
77,28,0,2
77,29,0,26
77,30,0,2
77,31,0,38
77,32,0,11
77,33,0,2
77,34,0,12
77,35,0,23
77,36,0,6
77,37,0,-26
77,38,0,3
77,39,0,13
77,40,0,18
77,41,0,11
77,42,0,20
77,43,0,-14
77,44,0,-1
77,45,0,7
77,46,0,-14
77,47,0,12
77,48,0,-11
77,49,0,18
77,50,0,-7
77,51,0,-16
77,52,0,20
77,53,0,2
77,54,0,2
77,55,0,22
77,56,0,11
77,57,0,-29
77,58,0,-17
77,59,0,3
77,60,0,-23
77,61,0,-2
77,62,0,22
77,63,0,10
77,64,0,-19
77,66,0,-3
77,67,0,-1
77,68,0,-8
77,69,0,-17
77,70,0,-13
77,71,0,45
77,72,0,4
77,73,0,-12
77,74,0,6
77,75,0,28
77,76,0,5
77,77,0,118
77,78,0,4
77,79,0,-5
77,80,0,-16
77,81,0,3
77,82,0,-15
77,83,0,17
77,84,0,-3
77,85,0,12
77,86,0,-10
77,87,0,4
77,88,0,2
77,89,0,-3
78,1,0,26
78,2,0,2
78,3,0,-11
78,4,0,6
78,5,0,35
78,6,0,-4
78,7,0,33
78,8,0,10
78,9,0,-6
78,10,0,-8
78,11,0,-5
78,12,0,-5
78,13,0,16
78,14,0,-8
78,15,0,-8
78,16,0,-4
78,17,0,-3
78,18,0,-6
78,19,0,-15
78,20,0,8
78,21,0,23
78,22,0,2
78,23,0,28
78,24,0,16
78,25,0,6
78,26,0,4
78,27,0,-22
78,29,0,10
78,30,0,-31
78,31,0,14
78,32,0,-10
78,33,0,-1
78,34,0,-1
78,35,0,20
78,36,0,-7
78,37,0,-11
78,38,0,-24
78,39,0,18
78,40,0,-10
78,41,0,-18
78,42,0,-3
78,43,0,5
78,44,0,10
78,45,0,-17
78,46,0,7
78,47,0,-12
78,48,0,28
78,49,0,-9
78,50,0,12
78,51,0,-2
78,52,0,27
78,53,0,13
78,54,0,13
78,55,0,16
78,56,0,-17
78,57,0,2
78,58,0,12
78,59,0,8
78,60,0,8
78,61,0,10
78,62,0,1
78,63,0,32
78,64,0,17
78,65,0,23
78,66,0,5
78,67,0,-11
78,68,0,-12
78,69,0,24
78,71,0,7
78,72,0,-6
78,73,0,7
78,74,0,-4
78,75,0,-17
78,76,0,-8
78,77,0,4
78,78,0,151
78,79,0,-23
78,80,0,-15
78,81,0,-5
78,82,0,8
78,83,0,-2
78,84,0,6
78,85,0,25
78,86,0,6
78,87,0,4
78,88,0,-15
78,89,0,4
79,1,0,4
79,2,0,-21
79,3,0,-18
79,4,0,5
79,5,0,-11
79,6,0,-2
79,7,0,6
79,8,0,-10
79,9,0,9
79,10,0,-2
79,11,0,3
79,12,0,15
79,13,0,17
79,14,0,14
79,15,0,-11
79,16,0,-7
79,17,0,18
79,18,0,14
79,19,0,1
79,20,0,-13
79,21,0,8
79,22,0,-1
79,23,0,-3
79,24,0,22
79,25,0,-8
79,26,0,-10
79,27,0,-30
79,28,0,15
79,29,0,20
79,30,0,-7
79,31,0,-5
79,32,0,1
79,33,0,-17
79,34,0,-24
79,35,0,12
79,36,0,21
79,37,0,2
79,38,0,11
79,39,0,-7
79,40,0,7
79,41,0,8
79,42,0,26
79,43,0,6
79,44,0,7
79,45,0,1
79,46,0,4
79,47,0,6
79,48,0,-8
79,49,0,-3
79,50,0,2
79,51,0,-11
79,52,0,-4
79,53,0,-7
79,54,0,21
79,55,0,-8
79,56,0,1
79,57,0,3
79,58,0,-20
79,59,0,-15
79,60,0,-10
79,61,0,-2
79,62,0,4
79,63,0,-4
79,64,0,-23
79,65,0,-9
79,66,0,-3
79,67,0,-6
79,69,0,-10
79,70,0,-24
79,71,0,1
79,72,0,2
79,73,0,21
79,74,0,-11
79,75,0,19
79,76,0,31
79,77,0,-5
79,78,0,-23
79,79,0,129
79,80,0,-12
79,81,0,-15
79,82,0,24
79,83,0,-17
79,84,0,-8
79,85,0,14
79,86,0,3
79,87,0,-3
79,88,0,14
79,89,0,-33
80,1,0,-8
80,2,0,2
80,3,0,-7
80,4,0,6
80,5,0,-10
80,6,0,-22
80,7,0,11
80,8,0,-1
80,9,0,19
80,10,0,27
80,11,0,-8
80,13,0,-19
80,14,0,-33
80,15,0,4
80,16,0,-15
80,17,0,-18
80,18,0,-6
80,19,0,18
80,20,0,-16
80,21,0,24
80,23,0,-12
80,24,0,-20
80,25,0,-1
80,26,0,9
80,27,0,-20
80,28,0,17
80,29,0,10
80,30,0,15
80,31,0,-13
80,32,0,-2
80,33,0,7
80,34,0,1
80,35,0,-7
80,36,0,-3
80,37,0,-2
80,38,0,-7
80,39,0,1
80,40,0,-15
80,42,0,3
80,43,0,6
80,44,0,-2
80,45,0,-2
80,46,0,-10
80,47,0,-22
80,48,0,11
80,49,0,3
80,50,0,-26
80,51,0,15
80,52,0,-2
80,53,0,-3
80,54,0,-19
80,55,0,-12
80,56,0,-14
80,57,0,10
80,59,0,19
80,60,0,3
80,61,0,3
80,63,0,-19
80,64,0,15
80,65,0,-1
80,66,0,6
80,67,0,18
80,68,0,8
80,69,0,-10
80,70,0,11
80,71,0,-14
80,72,0,-2
80,73,0,8
80,74,0,43
80,75,0,22
80,76,0,-5
80,77,0,-16
80,78,0,-15
80,79,0,-12
80,80,0,136
80,81,0,12
80,82,0,-7
80,83,0,13
80,84,0,5
80,85,0,2
80,86,0,7
80,87,0,2
80,88,0,8
80,89,0,10
81,1,0,-12
81,2,0,-6
81,3,0,16
81,4,0,-18
81,5,0,-22
81,6,0,-27
81,7,0,-5
81,8,0,3
81,9,0,-2
81,10,0,2
81,11,0,14
81,12,0,-24
81,13,0,-14
81,14,0,17
81,15,0,3
81,16,0,-2
81,17,0,-25
81,18,0,5
81,19,0,-12
81,20,0,-1
81,21,0,18
81,22,0,-7
81,23,0,15
81,24,0,-5
81,25,0,15
81,26,0,-17
81,27,0,19
81,28,0,5
81,29,0,30
81,30,0,-19
81,31,0,-5
81,32,0,18
81,33,0,-10
81,34,0,27
81,35,0,11
81,36,0,6
81,37,0,5
81,38,0,-3
81,39,0,-7
81,40,0,5
81,42,0,17
81,43,0,8
81,44,0,3
81,45,0,-1
81,46,0,3
81,47,0,17
81,49,0,-10
81,50,0,-7
81,51,0,-2
81,52,0,2
81,54,0,-1
81,55,0,-14
81,56,0,-15
81,57,0,17
81,58,0,-14
81,60,0,6
81,61,0,21
81,63,0,-7
81,64,0,-22
81,65,0,-6
81,66,0,5
81,67,0,-1
81,68,0,10
81,69,0,8
81,70,0,-11
81,71,0,-4
81,72,0,20
81,73,0,-2
81,74,0,-7
81,75,0,-17
81,76,0,3
81,77,0,3
81,78,0,-5
81,79,0,-15
81,80,0,12
81,81,0,122
81,82,0,-16
81,83,0,13
81,84,0,-12
81,85,0,2
81,86,0,-17
81,88,0,21
81,89,0,14
82,1,0,12
82,2,0,-2
82,3,0,7
82,4,0,17
82,5,0,8
82,6,0,3
82,7,0,-10
82,8,0,7
82,9,0,4
82,10,0,7
82,11,0,-34
82,12,0,13
82,13,0,21
82,14,0,-1
82,15,0,15
82,16,0,4
82,17,0,16
82,18,0,-6
82,19,0,2
82,20,0,-24
82,21,0,12
82,22,0,-5
82,23,0,-3
82,24,0,-6
82,25,0,15
82,26,0,13
82,27,0,10
82,28,0,14
82,29,0,4
82,30,0,-26
82,31,0,9
82,32,0,-6
82,33,0,-21
82,35,0,-11
82,36,0,-5
82,37,0,-4
82,38,0,-15
82,39,0,-23
82,40,0,2
82,41,0,-8
82,42,0,17
82,43,0,-11
82,44,0,-10
82,45,0,14
82,46,0,17
82,47,0,-23
82,48,0,-8
82,49,0,-5
82,50,0,16
82,51,0,1
82,52,0,-17
82,53,0,9
82,54,0,-17
82,55,0,-18
82,56,0,1
82,57,0,-6
82,58,0,13
82,59,0,-26
82,60,0,19
82,61,0,-5
82,62,0,-7
82,63,0,5
82,64,0,-5
82,65,0,-11
82,66,0,-17
82,67,0,-23
82,68,0,4
82,69,0,12
82,70,0,8
82,71,0,-5
82,73,0,-3
82,74,0,-13
82,75,0,11
82,76,0,23
82,77,0,-15
82,78,0,8
82,79,0,24
82,80,0,-7
82,81,0,-16
82,82,0,132
82,83,0,-7
82,84,0,-1
82,85,0,-3
82,86,0,9
82,87,0,5
82,88,0,-9
82,89,0,-11
83,1,0,-11
83,2,0,8
83,3,0,5
83,4,0,-13
83,5,0,-20
83,6,0,1
83,7,0,-2
83,8,0,35
83,9,0,-1
83,10,0,6
83,11,0,-9
83,12,0,3
83,13,0,-17
83,14,0,5
83,15,0,3
83,16,0,5
83,17,0,15
83,18,0,-6
83,19,0,-12
83,20,0,-13
83,21,0,-10
83,22,0,6
83,23,0,4
83,24,0,9
83,25,0,-5
83,26,0,-3
83,27,0,12
83,28,0,-45
83,29,0,18
83,30,0,-17
83,31,0,-8
83,32,0,-14
83,33,0,-9
83,34,0,32
83,35,0,-17
83,36,0,11
83,37,0,-19
83,38,0,21
83,39,0,-17
83,40,0,3
83,41,0,19
83,42,0,22
83,43,0,-13
83,44,0,19
83,45,0,8
83,46,0,-8
83,47,0,-9
83,48,0,-17
83,49,0,-20
83,50,0,-5
83,51,0,12
83,52,0,10
83,53,0,9
83,54,0,5
83,55,0,2
83,56,0,13
83,57,0,-16
83,58,0,-15
83,59,0,-3
83,60,0,12
83,61,0,1
83,62,0,-7
83,63,0,12
83,64,0,11
83,65,0,11
83,66,0,20
83,67,0,-26
83,68,0,14
83,69,0,-9
83,70,0,-20
83,72,0,7
83,73,0,-13
83,74,0,3
83,75,0,-4
83,76,0,-30
83,77,0,17
83,78,0,-2
83,79,0,-17
83,80,0,13
83,81,0,13
83,82,0,-7
83,83,0,139
83,84,0,32
83,85,0,19
83,86,0,-18
83,87,0,4
83,88,0,-11
83,89,0,-4
84,1,0,-9
84,2,0,-19
84,3,0,26
84,4,0,17
84,5,0,-11
84,6,0,28
84,7,0,9
84,8,0,1
84,9,0,-15
84,10,0,30
84,11,0,15
84,12,0,12
84,13,0,-8
84,14,0,34
84,15,0,5
84,16,0,-14
84,17,0,41
84,18,0,-8
84,19,0,31
84,20,0,3
84,21,0,-17
84,23,0,-7
84,24,0,-14
84,25,0,4
84,26,0,-2
84,27,0,-6
84,28,0,-17
84,29,0,-18
84,30,0,-15
84,31,0,-3
84,32,0,-10
84,33,0,-21
84,34,0,1
84,35,0,-16
84,36,0,-28
84,37,0,-8
84,38,0,11
84,39,0,-2
84,40,0,-7
84,41,0,-7
84,42,0,27
84,43,0,-15
84,44,0,-10
84,45,0,-30
84,46,0,-17
84,47,0,1
84,48,0,-20
84,49,0,-15
84,50,0,-4
84,51,0,16
84,52,0,33
84,53,0,12
84,54,0,26
84,55,0,5
84,56,0,21
84,57,0,16
84,58,0,-5
84,59,0,-12
84,60,0,11
84,61,0,6
84,62,0,7
84,63,0,7
84,64,0,-13
84,65,0,-4
84,66,0,15
84,67,0,1
84,68,0,-9
84,69,0,12
84,70,0,-24
84,71,0,15
84,72,0,-3
84,73,0,-15
84,74,0,25
84,75,0,-23
84,76,0,-13
84,77,0,-3
84,78,0,6
84,79,0,-8
84,80,0,5
84,81,0,-12
84,82,0,-1
84,83,0,32
84,84,0,153
84,85,0,-18
84,86,0,12
84,87,0,11
84,88,0,33
84,89,0,-6
85,1,0,-9
85,2,0,27
85,3,0,-14
85,4,0,12
85,5,0,3
85,7,0,15
85,8,0,4
85,9,0,-9
85,10,0,-22
85,11,0,7
85,12,0,-6
85,13,0,-10
85,14,0,-12
85,15,0,-18
85,16,0,18
85,17,0,5
85,18,0,-15
85,19,0,1
85,20,0,-4
85,21,0,15
85,22,0,-28
85,23,0,-10
85,24,0,16
85,25,0,-20
85,26,0,10
85,27,0,-20
85,28,0,-1
85,29,0,-6
85,30,0,-17
85,31,0,5
85,32,0,-20
85,33,0,-10
85,34,0,4
85,35,0,20
85,36,0,10
85,38,0,-23
85,39,0,34
85,40,0,5
85,41,0,3
85,42,0,25
85,43,0,10
85,44,0,32
85,45,0,-26
85,46,0,17
85,47,0,-2
85,48,0,8
85,49,0,1
85,50,0,-6
85,51,0,12
85,52,0,3
85,53,0,-10
85,54,0,-10
85,56,0,9
85,57,0,-26
85,58,0,-17
85,60,0,-18
85,61,0,6
85,62,0,13
85,63,0,10
85,64,0,17
85,65,0,13
85,66,0,12
85,67,0,-43
85,68,0,7
85,69,0,15
85,70,0,-1
85,71,0,14
85,72,0,20
85,73,0,-11
85,74,0,-1
85,75,0,22
85,76,0,-20
85,77,0,12
85,78,0,25
85,79,0,14
85,80,0,2
85,81,0,2
85,82,0,-3
85,83,0,19
85,84,0,-18
85,85,0,149
85,86,0,18
85,87,0,-14
85,88,0,14
85,89,0,-27
86,1,0,-8
86,2,0,10
86,3,0,24
86,4,0,16
86,5,0,14
86,6,0,-26
86,7,0,15
86,8,0,23
86,9,0,-23
86,10,0,-2
86,11,0,10
86,12,0,-3
86,13,0,-2
86,14,0,15
86,15,0,-1
86,16,0,-12
86,17,0,32
86,18,0,-3
86,19,0,6
86,20,0,13
86,21,0,-17
86,22,0,-22
86,23,0,10
86,24,0,-18
86,25,0,6
86,26,0,-10
86,27,0,-9
86,28,0,-8
86,29,0,3
86,30,0,-4
86,31,0,-7
86,32,0,10
86,33,0,2
86,34,0,7
86,35,0,-9
86,36,0,2
86,37,0,8
86,38,0,-23
86,39,0,21
86,40,0,-5
86,41,0,11
86,42,0,4
86,43,0,2
86,44,0,9
86,45,0,-16
86,46,0,-10
86,47,0,-8
86,48,0,-10
86,49,0,20
86,50,0,-10
86,51,0,-1
86,52,0,5
86,53,0,2
86,54,0,2
86,55,0,-14
86,56,0,-6
86,57,0,-11
86,58,0,15
86,59,0,34
86,60,0,-16
86,61,0,-13
86,62,0,10
86,63,0,1
86,64,0,-11
86,65,0,3
86,66,0,5
86,67,0,-19
86,68,0,8
86,69,0,-13
86,70,0,20
86,71,0,-16
86,72,0,-2
86,73,0,-6
86,74,0,-5
86,75,0,27
86,76,0,-13
86,77,0,-10
86,78,0,6
86,79,0,3
86,80,0,7
86,81,0,-17
86,82,0,9
86,83,0,-18
86,84,0,12
86,85,0,18
86,86,0,146
86,87,0,-7
86,88,0,-4
86,89,0,-20
87,1,0,-10
87,2,0,-29
87,3,0,7
87,4,0,-28
87,5,0,-19
87,6,0,-8
87,7,0,-5
87,8,0,7
87,9,0,15
87,10,0,8
87,11,0,6
87,12,0,6
87,13,0,2
87,14,0,2
87,15,0,-4
87,16,0,3
87,17,0,18
87,18,0,-2
87,19,0,3
87,20,0,-4
87,21,0,2
87,22,0,-5
87,23,0,-4
87,24,0,-31
87,25,0,-3
87,26,0,7
87,27,0,-28
87,28,0,-5
87,29,0,-1
87,30,0,3
87,32,0,11
87,33,0,-7
87,34,0,-3
87,35,0,-11
87,36,0,-6
87,37,0,-4
87,38,0,-2
87,39,0,-23
87,40,0,-4
87,41,0,-35
87,42,0,-8
87,43,0,-12
87,44,0,-1
87,45,0,16
87,46,0,-14
87,47,0,-22
87,48,0,9
87,49,0,-9
87,50,0,4
87,51,0,-18
87,52,0,-14
87,53,0,22
87,54,0,-12
87,55,0,3
87,56,0,-10
87,57,0,-4
87,58,0,-3
87,59,0,16
87,60,0,-4
87,61,0,-7
87,62,0,20
87,63,0,33
87,64,0,-12
87,65,0,-4
87,66,0,-11
87,68,0,7
87,69,0,29
87,70,0,-3
87,71,0,-4
87,72,0,-20
87,73,0,-18
87,74,0,8
87,75,0,-21
87,76,0,13
87,77,0,4
87,78,0,4
87,79,0,-3
87,80,0,2
87,82,0,5
87,83,0,4
87,84,0,11
87,85,0,-14
87,86,0,-7
87,87,0,137
87,88,0,-7
87,89,0,-8
88,1,0,-16
88,2,0,-5
88,3,0,-9
88,4,0,-9
88,5,0,-16
88,6,0,9
88,7,0,15
88,8,0,-27
88,9,0,11
88,10,0,2
88,11,0,16
88,12,0,9
88,13,0,-7
88,14,0,32
88,15,0,2
88,16,0,-8
88,17,0,9
88,18,0,-5
88,19,0,19
88,20,0,-9
88,21,0,9
88,22,0,14
88,23,0,-14
88,24,0,10
88,25,0,-11
88,26,0,9
88,27,0,-4
88,28,0,-9
88,29,0,2
88,30,0,28
88,31,0,8
88,32,0,-31
88,33,0,-25
88,34,0,8
88,35,0,32
88,36,0,3
88,37,0,6
88,38,0,27
88,39,0,2
88,40,0,-10
88,41,0,-7
88,42,0,10
88,43,0,2
88,44,0,13
88,45,0,-3
88,46,0,1
88,47,0,18
88,48,0,18
88,49,0,-17
88,50,0,7
88,51,0,-14
88,52,0,18
88,53,0,-19
88,54,0,2
88,55,0,-18
88,56,0,7
88,58,0,-21
88,59,0,-13
88,60,0,-33
88,61,0,5
88,62,0,2
88,63,0,-9
88,64,0,-17
88,65,0,1
88,66,0,-6
88,67,0,1
88,68,0,-3
88,69,0,16
88,70,0,-12
88,71,0,16
88,72,0,-7
88,74,0,15
88,75,0,-6
88,76,0,-6
88,77,0,2
88,78,0,-15
88,79,0,14
88,80,0,8
88,81,0,21
88,82,0,-9
88,83,0,-11
88,84,0,33
88,85,0,14
88,86,0,-4
88,87,0,-7
88,88,0,136
88,89,0,-12
89,1,0,8
89,2,0,9
89,3,0,-5
89,4,0,14
89,5,0,-9
89,6,0,7
89,7,0,-10
89,8,0,9
89,9,0,5
89,10,0,23
89,11,0,-7
89,12,0,-6
89,13,0,-3
89,14,0,-23
89,15,0,21
89,16,0,-6
89,17,0,-19
89,18,0,-27
89,19,0,15
89,20,0,10
89,21,0,-5
89,22,0,11
89,23,0,-2
89,24,0,-16
89,25,0,8
89,26,0,15
89,27,0,16
89,28,0,-11
89,29,0,-19
89,30,0,13
89,31,0,-7
89,32,0,1
89,33,0,29
89,34,0,2
89,35,0,-3
89,36,0,-12
89,37,0,-9
89,38,0,18
89,39,0,16
89,40,0,-3
89,41,0,13
89,42,0,-10
89,43,0,-9
89,44,0,-11
89,45,0,25
89,46,0,-9
89,47,0,10
89,48,0,4
89,49,0,-23
89,50,0,10
89,51,0,6
89,52,0,-14
89,53,0,21
89,54,0,-27
89,56,0,-25
89,57,0,14
89,58,0,12
89,59,0,-3
89,60,0,23
89,61,0,18
89,62,0,-1
89,63,0,16
89,64,0,3
89,65,0,-4
89,66,0,11
89,67,0,-1
89,68,0,5
89,69,0,5
89,70,0,4
89,71,0,-22
89,72,0,8
89,73,0,4
89,74,0,13
89,75,0,-18
89,76,0,-2
89,77,0,-3
89,78,0,4
89,79,0,-33
89,80,0,10
89,81,0,14
89,82,0,-11
89,83,0,-4
89,84,0,-6
89,85,0,-27
89,86,0,-20
89,87,0,-8
89,88,0,-12
89,89,0,124
90,1,0,-1
91,1,0,-1
92,1,0,-1
93,1,0,-1
94,1,0,-1
95,1,0,-1
96,1,0,-1
97,1,0,-1
98,1,0,-1
99,1,0,-1
100,1,0,-1
100,100,0,2
100,100,1,1
101,2,0,-1
101,101,0,3
102,3,0,-1
102,102,0,4
103,4,0,-1
103,103,0,1
103,103,1,1
104,5,0,-1
104,104,0,2
105,6,0,-1
105,105,0,3
106,7,0,-1
106,106,0,5
107,8,0,-1
107,107,0,2
108,9,0,-1
108,108,0,2
108,108,1,1
109,10,0,-1
109,109,0,4
110,11,0,-1
110,110,0,1
110,110,1,-1
111,12,0,-1
111,111,0,1
112,13,0,-1
112,112,0,2
113,14,0,-1
113,113,0,2
113,113,1,1
114,15,0,-1
114,114,0,2
114,114,1,1
115,16,0,-1
115,115,0,4
115,115,1,2
116,17,0,-1
116,116,0,1
117,18,0,-1
117,117,0,2
117,117,1,1
118,19,0,-1
118,118,0,2
119,20,0,-1
119,119,0,3
119,119,1,-1
120,21,0,-1
120,120,0,4
120,120,1,2
121,22,0,-1
121,121,0,4
121,121,1,2
122,23,0,-1
122,122,0,3
123,24,0,-1
123,123,0,3
123,123,1,1
124,25,0,-1
124,124,0,2
125,26,0,-1
125,125,0,2
125,125,1,-1
126,27,0,-1
126,126,0,4
126,126,1,3
127,28,0,-1
127,127,0,5
128,29,0,-1
128,128,0,2
128,128,1,1
129,30,0,-1
129,129,0,5
129,129,1,-3
130,31,0,-1
130,130,0,4
130,130,1,-2
131,32,0,-1
131,131,0,2
131,131,1,2
132,33,0,-1
132,132,0,2
133,34,0,-1
133,133,0,5
134,35,0,-1
134,134,0,2
134,134,1,-1
135,36,0,-1
135,135,0,5
135,135,1,3
136,37,0,-1
136,136,0,2
137,38,0,-1
137,137,0,3
138,39,0,-1
138,138,0,4
138,138,1,3
139,40,0,-1
139,139,0,2
140,41,0,-1
140,140,0,4
141,42,0,-1
141,141,0,2
142,43,0,-1
142,142,0,4
143,44,0,-1
143,143,0,2
144,45,0,-1
144,144,0,3
145,46,0,-1
145,145,0,5
146,47,0,-1
146,146,0,4
147,48,0,-1
147,147,0,2
148,49,0,-1
148,148,0,3
148,148,1,2
149,50,0,-1
149,149,0,1
149,149,1,-1
150,51,0,-1
150,150,0,4
151,52,0,-1
151,151,0,2
151,151,1,-1
152,53,0,-1
152,152,0,2
153,54,0,-1
153,153,0,1
154,55,0,-1
154,154,0,3
154,154,1,1
155,56,0,-1
155,155,0,3
155,155,1,-1
156,57,0,-1
156,156,0,1
157,58,0,-1
157,157,0,4
158,59,0,-1
158,158,0,4
159,60,0,-1
159,159,0,4
159,159,1,-4
160,61,0,-1
160,160,0,3
160,160,1,1
161,62,0,-1
161,161,0,3
162,63,0,-1
162,162,0,5
162,162,1,1
163,64,0,-1
163,163,0,4
163,163,1,-2
164,65,0,-1
164,164,0,2
165,66,0,-1
165,165,0,5
166,67,0,-1
166,166,0,3
167,68,0,-1
167,167,0,5
167,167,1,-2
168,69,0,-1
168,168,0,4
168,168,1,3
169,70,0,-1
169,169,0,3
170,71,0,-1
170,170,0,3
171,72,0,-1
171,171,0,2
172,73,0,-1
172,172,0,4
173,74,0,-1
173,173,0,2
174,75,0,-1
174,174,0,1
175,76,0,-1
175,175,0,1

q_data
1,0,-628
2,0,439
3,0,-119
4,0,-416
5,0,91
6,0,-116
7,0,-306
8,0,-481
9,0,305
10,0,-745
11,0,-552
12,0,-735
13,0,-293
14,0,-400
14,1,79
15,0,-898
16,0,-519
17,0,-1136
18,0,-654
18,1,-179
19,0,-207
20,0,147
21,0,-207
22,0,-274
23,0,-93
23,1,10
24,0,772
25,0,-782
26,0,-447
27,0,-168
28,0,-62
29,0,-355
29,1,-203
30,0,344
31,0,-276
32,0,369
33,0,587
34,0,-274
34,1,-196
35,0,-376
36,0,-253
37,0,-157
38,0,-222
39,0,324
39,1,185
40,0,-738
41,0,177
41,1,-7
42,0,-402
43,0,88
43,1,-20
44,0,-222
44,1,152
45,0,-504
46,0,-980
47,0,-182
48,0,-206
49,0,273
50,0,-337
51,0,-147
51,1,-146
52,0,-54
53,0,-107
53,1,93
54,0,-392
55,0,-215
56,0,-653
57,0,-154
58,0,-707
59,0,404
60,0,-502
61,0,-93
62,0,-166
63,0,-303
63,1,74
64,0,-48
65,0,23
66,0,198
67,0,-287
68,0,82
69,0,-845
70,0,-154
70,1,85
71,0,-450
72,0,154
73,0,-392
73,1,-2
74,0,-545
75,0,192
76,0,35
76,1,-19
77,0,-309
78,0,-610
79,0,-98
80,0,-89
81,0,-99
81,1,-34
82,0,-757
82,1,-623
83,0,-272
84,0,-907
85,0,21
86,0,41
87,0,-245
88,0,-771
89,0,-176
89,1,68
90,0,2
90,1,1
91,0,2
91,1,-1
92,0,2
93,0,2
94,0,2
95,0,2
96,0,2
97,0,2
97,1,-1
98,0,2
99,0,2
100,0,-6
101,0,-4
101,1,2
102,0,-19
103,0,2
104,0,7
105,0,-4
106,0,-3
106,1,-1
108,0,-3
109,0,7
110,0,3
111,0,4
112,0,-2
113,0,4
114,0,-3
114,1,1
115,0,-9
116,0,2
116,1,2
117,0,-7
118,0,-2
118,1,-1
119,0,-1
120,0,-11
121,0,1
122,0,-12
123,0,-3
124,0,-3
124,1,1
125,0,3
126,0,7
126,1,-5
127,0,-14
128,0,-4
130,0,5
131,0,-2
132,0,-7
133,0,-1
135,0,-22
135,1,13
136,0,2
137,0,-6
137,1,1
138,0,2
139,0,-1
140,0,-17
141,0,8
142,0,-6
143,0,1
144,0,-6
145,0,-15
146,0,5
147,0,-5
148,0,-12
149,0,-1
150,0,-12
151,0,-7
152,0,-6
152,1,2
154,0,-10
155,0,-7
156,0,-1
157,0,1
158,0,-8
159,0,-2
160,0,-3
160,1,1
161,0,2
162,0,-18
163,0,3
164,0,-10
165,0,-5
166,0,-2
167,0,-8
168,0,7
169,0,-5
170,0,-11
171,0,-3
172,0,-2
173,0,8
174,0,-2
175,0,-1

Param_Space
1,1,-1
2,1,1

Param_Space_RHS
0
1

END
