LCP


h
75

k
1

M_data
1,1,0,92
1,2,0,-1
1,3,0,-9
1,4,0,-10
1,5,0,29
1,6,0,6
1,7,0,1
1,8,0,14
1,9,0,-1
1,10,0,2
1,11,0,7
1,12,0,-2
1,13,0,-10
1,14,0,6
1,15,0,14
1,16,0,-8
1,17,0,-11
1,18,0,12
1,19,0,9
1,20,0,1
1,21,0,10
1,22,0,1
1,23,0,13
1,24,0,-1
1,25,0,-9
1,26,0,-30
1,27,0,-14
1,28,0,7
1,29,0,21
1,30,0,13
1,31,0,-11
1,32,0,12
1,33,0,-13
1,34,0,-26
1,35,0,20
1,36,0,-6
1,37,0,6
1,38,0,20
1,39,0,-6
1,40,0,15
1,41,0,-1
1,42,0,1
1,43,0,3
1,44,0,-14
1,45,0,-8
1,46,0,-4
1,47,0,21
1,48,0,2
1,49,0,-10
1,50,0,7
1,51,0,2
1,52,0,-4
1,53,0,-4
1,54,0,-2
1,55,0,11
1,56,0,-9
1,57,0,-15
1,58,0,-1
1,59,0,20
1,60,0,20
1,61,0,-11
1,62,0,-10
1,63,0,1
1,64,0,1
1,65,0,1
1,66,0,1
1,67,0,1
1,68,0,1
1,69,0,1
1,70,0,1
1,71,0,1
1,72,0,1
1,73,0,1
2,1,0,-1
2,2,0,98
2,3,0,-1
2,4,0,-20
2,5,0,19
2,6,0,-11
2,7,0,12
2,8,0,17
2,10,0,-20
2,11,0,12
2,12,0,20
2,13,0,-3
2,14,0,10
2,15,0,21
2,16,0,-6
2,17,0,-13
2,18,0,23
2,19,0,-5
2,20,0,10
2,21,0,-5
2,22,0,3
2,23,0,12
2,24,0,-2
2,25,0,17
2,26,0,-11
2,29,0,30
2,30,0,-7
2,32,0,-20
2,33,0,23
2,34,0,12
2,35,0,-4
2,36,0,7
2,37,0,17
2,38,0,8
2,39,0,-10
2,40,0,-3
2,41,0,17
2,42,0,6
2,43,0,12
2,44,0,-1
2,45,0,-8
2,46,0,-12
2,47,0,-4
2,48,0,1
2,49,0,-14
2,50,0,6
2,51,0,-16
2,52,0,14
2,53,0,-18
2,54,0,-8
2,55,0,-5
2,56,0,-15
2,57,0,-5
2,58,0,13
2,59,0,-10
2,60,0,17
2,61,0,-3
2,62,0,9
2,74,0,1
3,1,0,-9
3,2,0,-1
3,3,0,80
3,4,0,12
3,5,0,-12
3,6,0,3
3,7,0,6
3,8,0,2
3,9,0,30
3,10,0,2
3,11,0,-5
3,12,0,-2
3,13,0,3
3,14,0,-1
3,15,0,6
3,16,0,-4
3,17,0,14
3,18,0,-2
3,19,0,-1
3,20,0,-5
3,21,0,-3
3,22,0,-11
3,23,0,-8
3,24,0,-9
3,25,0,-15
3,26,0,-9
3,27,0,-3
3,28,0,-18
3,29,0,-4
3,30,0,-23
3,31,0,-31
3,32,0,-9
3,33,0,1
3,34,0,7
3,35,0,16
3,36,0,17
3,37,0,5
3,38,0,15
3,39,0,-14
3,40,0,-14
3,41,0,7
3,42,0,14
3,43,0,6
3,44,0,-30
3,45,0,22
3,46,0,-2
3,47,0,-16
3,48,0,13
3,49,0,6
3,50,0,2
3,51,0,10
3,52,0,7
3,53,0,14
3,54,0,-2
3,55,0,-2
3,56,0,-7
3,57,0,14
3,58,0,-1
3,59,0,-16
3,60,0,-7
3,61,0,-10
3,62,0,13
3,75,0,1
4,1,0,-10
4,2,0,-20
4,3,0,12
4,4,0,81
4,5,0,13
4,6,0,-4
4,7,0,-11
4,8,0,-8
4,9,0,-4
4,10,0,15
4,11,0,-3
4,12,0,13
4,13,0,-1
4,14,0,-16
4,15,0,-8
4,16,0,19
4,17,0,-4
4,18,0,-6
4,19,0,-1
4,20,0,-1
4,21,0,24
4,22,0,-3
4,23,0,11
4,24,0,-5
4,25,0,-8
4,26,0,15
4,27,0,18
4,28,0,-20
4,29,0,-5
4,30,0,14
4,31,0,-8
4,32,0,-1
4,34,0,2
4,35,0,-1
4,36,0,5
4,37,0,12
4,38,0,-7
4,39,0,17
4,40,0,1
4,41,0,-14
4,42,0,2
4,43,0,-20
4,44,0,24
4,45,0,-7
4,46,0,-12
4,47,0,1
4,48,0,12
4,49,0,8
4,50,0,23
4,51,0,-8
4,52,0,-6
4,53,0,15
4,54,0,3
4,55,0,2
4,56,0,-3
4,57,0,9
4,58,0,20
4,59,0,17
4,60,0,10
4,61,0,-12
4,62,0,-13
5,1,0,29
5,2,0,19
5,3,0,-12
5,4,0,13
5,5,0,110
5,6,0,14
5,7,0,-9
5,8,0,12
5,9,0,3
5,10,0,-21
5,11,0,7
5,12,0,19
5,13,0,-15
5,14,0,11
5,15,0,-1
5,16,0,3
5,17,0,-20
5,18,0,5
5,19,0,-1
5,20,0,9
5,21,0,-13
5,22,0,16
5,23,0,10
5,24,0,6
5,25,0,21
5,26,0,30
5,27,0,6
5,28,0,19
5,29,0,9
5,30,0,19
5,31,0,-9
5,32,0,2
5,33,0,10
5,34,0,-11
5,35,0,4
5,36,0,17
5,37,0,-3
5,38,0,23
5,39,0,-5
5,40,0,-4
5,41,0,3
5,42,0,11
5,43,0,12
5,44,0,-8
5,45,0,5
5,46,0,-13
5,47,0,12
5,48,0,1
5,49,0,-14
5,50,0,2
5,51,0,-2
5,52,0,20
5,53,0,-19
5,54,0,-4
5,55,0,-11
5,56,0,-4
5,57,0,-13
5,58,0,9
5,59,0,14
5,60,0,28
5,61,0,-5
5,62,0,5
6,1,0,6
6,2,0,-11
6,3,0,3
6,4,0,-4
6,5,0,14
6,6,0,100
6,7,0,-19
6,8,0,-23
6,9,0,5
6,10,0,-9
6,11,0,-3
6,12,0,-14
6,13,0,-1
6,14,0,5
6,15,0,9
6,16,0,1
6,17,0,-4
6,18,0,2
6,19,0,-13
6,20,0,32
6,21,0,-2
6,22,0,-11
6,23,0,-6
6,24,0,-4
6,25,0,14
6,26,0,-11
6,27,0,-7
6,28,0,-13
6,29,0,-23
6,30,0,11
6,31,0,-3
6,32,0,11
6,33,0,2
6,34,0,-11
6,35,0,-9
6,36,0,12
6,37,0,3
6,38,0,-5
6,39,0,9
6,40,0,1
6,41,0,11
6,42,0,-3
6,43,0,13
6,44,0,-10
6,45,0,17
6,46,0,-9
6,47,0,22
6,48,0,-3
6,49,0,-16
6,50,0,16
6,51,0,-4
6,52,0,-3
6,53,0,2
6,54,0,-20
6,55,0,-6
6,56,0,-5
6,57,0,-3
6,58,0,7
6,59,0,-23
6,60,0,-4
6,61,0,-16
6,62,0,17
7,1,0,1
7,2,0,12
7,3,0,6
7,4,0,-11
7,5,0,-9
7,6,0,-19
7,7,0,120
7,8,0,-15
7,9,0,11
7,10,0,15
7,11,0,-4
7,12,0,-2
7,13,0,-12
7,14,0,-5
7,15,0,1
7,16,0,5
7,17,0,-5
7,18,0,8
7,19,0,-5
7,20,0,-4
7,21,0,-4
7,22,0,-5
7,23,0,-4
7,24,0,-17
7,25,0,7
7,26,0,-5
7,27,0,15
7,28,0,-3
7,29,0,-21
7,30,0,-5
7,31,0,-4
7,32,0,-1
7,33,0,13
7,34,0,11
7,35,0,-7
7,36,0,3
7,37,0,-1
7,38,0,8
7,39,0,-11
7,40,0,-14
7,41,0,5
7,42,0,3
7,43,0,8
7,44,0,7
7,45,0,-9
7,46,0,-30
7,47,0,-12
7,48,0,-17
7,49,0,-2
7,50,0,10
7,51,0,24
7,52,0,15
7,53,0,34
7,54,0,14
7,55,0,-1
7,56,0,-15
7,57,0,-20
7,59,0,-6
7,60,0,10
7,61,0,3
7,62,0,-8
8,1,0,14
8,2,0,17
8,3,0,2
8,4,0,-8
8,5,0,12
8,6,0,-23
8,7,0,-15
8,8,0,81
8,9,0,-1
8,10,0,16
8,11,0,-12
8,12,0,4
8,13,0,-19
8,14,0,10
8,15,0,1
8,16,0,-9
8,17,0,-14
8,19,0,2
8,20,0,3
8,21,0,4
8,22,0,-4
8,23,0,10
8,24,0,1
8,25,0,7
8,26,0,9
8,28,0,1
8,29,0,25
8,30,0,4
8,31,0,11
8,32,0,-5
8,33,0,7
8,34,0,6
8,35,0,13
8,36,0,-10
8,37,0,8
8,38,0,6
8,39,0,-5
8,41,0,-4
8,42,0,-1
8,43,0,10
8,44,0,-9
8,45,0,-6
8,46,0,25
8,47,0,13
8,48,0,12
8,49,0,-6
8,50,0,-10
8,51,0,-9
8,52,0,-11
8,53,0,21
8,54,0,-5
8,55,0,-10
8,56,0,-4
8,57,0,-7
8,58,0,-10
8,59,0,3
8,60,0,2
8,61,0,1
8,62,0,-16
9,1,0,-1
9,3,0,30
9,4,0,-4
9,5,0,3
9,6,0,5
9,7,0,11
9,8,0,-1
9,9,0,87
9,10,0,-19
9,11,0,13
9,12,0,2
9,13,0,-8
9,14,0,3
9,15,0,15
9,16,0,-14
9,17,0,-10
9,18,0,2
9,19,0,16
9,20,0,5
9,21,0,-18
9,22,0,6
9,23,0,-10
9,24,0,-12
9,26,0,2
9,28,0,-4
9,29,0,-3
9,30,0,9
9,31,0,-16
9,32,0,24
9,33,0,4
9,34,0,-3
9,35,0,-12
9,36,0,5
9,37,0,-22
9,38,0,5
9,39,0,-25
9,40,0,-18
9,41,0,27
9,42,0,13
9,43,0,-5
9,44,0,-24
9,45,0,16
9,46,0,-3
9,47,0,-14
9,48,0,14
9,49,0,12
9,50,0,5
9,51,0,27
9,52,0,-14
9,54,0,-1
9,55,0,2
9,56,0,4
9,57,0,6
9,58,0,-25
9,59,0,-3
9,60,0,10
9,61,0,-3
9,62,0,-2
10,1,0,2
10,2,0,-20
10,3,0,2
10,4,0,15
10,5,0,-21
10,6,0,-9
10,7,0,15
10,8,0,16
10,9,0,-19
10,10,0,106
10,11,0,-11
10,12,0,-5
10,13,0,-15
10,14,0,4
10,15,0,-29
10,16,0,2
10,17,0,-3
10,19,0,-14
10,20,0,7
10,21,0,37
10,22,0,-14
10,23,0,-6
10,24,0,-4
10,25,0,8
10,26,0,20
10,27,0,-16
10,28,0,-11
10,29,0,-5
10,30,0,13
10,31,0,24
10,32,0,16
10,33,0,-4
10,34,0,-4
10,35,0,1
10,36,0,-14
10,37,0,-4
10,38,0,5
10,39,0,-10
10,40,0,10
10,41,0,2
10,42,0,-13
10,43,0,-14
10,44,0,16
10,45,0,-20
10,46,0,10
10,47,0,-2
10,48,0,-4
10,49,0,14
10,50,0,-4
10,51,0,6
10,52,0,-8
10,53,0,15
10,54,0,5
10,55,0,5
10,56,0,-2
10,57,0,-17
10,58,0,4
10,59,0,-13
10,60,0,1
10,61,0,10
10,62,0,-5
11,1,0,7
11,2,0,12
11,3,0,-5
11,4,0,-3
11,5,0,7
11,6,0,-3
11,7,0,-4
11,8,0,-12
11,9,0,13
11,10,0,-11
11,11,0,93
11,12,0,-3
11,13,0,-11
11,14,0,-16
11,15,0,-4
11,16,0,2
11,17,0,15
11,18,0,-13
11,19,0,-3
11,20,0,11
11,22,0,31
11,24,0,2
11,25,0,10
11,26,0,-16
11,27,0,-9
11,28,0,6
11,29,0,14
11,30,0,10
11,31,0,-18
11,32,0,-12
11,33,0,-11
11,34,0,-21
11,35,0,-5
11,36,0,-5
11,37,0,-7
11,38,0,9
11,39,0,15
11,40,0,14
11,41,0,15
11,42,0,21
11,43,0,-12
11,44,0,-20
11,45,0,-6
11,46,0,-8
11,47,0,-11
11,48,0,19
11,49,0,6
11,50,0,-1
11,51,0,-2
11,52,0,-19
11,53,0,-16
11,54,0,13
11,55,0,8
11,56,0,-6
11,57,0,14
11,58,0,-3
11,60,0,9
11,61,0,-9
11,62,0,18
12,1,0,-2
12,2,0,20
12,3,0,-2
12,4,0,13
12,5,0,19
12,6,0,-14
12,7,0,-2
12,8,0,4
12,9,0,2
12,10,0,-5
12,11,0,-3
12,12,0,96
12,13,0,-1
12,14,0,-8
12,15,0,5
12,16,0,8
12,18,0,-7
12,19,0,14
12,20,0,27
12,21,0,-12
12,22,0,-15
12,23,0,7
12,24,0,-20
12,25,0,19
12,26,0,14
12,27,0,-4
12,28,0,-16
12,29,0,17
12,30,0,-3
12,31,0,6
12,32,0,11
12,33,0,-4
12,34,0,-1
12,35,0,10
12,36,0,-5
12,37,0,-15
12,38,0,-24
12,39,0,-9
12,40,0,-4
12,41,0,1
12,42,0,-2
12,43,0,7
12,44,0,19
12,45,0,-18
12,46,0,-24
12,47,0,4
12,48,0,7
12,49,0,-13
12,50,0,-6
12,51,0,-16
12,52,0,19
12,53,0,11
12,54,0,10
12,55,0,3
12,56,0,-7
12,57,0,-5
12,58,0,20
12,59,0,9
12,60,0,7
12,61,0,-5
12,62,0,-26
13,1,0,-10
13,2,0,-3
13,3,0,3
13,4,0,-1
13,5,0,-15
13,6,0,-1
13,7,0,-12
13,8,0,-19
13,9,0,-8
13,10,0,-15
13,11,0,-11
13,12,0,-1
13,13,0,70
13,14,0,15
13,16,0,-9
13,17,0,13
13,18,0,5
13,20,0,-2
13,21,0,-11
13,22,0,-12
13,23,0,5
13,24,0,2
13,25,0,-5
13,26,0,5
13,27,0,-27
13,28,0,-6
13,29,0,-9
13,30,0,-1
13,31,0,-3
13,32,0,-2
13,33,0,-1
13,34,0,-5
13,35,0,9
13,36,0,-1
13,37,0,4
13,38,0,15
13,39,0,6
13,40,0,4
13,41,0,9
13,42,0,-14
13,43,0,12
13,44,0,-7
13,45,0,18
13,46,0,-23
13,47,0,8
13,48,0,1
13,49,0,-2
13,50,0,-23
13,51,0,-8
13,52,0,18
13,53,0,6
13,54,0,10
13,55,0,-6
13,56,0,-6
13,57,0,21
13,58,0,-9
13,59,0,-9
13,60,0,1
13,61,0,11
13,62,0,-21
14,1,0,6
14,2,0,10
14,3,0,-1
14,4,0,-16
14,5,0,11
14,6,0,5
14,7,0,-5
14,8,0,10
14,9,0,3
14,10,0,4
14,11,0,-16
14,12,0,-8
14,13,0,15
14,14,0,83
14,15,0,-12
14,16,0,-25
14,17,0,-17
14,18,0,3
14,19,0,2
14,20,0,2
14,21,0,-21
14,22,0,-21
14,24,0,13
14,25,0,9
14,26,0,6
14,27,0,-7
14,28,0,6
14,29,0,16
14,30,0,-1
14,31,0,17
14,32,0,11
14,33,0,19
14,34,0,1
14,35,0,1
14,36,0,12
14,37,0,-3
14,38,0,9
14,39,0,-9
14,40,0,3
14,41,0,6
14,42,0,-10
14,43,0,9
14,44,0,6
14,45,0,11
14,46,0,14
14,47,0,-3
14,48,0,-21
14,49,0,-10
14,50,0,-24
14,51,0,9
14,52,0,4
14,53,0,-3
14,54,0,-13
14,55,0,-32
14,56,0,-8
14,57,0,-10
14,58,0,3
14,59,0,-4
14,60,0,4
14,61,0,14
14,62,0,-20
15,1,0,14
15,2,0,21
15,3,0,6
15,4,0,-8
15,5,0,-1
15,6,0,9
15,7,0,1
15,8,0,1
15,9,0,15
15,10,0,-29
15,11,0,-4
15,12,0,5
15,14,0,-12
15,15,0,126
15,16,0,-2
15,17,0,-15
15,18,0,6
15,19,0,12
15,20,0,2
15,21,0,-8
15,22,0,18
15,23,0,5
15,24,0,-2
15,25,0,-5
15,26,0,-14
15,27,0,2
15,28,0,-2
15,29,0,30
15,30,0,4
15,31,0,15
15,32,0,6
15,33,0,13
15,34,0,-3
15,35,0,-14
15,36,0,-9
15,37,0,8
15,38,0,11
15,39,0,-10
15,41,0,15
15,42,0,26
15,43,0,9
15,44,0,-15
15,45,0,14
15,46,0,9
15,47,0,2
15,48,0,2
15,49,0,-19
15,50,0,15
15,51,0,-9
15,52,0,16
15,53,0,-3
15,54,0,-2
15,55,0,9
15,56,0,-19
15,57,0,3
15,58,0,-9
15,59,0,6
15,60,0,8
15,61,0,-17
15,62,0,13
16,1,0,-8
16,2,0,-6
16,3,0,-4
16,4,0,19
16,5,0,3
16,6,0,1
16,7,0,5
16,8,0,-9
16,9,0,-14
16,10,0,2
16,11,0,2
16,12,0,8
16,13,0,-9
16,14,0,-25
16,15,0,-2
16,16,0,70
16,17,0,7
16,18,0,-4
16,19,0,19
16,20,0,-11
16,21,0,18
16,23,0,-16
16,24,0,7
16,25,0,-1
16,26,0,19
16,27,0,3
16,28,0,-12
16,29,0,-10
16,30,0,5
16,31,0,-1
16,32,0,-4
16,33,0,-14
16,34,0,6
16,35,0,-7
16,36,0,-1
16,37,0,-7
16,38,0,-7
16,39,0,12
16,40,0,-19
16,41,0,-19
16,42,0,26
16,43,0,-4
16,44,0,19
16,45,0,-13
16,46,0,-7
16,47,0,10
16,48,0,11
16,49,0,4
16,50,0,14
16,52,0,-2
16,53,0,-4
16,54,0,-5
16,55,0,14
16,56,0,10
16,57,0,3
16,58,0,17
16,59,0,30
16,60,0,6
16,61,0,-3
16,62,0,21
17,1,0,-11
17,2,0,-13
17,3,0,14
17,4,0,-4
17,5,0,-20
17,6,0,-4
17,7,0,-5
17,8,0,-14
17,9,0,-10
17,10,0,-3
17,11,0,15
17,13,0,13
17,14,0,-17
17,15,0,-15
17,16,0,7
17,17,0,92
17,18,0,-11
17,19,0,-15
17,20,0,6
17,22,0,3
17,23,0,-11
17,24,0,-23
17,25,0,-14
17,26,0,7
17,27,0,-20
17,28,0,-9
17,29,0,-28
17,30,0,-11
17,31,0,-20
17,32,0,-11
17,33,0,-2
17,34,0,6
17,35,0,14
17,36,0,11
17,37,0,-2
17,38,0,20
17,40,0,5
17,41,0,-2
17,42,0,-10
17,43,0,3
17,44,0,-16
17,45,0,22
17,46,0,-2
17,47,0,-9
17,48,0,15
17,49,0,4
17,50,0,6
17,51,0,9
17,52,0,3
17,53,0,5
17,54,0,6
17,55,0,3
17,56,0,18
17,57,0,12
17,58,0,-4
17,59,0,5
17,60,0,-2
17,61,0,10
17,62,0,1
18,1,0,12
18,2,0,23
18,3,0,-2
18,4,0,-6
18,5,0,5
18,6,0,2
18,7,0,8
18,9,0,2
18,11,0,-13
18,12,0,-7
18,13,0,5
18,14,0,3
18,15,0,6
18,16,0,-4
18,17,0,-11
18,18,0,90
18,19,0,-3
18,20,0,-8
18,21,0,-21
18,22,0,6
18,23,0,7
18,24,0,10
18,26,0,-3
18,27,0,-4
18,28,0,-9
18,29,0,-3
18,30,0,1
18,31,0,5
18,32,0,14
18,33,0,9
18,34,0,11
18,35,0,-1
18,36,0,19
18,37,0,8
18,38,0,16
18,39,0,-4
18,40,0,8
18,41,0,15
18,42,0,-6
18,43,0,7
18,44,0,2
18,45,0,-15
18,46,0,-5
18,47,0,1
18,48,0,3
18,49,0,1
18,50,0,12
18,51,0,6
18,52,0,8
18,53,0,4
18,54,0,-28
18,55,0,-7
18,56,0,12
18,57,0,4
18,58,0,19
18,59,0,-13
18,60,0,12
18,61,0,-8
18,62,0,5
19,1,0,9
19,2,0,-5
19,3,0,-1
19,4,0,-1
19,5,0,-1
19,6,0,-13
19,7,0,-5
19,8,0,2
19,9,0,16
19,10,0,-14
19,11,0,-3
19,12,0,14
19,14,0,2
19,15,0,12
19,16,0,19
19,17,0,-15
19,18,0,-3
19,19,0,83
19,21,0,-3
19,24,0,10
19,25,0,-5
19,26,0,-8
19,27,0,23
19,28,0,-10
19,29,0,16
19,30,0,-5
19,31,0,-2
19,32,0,-2
19,33,0,-7
19,34,0,-14
19,35,0,-13
19,36,0,2
19,37,0,-6
19,39,0,6
19,40,0,-1
19,41,0,-14
19,42,0,-6
19,43,0,-1
19,44,0,8
19,45,0,3
19,46,0,4
19,47,0,2
19,48,0,-1
19,49,0,-6
19,50,0,-10
19,51,0,10
19,52,0,-2
19,53,0,7
19,54,0,6
19,55,0,24
19,56,0,-14
19,57,0,15
19,58,0,-1
19,59,0,23
19,60,0,8
19,61,0,-1
19,62,0,9
20,1,0,1
20,2,0,10
20,3,0,-5
20,4,0,-1
20,5,0,9
20,6,0,32
20,7,0,-4
20,8,0,3
20,9,0,5
20,10,0,7
20,11,0,11
20,12,0,27
20,13,0,-2
20,14,0,2
20,15,0,2
20,16,0,-11
20,17,0,6
20,18,0,-8
20,20,0,91
20,21,0,-7
20,22,0,-16
20,23,0,9
20,24,0,-6
20,25,0,18
20,26,0,9
20,27,0,-15
20,28,0,-18
20,29,0,3
20,30,0,10
20,31,0,15
20,32,0,7
20,33,0,4
20,34,0,1
20,35,0,-6
20,36,0,5
20,37,0,-15
20,38,0,-15
20,39,0,10
20,40,0,19
20,41,0,19
20,42,0,-10
20,43,0,6
20,44,0,1
20,45,0,-2
20,46,0,-13
20,47,0,1
20,48,0,-17
20,49,0,-12
20,50,0,9
20,51,0,1
20,52,0,-8
20,53,0,15
20,54,0,4
20,55,0,-1
20,56,0,-19
20,57,0,9
20,58,0,-11
20,59,0,-18
20,60,0,1
20,61,0,-10
20,62,0,-14
21,1,0,10
21,2,0,-5
21,3,0,-3
21,4,0,24
21,5,0,-13
21,6,0,-2
21,7,0,-4
21,8,0,4
21,9,0,-18
21,10,0,37
21,12,0,-12
21,13,0,-11
21,14,0,-21
21,15,0,-8
21,16,0,18
21,18,0,-21
21,19,0,-3
21,20,0,-7
21,21,0,99
21,22,0,15
21,23,0,2
21,24,0,-3
21,25,0,20
21,26,0,-11
21,27,0,29
21,28,0,6
21,29,0,-3
21,30,0,24
21,32,0,11
21,33,0,-5
21,34,0,-1
21,35,0,-10
21,36,0,1
21,37,0,13
21,38,0,2
21,39,0,5
21,40,0,18
21,41,0,-9
21,42,0,-5
21,43,0,2
21,44,0,1
21,45,0,-22
21,46,0,1
21,47,0,20
21,48,0,3
21,49,0,6
21,50,0,15
21,51,0,-10
21,52,0,-13
21,53,0,-1
21,55,0,8
21,56,0,7
21,57,0,-5
21,59,0,7
21,60,0,-8
21,61,0,5
21,62,0,-8
22,1,0,1
22,2,0,3
22,3,0,-11
22,4,0,-3
22,5,0,16
22,6,0,-11
22,7,0,-5
22,8,0,-4
22,9,0,6
22,10,0,-14
22,11,0,31
22,12,0,-15
22,13,0,-12
22,14,0,-21
22,15,0,18
22,17,0,3
22,18,0,6
22,20,0,-16
22,21,0,15
22,22,0,102
22,23,0,-5
22,24,0,-3
22,25,0,-1
22,26,0,-8
22,27,0,22
22,28,0,17
22,29,0,7
22,30,0,27
22,31,0,-6
22,32,0,12
22,33,0,13
22,34,0,-8
22,35,0,-3
22,36,0,7
22,37,0,-8
22,38,0,26
22,39,0,6
22,40,0,10
22,41,0,3
22,42,0,1
22,44,0,-13
22,45,0,14
22,46,0,-3
22,47,0,3
22,48,0,16
22,49,0,5
22,50,0,1
22,51,0,-2
22,52,0,23
22,53,0,-24
22,54,0,11
22,55,0,9
22,56,0,22
22,57,0,14
22,58,0,-8
22,59,0,9
22,60,0,-4
22,61,0,4
22,62,0,-1
23,1,0,13
23,2,0,12
23,3,0,-8
23,4,0,11
23,5,0,10
23,6,0,-6
23,7,0,-4
23,8,0,10
23,9,0,-10
23,10,0,-6
23,12,0,7
23,13,0,5
23,15,0,5
23,16,0,-16
23,17,0,-11
23,18,0,7
23,20,0,9
23,21,0,2
23,22,0,-5
23,23,0,87
23,24,0,9
23,25,0,-3
23,26,0,-1
23,27,0,9
23,28,0,-11
23,29,0,4
23,30,0,2
23,31,0,31
23,32,0,6
23,33,0,8
23,34,0,-20
23,35,0,3
23,36,0,-24
23,37,0,8
23,38,0,10
23,39,0,9
23,40,0,19
23,41,0,8
23,42,0,-14
23,43,0,-15
23,45,0,-1
23,46,0,-2
23,47,0,-2
23,48,0,-11
23,49,0,8
23,50,0,22
23,51,0,3
23,52,0,5
23,53,0,7
23,54,0,-16
23,55,0,10
23,56,0,-24
23,57,0,-11
23,58,0,13
23,59,0,2
23,60,0,16
23,61,0,-10
23,62,0,-22
24,1,0,-1
24,2,0,-2
24,3,0,-9
24,4,0,-5
24,5,0,6
24,6,0,-4
24,7,0,-17
24,8,0,1
24,9,0,-12
24,10,0,-4
24,11,0,2
24,12,0,-20
24,13,0,2
24,14,0,13
24,15,0,-2
24,16,0,7
24,17,0,-23
24,18,0,10
24,19,0,10
24,20,0,-6
24,21,0,-3
24,22,0,-3
24,23,0,9
24,24,0,66
24,25,0,-18
24,26,0,-6
24,27,0,-3
24,28,0,19
24,29,0,5
24,30,0,10
24,31,0,9
24,32,0,-16
24,34,0,1
24,35,0,-2
24,36,0,-5
24,37,0,-20
24,38,0,5
24,39,0,19
24,41,0,-2
24,43,0,-11
24,44,0,2
24,45,0,-13
24,46,0,15
24,47,0,13
24,48,0,-16
24,50,0,-7
24,51,0,-2
24,52,0,-13
24,53,0,-11
24,54,0,-12
24,55,0,-7
24,56,0,3
24,57,0,-6
24,59,0,-11
24,60,0,8
24,61,0,-1
24,62,0,3
25,1,0,-9
25,2,0,17
25,3,0,-15
25,4,0,-8
25,5,0,21
25,6,0,14
25,7,0,7
25,8,0,7
25,10,0,8
25,11,0,10
25,12,0,19
25,13,0,-5
25,14,0,9
25,15,0,-5
25,16,0,-1
25,17,0,-14
25,19,0,-5
25,20,0,18
25,21,0,20
25,22,0,-1
25,23,0,-3
25,24,0,-18
25,25,0,103
25,26,0,5
25,27,0,4
25,28,0,-9
25,29,0,7
25,30,0,14
25,31,0,24
25,32,0,11
25,33,0,13
25,34,0,8
25,35,0,-30
25,36,0,10
25,37,0,16
25,38,0,-12
25,39,0,-22
25,40,0,10
25,41,0,3
25,42,0,7
25,43,0,25
25,44,0,10
25,45,0,-12
25,46,0,6
25,47,0,9
25,48,0,-8
25,49,0,-4
25,50,0,-13
25,51,0,5
25,52,0,11
25,53,0,-19
25,54,0,8
25,55,0,-5
25,56,0,-7
25,57,0,-16
25,58,0,19
25,59,0,-5
25,60,0,-5
25,61,0,-1
25,62,0,7
26,1,0,-30
26,2,0,-11
26,3,0,-9
26,4,0,15
26,5,0,30
26,6,0,-11
26,7,0,-5
26,8,0,9
26,9,0,2
26,10,0,20
26,11,0,-16
26,12,0,14
26,13,0,5
26,14,0,6
26,15,0,-14
26,16,0,19
26,17,0,7
26,18,0,-3
26,19,0,-8
26,20,0,9
26,21,0,-11
26,22,0,-8
26,23,0,-1
26,24,0,-6
26,25,0,5
26,26,0,114
26,27,0,-21
26,28,0,12
26,29,0,-16
26,30,0,14
26,31,0,14
26,32,0,1
26,33,0,16
26,34,0,22
26,35,0,-5
26,36,0,-1
26,37,0,-4
26,38,0,1
26,39,0,-2
26,40,0,-21
26,41,0,8
26,42,0,13
26,43,0,3
26,44,0,12
26,45,0,11
26,46,0,-2
26,47,0,4
26,48,0,-1
26,49,0,2
26,50,0,15
26,51,0,1
26,52,0,8
26,54,0,5
26,55,0,-6
26,56,0,7
26,57,0,-2
26,58,0,-8
26,59,0,23
26,60,0,-5
26,61,0,6
26,62,0,-1
27,1,0,-14
27,3,0,-3
27,4,0,18
27,5,0,6
27,6,0,-7
27,7,0,15
27,10,0,-16
27,11,0,-9
27,12,0,-4
27,13,0,-27
27,14,0,-7
27,15,0,2
27,16,0,3
27,17,0,-20
27,18,0,-4
27,19,0,23
27,20,0,-15
27,21,0,29
27,22,0,22
27,23,0,9
27,24,0,-3
27,25,0,4
27,26,0,-21
27,27,0,102
27,28,0,2
27,29,0,11
27,30,0,-6
27,31,0,-2
27,32,0,4
27,33,0,-1
27,34,0,-1
27,35,0,1
27,36,0,1
27,37,0,27
27,38,0,-8
27,39,0,14
27,40,0,18
27,41,0,-6
27,42,0,-4
27,43,0,12
27,44,0,4
27,45,0,-21
27,46,0,15
27,47,0,-6
27,48,0,-4
27,49,0,1
27,50,0,22
27,51,0,4
27,52,0,-6
27,53,0,20
27,54,0,-3
27,55,0,2
27,56,0,-7
27,57,0,-1
27,58,0,9
27,59,0,8
27,61,0,-8
27,62,0,18
28,1,0,7
28,3,0,-18
28,4,0,-20
28,5,0,19
28,6,0,-13
28,7,0,-3
28,8,0,1
28,9,0,-4
28,10,0,-11
28,11,0,6
28,12,0,-16
28,13,0,-6
28,14,0,6
28,15,0,-2
28,16,0,-12
28,17,0,-9
28,18,0,-9
28,19,0,-10
28,20,0,-18
28,21,0,6
28,22,0,17
28,23,0,-11
28,24,0,19
28,25,0,-9
28,26,0,12
28,27,0,2
28,28,0,81
28,29,0,11
28,30,0,22
28,31,0,-11
28,32,0,-3
28,33,0,-7
28,34,0,4
28,35,0,13
28,36,0,-9
28,37,0,1
28,38,0,-3
28,39,0,-2
28,40,0,4
28,41,0,-7
28,42,0,-5
28,43,0,3
28,44,0,-10
28,45,0,-7
28,46,0,17
28,47,0,8
28,48,0,6
28,49,0,1
28,50,0,-14
28,52,0,10
28,53,0,-42
28,54,0,-3
28,55,0,-12
28,56,0,9
28,57,0,-6
28,58,0,-18
28,59,0,-5
28,60,0,-10
28,61,0,-1
28,62,0,-4
29,1,0,21
29,2,0,30
29,3,0,-4
29,4,0,-5
29,5,0,9
29,6,0,-23
29,7,0,-21
29,8,0,25
29,9,0,-3
29,10,0,-5
29,11,0,14
29,12,0,17
29,13,0,-9
29,14,0,16
29,15,0,30
29,16,0,-10
29,17,0,-28
29,18,0,-3
29,19,0,16
29,20,0,3
29,21,0,-3
29,22,0,7
29,23,0,4
29,24,0,5
29,25,0,7
29,26,0,-16
29,27,0,11
29,28,0,11
29,29,0,85
29,30,0,-4
29,31,0,11
29,33,0,-6
29,34,0,-14
29,35,0,19
29,36,0,-9
29,37,0,21
29,38,0,5
29,39,0,3
29,40,0,12
29,41,0,-4
29,42,0,-7
29,43,0,6
29,44,0,2
29,45,0,2
29,46,0,15
29,47,0,-3
29,48,0,8
29,49,0,-17
29,50,0,-24
29,51,0,-23
29,52,0,-15
29,53,0,-12
29,54,0,5
29,55,0,-10
29,56,0,-10
29,57,0,10
29,58,0,3
29,59,0,7
29,60,0,6
29,61,0,-7
29,62,0,8
30,1,0,13
30,2,0,-7
30,3,0,-23
30,4,0,14
30,5,0,19
30,6,0,11
30,7,0,-5
30,8,0,4
30,9,0,9
30,10,0,13
30,11,0,10
30,12,0,-3
30,13,0,-1
30,14,0,-1
30,15,0,4
30,16,0,5
30,17,0,-11
30,18,0,1
30,19,0,-5
30,20,0,10
30,21,0,24
30,22,0,27
30,23,0,2
30,24,0,10
30,25,0,14
30,26,0,14
30,27,0,-6
30,28,0,22
30,29,0,-4
30,30,0,87
30,31,0,5
30,32,0,18
30,33,0,-6
30,34,0,1
30,35,0,-9
30,36,0,-18
30,37,0,-20
30,38,0,-5
30,39,0,12
30,40,0,10
30,41,0,9
30,42,0,-10
30,43,0,-21
30,44,0,1
30,45,0,-6
30,46,0,7
30,47,0,38
30,48,0,-10
30,49,0,11
30,50,0,9
30,51,0,8
30,52,0,17
30,53,0,-6
30,54,0,-4
30,55,0,3
30,56,0,25
30,57,0,-13
30,58,0,1
30,59,0,-2
30,60,0,10
30,61,0,-8
30,62,0,-16
31,1,0,-11
31,3,0,-31
31,4,0,-8
31,5,0,-9
31,6,0,-3
31,7,0,-4
31,8,0,11
31,9,0,-16
31,10,0,24
31,11,0,-18
31,12,0,6
31,13,0,-3
31,14,0,17
31,15,0,15
31,16,0,-1
31,17,0,-20
31,18,0,5
31,19,0,-2
31,20,0,15
31,22,0,-6
31,23,0,31
31,24,0,9
31,25,0,24
31,26,0,14
31,27,0,-2
31,28,0,-11
31,29,0,11
31,30,0,5
31,31,0,106
31,32,0,34
31,33,0,5
31,34,0,5
31,35,0,-18
31,36,0,-20
31,37,0,-9
31,38,0,-14
31,39,0,7
31,40,0,-2
31,41,0,-3
31,42,0,-3
31,43,0,3
31,44,0,38
31,45,0,-6
31,46,0,23
31,47,0,-7
31,48,0,-8
31,49,0,10
31,50,0,-11
31,51,0,10
31,52,0,3
31,53,0,-3
31,54,0,-4
31,55,0,-6
31,56,0,-8
31,57,0,-11
31,58,0,-9
31,59,0,1
31,60,0,3
31,61,0,-3
31,62,0,-11
32,1,0,12
32,2,0,-20
32,3,0,-9
32,4,0,-1
32,5,0,2
32,6,0,11
32,7,0,-1
32,8,0,-5
32,9,0,24
32,10,0,16
32,11,0,-12
32,12,0,11
32,13,0,-2
32,14,0,11
32,15,0,6
32,16,0,-4
32,17,0,-11
32,18,0,14
32,19,0,-2
32,20,0,7
32,21,0,11
32,22,0,12
32,23,0,6
32,24,0,-16
32,25,0,11
32,26,0,1
32,27,0,4
32,28,0,-3
32,30,0,18
32,31,0,34
32,32,0,112
32,33,0,-12
32,34,0,-8
32,35,0,-6
32,36,0,-7
32,37,0,-36
32,38,0,2
32,39,0,-5
32,40,0,16
32,42,0,-18
32,43,0,4
32,44,0,-3
32,45,0,-21
32,46,0,17
32,47,0,-1
32,48,0,-3
32,49,0,1
32,51,0,29
32,52,0,-8
32,54,0,-16
32,55,0,-2
32,56,0,30
32,57,0,6
32,58,0,-9
32,59,0,11
32,60,0,-6
32,61,0,15
32,62,0,-9
33,1,0,-13
33,2,0,23
33,3,0,1
33,5,0,10
33,6,0,2
33,7,0,13
33,8,0,7
33,9,0,4
33,10,0,-4
33,11,0,-11
33,12,0,-4
33,13,0,-1
33,14,0,19
33,15,0,13
33,16,0,-14
33,17,0,-2
33,18,0,9
33,19,0,-7
33,20,0,4
33,21,0,-5
33,22,0,13
33,23,0,8
33,25,0,13
33,26,0,16
33,27,0,-1
33,28,0,-7
33,29,0,-6
33,30,0,-6
33,31,0,5
33,32,0,-12
33,33,0,81
33,34,0,14
33,35,0,-21
33,36,0,11
33,37,0,21
33,38,0,16
33,39,0,-15
33,40,0,-3
33,42,0,-1
33,43,0,7
33,44,0,-10
33,45,0,30
33,46,0,-13
33,47,0,-2
33,48,0,-4
33,49,0,-16
33,50,0,-9
33,51,0,-8
33,52,0,10
33,53,0,-7
33,54,0,2
33,55,0,-15
33,56,0,8
33,57,0,-16
33,58,0,8
33,59,0,7
33,60,0,-2
33,61,0,1
33,62,0,-3
34,1,0,-26
34,2,0,12
34,3,0,7
34,4,0,2
34,5,0,-11
34,6,0,-11
34,7,0,11
34,8,0,6
34,9,0,-3
34,10,0,-4
34,11,0,-21
34,12,0,-1
34,13,0,-5
34,14,0,1
34,15,0,-3
34,16,0,6
34,17,0,6
34,18,0,11
34,19,0,-14
34,20,0,1
34,21,0,-1
34,22,0,-8
34,23,0,-20
34,24,0,1
34,25,0,8
34,26,0,22
34,27,0,-1
34,28,0,4
34,29,0,-14
34,30,0,1
34,31,0,5
34,32,0,-8
34,33,0,14
34,34,0,87
34,35,0,-3
34,36,0,5
34,37,0,-1
34,38,0,-22
34,39,0,4
34,40,0,-21
34,41,0,-5
34,42,0,16
34,43,0,10
34,44,0,16
34,45,0,-5
34,46,0,15
34,48,0,5
34,50,0,25
34,51,0,-8
34,52,0,13
34,53,0,6
34,54,0,-14
34,55,0,-12
34,56,0,8
34,57,0,3
34,58,0,-4
34,59,0,3
34,60,0,-34
34,61,0,-3
34,62,0,-2
35,1,0,20
35,2,0,-4
35,3,0,16
35,4,0,-1
35,5,0,4
35,6,0,-9
35,7,0,-7
35,8,0,13
35,9,0,-12
35,10,0,1
35,11,0,-5
35,12,0,10
35,13,0,9
35,14,0,1
35,15,0,-14
35,16,0,-7
35,17,0,14
35,18,0,-1
35,19,0,-13
35,20,0,-6
35,21,0,-10
35,22,0,-3
35,23,0,3
35,24,0,-2
35,25,0,-30
35,26,0,-5
35,27,0,1
35,28,0,13
35,29,0,19
35,30,0,-9
35,31,0,-18
35,32,0,-6
35,33,0,-21
35,34,0,-3
35,35,0,95
35,36,0,-8
35,37,0,7
35,38,0,4
35,39,0,-3
35,40,0,7
35,41,0,-6
35,42,0,4
35,43,0,7
35,44,0,-8
35,45,0,-10
35,46,0,2
35,47,0,9
35,48,0,11
35,49,0,-1
35,50,0,-2
35,51,0,-9
35,52,0,6
35,53,0,17
35,54,0,-8
35,55,0,-8
35,56,0,-1
35,57,0,9
35,58,0,4
35,59,0,5
35,60,0,-7
35,61,0,2
36,1,0,-6
36,2,0,7
36,3,0,17
36,4,0,5
36,5,0,17
36,6,0,12
36,7,0,3
36,8,0,-10
36,9,0,5
36,10,0,-14
36,11,0,-5
36,12,0,-5
36,13,0,-1
36,14,0,12
36,15,0,-9
36,16,0,-1
36,17,0,11
36,18,0,19
36,19,0,2
36,20,0,5
36,21,0,1
36,22,0,7
36,23,0,-24
36,24,0,-5
36,25,0,10
36,26,0,-1
36,27,0,1
36,28,0,-9
36,29,0,-9
36,30,0,-18
36,31,0,-20
36,32,0,-7
36,33,0,11
36,34,0,5
36,35,0,-8
36,36,0,88
36,37,0,5
36,38,0,-3
36,39,0,6
36,40,0,-2
36,41,0,-13
36,42,0,-2
36,43,0,21
36,44,0,-2
36,45,0,5
36,46,0,-9
36,47,0,-18
36,48,0,-1
36,49,0,-8
36,50,0,-3
36,51,0,-9
36,52,0,-1
36,53,0,-6
36,54,0,-15
36,55,0,-4
36,56,0,-9
36,57,0,-3
36,58,0,-2
36,60,0,-17
36,61,0,10
36,62,0,-8
37,1,0,6
37,2,0,17
37,3,0,5
37,4,0,12
37,5,0,-3
37,6,0,3
37,7,0,-1
37,8,0,8
37,9,0,-22
37,10,0,-4
37,11,0,-7
37,12,0,-15
37,13,0,4
37,14,0,-3
37,15,0,8
37,16,0,-7
37,17,0,-2
37,18,0,8
37,19,0,-6
37,20,0,-15
37,21,0,13
37,22,0,-8
37,23,0,8
37,24,0,-20
37,25,0,16
37,26,0,-4
37,27,0,27
37,28,0,1
37,29,0,21
37,30,0,-20
37,31,0,-9
37,32,0,-36
37,33,0,21
37,34,0,-1
37,35,0,7
37,36,0,5
37,37,0,90
37,38,0,1
37,39,0,-8
37,40,0,19
37,41,0,-11
37,42,0,10
37,43,0,21
37,44,0,-8
37,45,0,11
37,46,0,-15
37,47,0,-4
37,48,0,3
37,49,0,-7
37,51,0,-15
37,52,0,2
37,53,0,7
37,54,0,11
37,55,0,9
37,56,0,-13
37,57,0,-2
37,58,0,19
37,59,0,-2
37,60,0,-2
37,61,0,-7
37,62,0,14
38,1,0,20
38,2,0,8
38,3,0,15
38,4,0,-7
38,5,0,23
38,6,0,-5
38,7,0,8
38,8,0,6
38,9,0,5
38,10,0,5
38,11,0,9
38,12,0,-24
38,13,0,15
38,14,0,9
38,15,0,11
38,16,0,-7
38,17,0,20
38,18,0,16
38,20,0,-15
38,21,0,2
38,22,0,26
38,23,0,10
38,24,0,5
38,25,0,-12
38,26,0,1
38,27,0,-8
38,28,0,-3
38,29,0,5
38,30,0,-5
38,31,0,-14
38,32,0,2
38,33,0,16
38,34,0,-22
38,35,0,4
38,36,0,-3
38,37,0,1
38,38,0,97
38,39,0,-10
38,40,0,5
38,41,0,20
38,42,0,-14
38,43,0,-1
38,44,0,-23
38,45,0,23
38,46,0,-17
38,47,0,8
38,48,0,16
38,49,0,1
38,50,0,-8
38,51,0,-2
38,52,0,-8
38,53,0,1
38,54,0,-2
38,55,0,-9
38,56,0,-4
38,57,0,19
38,58,0,2
38,59,0,-7
38,60,0,38
38,61,0,13
38,62,0,1
39,1,0,-6
39,2,0,-10
39,3,0,-14
39,4,0,17
39,5,0,-5
39,6,0,9
39,7,0,-11
39,8,0,-5
39,9,0,-25
39,10,0,-10
39,11,0,15
39,12,0,-9
39,13,0,6
39,14,0,-9
39,15,0,-10
39,16,0,12
39,18,0,-4
39,19,0,6
39,20,0,10
39,21,0,5
39,22,0,6
39,23,0,9
39,24,0,19
39,25,0,-22
39,26,0,-2
39,27,0,14
39,28,0,-2
39,29,0,3
39,30,0,12
39,31,0,7
39,32,0,-5
39,33,0,-15
39,34,0,4
39,35,0,-3
39,36,0,6
39,37,0,-8
39,38,0,-10
39,39,0,92
39,40,0,4
39,41,0,7
39,42,0,-33
39,44,0,3
39,45,0,-7
39,46,0,18
39,47,0,4
39,48,0,8
39,49,0,2
39,50,0,13
39,51,0,-13
39,52,0,-3
39,53,0,11
39,54,0,4
39,55,0,5
39,57,0,11
39,58,0,-13
39,59,0,-2
39,60,0,-19
39,61,0,-13
39,62,0,-14
40,1,0,15
40,2,0,-3
40,3,0,-14
40,4,0,1
40,5,0,-4
40,6,0,1
40,7,0,-14
40,9,0,-18
40,10,0,10
40,11,0,14
40,12,0,-4
40,13,0,4
40,14,0,3
40,16,0,-19
40,17,0,5
40,18,0,8
40,19,0,-1
40,20,0,19
40,21,0,18
40,22,0,10
40,23,0,19
40,25,0,10
40,26,0,-21
40,27,0,18
40,28,0,4
40,29,0,12
40,30,0,10
40,31,0,-2
40,32,0,16
40,33,0,-3
40,34,0,-21
40,35,0,7
40,36,0,-2
40,37,0,19
40,38,0,5
40,39,0,4
40,40,0,86
40,41,0,3
40,42,0,-14
40,43,0,3
40,44,0,-17
40,45,0,-17
40,46,0,18
40,47,0,2
40,48,0,-10
40,49,0,4
40,50,0,3
40,51,0,3
40,52,0,-1
40,53,0,1
40,54,0,-4
40,55,0,13
40,56,0,-20
40,57,0,-3
40,58,0,11
40,59,0,-4
40,60,0,-1
40,61,0,-2
40,62,0,-2
41,1,0,-1
41,2,0,17
41,3,0,7
41,4,0,-14
41,5,0,3
41,6,0,11
41,7,0,5
41,8,0,-4
41,9,0,27
41,10,0,2
41,11,0,15
41,12,0,1
41,13,0,9
41,14,0,6
41,15,0,15
41,16,0,-19
41,17,0,-2
41,18,0,15
41,19,0,-14
41,20,0,19
41,21,0,-9
41,22,0,3
41,23,0,8
41,24,0,-2
41,25,0,3
41,26,0,8
41,27,0,-6
41,28,0,-7
41,29,0,-4
41,30,0,9
41,31,0,-3
41,34,0,-5
41,35,0,-6
41,36,0,-13
41,37,0,-11
41,38,0,20
41,39,0,7
41,40,0,3
41,41,0,87
41,42,0,-8
41,43,0,4
41,44,0,-27
41,45,0,-5
41,46,0,-5
41,47,0,3
41,48,0,1
41,49,0,7
41,50,0,21
41,51,0,20
41,52,0,-5
41,53,0,3
41,54,0,19
41,55,0,2
41,56,0,3
41,57,0,20
41,58,0,-11
41,59,0,-19
41,60,0,19
41,61,0,-7
41,62,0,-4
42,1,0,1
42,2,0,6
42,3,0,14
42,4,0,2
42,5,0,11
42,6,0,-3
42,7,0,3
42,8,0,-1
42,9,0,13
42,10,0,-13
42,11,0,21
42,12,0,-2
42,13,0,-14
42,14,0,-10
42,15,0,26
42,16,0,26
42,17,0,-10
42,18,0,-6
42,19,0,-6
42,20,0,-10
42,21,0,-5
42,22,0,1
42,23,0,-14
42,25,0,7
42,26,0,13
42,27,0,-4
42,28,0,-5
42,29,0,-7
42,30,0,-10
42,31,0,-3
42,32,0,-18
42,33,0,-1
42,34,0,16
42,35,0,4
42,36,0,-2
42,37,0,10
42,38,0,-14
42,39,0,-33
42,40,0,-14
42,41,0,-8
42,42,0,106
42,43,0,10
42,44,0,13
42,45,0,-23
42,46,0,-9
42,47,0,-10
42,48,0,12
42,49,0,21
42,50,0,21
42,51,0,-5
42,52,0,-13
42,53,0,-6
42,54,0,-15
42,55,0,13
42,56,0,-20
42,58,0,6
42,59,0,11
42,60,0,3
42,61,0,-4
42,62,0,30
43,1,0,3
43,2,0,12
43,3,0,6
43,4,0,-20
43,5,0,12
43,6,0,13
43,7,0,8
43,8,0,10
43,9,0,-5
43,10,0,-14
43,11,0,-12
43,12,0,7
43,13,0,12
43,14,0,9
43,15,0,9
43,16,0,-4
43,17,0,3
43,18,0,7
43,19,0,-1
43,20,0,6
43,21,0,2
43,23,0,-15
43,24,0,-11
43,25,0,25
43,26,0,3
43,27,0,12
43,28,0,3
43,29,0,6
43,30,0,-21
43,31,0,3
43,32,0,4
43,33,0,7
43,34,0,10
43,35,0,7
43,36,0,21
43,37,0,21
43,38,0,-1
43,40,0,3
43,41,0,4
43,42,0,10
43,43,0,84
43,45,0,-6
43,46,0,13
43,47,0,2
43,48,0,27
43,49,0,-25
43,50,0,-3
43,51,0,-12
43,52,0,12
43,53,0,17
43,54,0,9
43,55,0,-9
43,56,0,-17
43,57,0,6
43,58,0,4
43,59,0,-15
43,60,0,-11
43,61,0,5
43,62,0,-8
44,1,0,-14
44,2,0,-1
44,3,0,-30
44,4,0,24
44,5,0,-8
44,6,0,-10
44,7,0,7
44,8,0,-9
44,9,0,-24
44,10,0,16
44,11,0,-20
44,12,0,19
44,13,0,-7
44,14,0,6
44,15,0,-15
44,16,0,19
44,17,0,-16
44,18,0,2
44,19,0,8
44,20,0,1
44,21,0,1
44,22,0,-13
44,24,0,2
44,25,0,10
44,26,0,12
44,27,0,4
44,28,0,-10
44,29,0,2
44,30,0,1
44,31,0,38
44,32,0,-3
44,33,0,-10
44,34,0,16
44,35,0,-8
44,36,0,-2
44,37,0,-8
44,38,0,-23
44,39,0,3
44,40,0,-17
44,41,0,-27
44,42,0,13
44,44,0,98
44,45,0,-32
44,46,0,2
44,47,0,-6
44,48,0,10
44,49,0,11
44,50,0,-4
44,51,0,-21
44,52,0,-8
44,53,0,6
44,54,0,-5
44,55,0,-6
44,56,0,-9
44,57,0,4
44,58,0,24
44,59,0,6
44,60,0,15
44,61,0,6
44,62,0,-13
45,1,0,-8
45,2,0,-8
45,3,0,22
45,4,0,-7
45,5,0,5
45,6,0,17
45,7,0,-9
45,8,0,-6
45,9,0,16
45,10,0,-20
45,11,0,-6
45,12,0,-18
45,13,0,18
45,14,0,11
45,15,0,14
45,16,0,-13
45,17,0,22
45,18,0,-15
45,19,0,3
45,20,0,-2
45,21,0,-22
45,22,0,14
45,23,0,-1
45,24,0,-13
45,25,0,-12
45,26,0,11
45,27,0,-21
45,28,0,-7
45,29,0,2
45,30,0,-6
45,31,0,-6
45,32,0,-21
45,33,0,30
45,34,0,-5
45,35,0,-10
45,36,0,5
45,37,0,11
45,38,0,23
45,39,0,-7
45,40,0,-17
45,41,0,-5
45,42,0,-23
45,43,0,-6
45,44,0,-32
45,45,0,94
45,46,0,-18
45,47,0,-13
45,48,0,-5
45,49,0,-16
45,50,0,-18
45,51,0,-5
45,52,0,26
45,53,0,-7
45,54,0,19
45,55,0,-15
45,56,0,6
45,58,0,-19
45,59,0,8
45,60,0,-8
45,61,0,-6
45,62,0,-5
46,1,0,-4
46,2,0,-12
46,3,0,-2
46,4,0,-12
46,5,0,-13
46,6,0,-9
46,7,0,-30
46,8,0,25
46,9,0,-3
46,10,0,10
46,11,0,-8
46,12,0,-24
46,13,0,-23
46,14,0,14
46,15,0,9
46,16,0,-7
46,17,0,-2
46,18,0,-5
46,19,0,4
46,20,0,-13
46,21,0,1
46,22,0,-3
46,23,0,-2
46,24,0,15
46,25,0,6
46,26,0,-2
46,27,0,15
46,28,0,17
46,29,0,15
46,30,0,7
46,31,0,23
46,32,0,17
46,33,0,-13
46,34,0,15
46,35,0,2
46,36,0,-9
46,37,0,-15
46,38,0,-17
46,39,0,18
46,40,0,18
46,41,0,-5
46,42,0,-9
46,43,0,13
46,44,0,2
46,45,0,-18
46,46,0,112
46,47,0,2
46,48,0,23
46,49,0,12
46,50,0,10
46,51,0,17
46,52,0,-5
46,53,0,-29
46,54,0,-15
46,55,0,-16
46,56,0,-6
46,57,0,-15
46,58,0,1
46,59,0,5
46,60,0,-20
46,61,0,-24
46,62,0,15
47,1,0,21
47,2,0,-4
47,3,0,-16
47,4,0,1
47,5,0,12
47,6,0,22
47,7,0,-12
47,8,0,13
47,9,0,-14
47,10,0,-2
47,11,0,-11
47,12,0,4
47,13,0,8
47,14,0,-3
47,15,0,2
47,16,0,10
47,17,0,-9
47,18,0,1
47,19,0,2
47,20,0,1
47,21,0,20
47,22,0,3
47,23,0,-2
47,24,0,13
47,25,0,9
47,26,0,4
47,27,0,-6
47,28,0,8
47,29,0,-3
47,30,0,38
47,31,0,-7
47,32,0,-1
47,33,0,-2
47,35,0,9
47,36,0,-18
47,37,0,-4
47,38,0,8
47,39,0,4
47,40,0,2
47,41,0,3
47,42,0,-10
47,43,0,2
47,44,0,-6
47,45,0,-13
47,46,0,2
47,47,0,82
47,48,0,5
47,49,0,-13
47,50,0,9
47,52,0,-3
47,53,0,11
47,54,0,-3
47,55,0,10
47,56,0,-6
47,57,0,-8
47,58,0,18
47,59,0,6
47,60,0,4
47,61,0,-1
47,62,0,1
48,1,0,2
48,2,0,1
48,3,0,13
48,4,0,12
48,5,0,1
48,6,0,-3
48,7,0,-17
48,8,0,12
48,9,0,14
48,10,0,-4
48,11,0,19
48,12,0,7
48,13,0,1
48,14,0,-21
48,15,0,2
48,16,0,11
48,17,0,15
48,18,0,3
48,19,0,-1
48,20,0,-17
48,21,0,3
48,22,0,16
48,23,0,-11
48,24,0,-16
48,25,0,-8
48,26,0,-1
48,27,0,-4
48,28,0,6
48,29,0,8
48,30,0,-10
48,31,0,-8
48,32,0,-3
48,33,0,-4
48,34,0,5
48,35,0,11
48,36,0,-1
48,37,0,3
48,38,0,16
48,39,0,8
48,40,0,-10
48,41,0,1
48,42,0,12
48,43,0,27
48,44,0,10
48,45,0,-5
48,46,0,23
48,47,0,5
48,48,0,102
48,49,0,7
48,50,0,-5
48,51,0,-26
48,52,0,-6
48,53,0,-6
48,54,0,-2
48,56,0,-19
48,57,0,11
48,58,0,6
48,59,0,7
48,60,0,2
48,61,0,-15
48,62,0,2
49,1,0,-10
49,2,0,-14
49,3,0,6
49,4,0,8
49,5,0,-14
49,6,0,-16
49,7,0,-2
49,8,0,-6
49,9,0,12
49,10,0,14
49,11,0,6
49,12,0,-13
49,13,0,-2
49,14,0,-10
49,15,0,-19
49,16,0,4
49,17,0,4
49,18,0,1
49,19,0,-6
49,20,0,-12
49,21,0,6
49,22,0,5
49,23,0,8
49,25,0,-4
49,26,0,2
49,27,0,1
49,28,0,1
49,29,0,-17
49,30,0,11
49,31,0,10
49,32,0,1
49,33,0,-16
49,35,0,-1
49,36,0,-8
49,37,0,-7
49,38,0,1
49,39,0,2
49,40,0,4
49,41,0,7
49,42,0,21
49,43,0,-25
49,44,0,11
49,45,0,-16
49,46,0,12
49,47,0,-13
49,48,0,7
49,49,0,73
49,50,0,9
49,51,0,18
49,52,0,-13
49,53,0,-18
49,54,0,-12
49,55,0,13
49,56,0,2
49,57,0,-5
49,58,0,-7
49,59,0,-3
49,60,0,5
49,61,0,3
49,62,0,-4
50,1,0,7
50,2,0,6
50,3,0,2
50,4,0,23
50,5,0,2
50,6,0,16
50,7,0,10
50,8,0,-10
50,9,0,5
50,10,0,-4
50,11,0,-1
50,12,0,-6
50,13,0,-23
50,14,0,-24
50,15,0,15
50,16,0,14
50,17,0,6
50,18,0,12
50,19,0,-10
50,20,0,9
50,21,0,15
50,22,0,1
50,23,0,22
50,24,0,-7
50,25,0,-13
50,26,0,15
50,27,0,22
50,28,0,-14
50,29,0,-24
50,30,0,9
50,31,0,-11
50,33,0,-9
50,34,0,25
50,35,0,-2
50,36,0,-3
50,38,0,-8
50,39,0,13
50,40,0,3
50,41,0,21
50,42,0,21
50,43,0,-3
50,44,0,-4
50,45,0,-18
50,46,0,10
50,47,0,9
50,48,0,-5
50,49,0,9
50,50,0,105
50,51,0,2
50,52,0,-4
50,53,0,14
50,54,0,-24
50,55,0,28
50,56,0,-28
50,57,0,-6
50,58,0,7
50,59,0,12
50,60,0,-2
50,61,0,-12
50,62,0,10
51,1,0,2
51,2,0,-16
51,3,0,10
51,4,0,-8
51,5,0,-2
51,6,0,-4
51,7,0,24
51,8,0,-9
51,9,0,27
51,10,0,6
51,11,0,-2
51,12,0,-16
51,13,0,-8
51,14,0,9
51,15,0,-9
51,17,0,9
51,18,0,6
51,19,0,10
51,20,0,1
51,21,0,-10
51,22,0,-2
51,23,0,3
51,24,0,-2
51,25,0,5
51,26,0,1
51,27,0,4
51,29,0,-23
51,30,0,8
51,31,0,10
51,32,0,29
51,33,0,-8
51,34,0,-8
51,35,0,-9
51,36,0,-9
51,37,0,-15
51,38,0,-2
51,39,0,-13
51,40,0,3
51,41,0,20
51,42,0,-5
51,43,0,-12
51,44,0,-21
51,45,0,-5
51,46,0,17
51,48,0,-26
51,49,0,18
51,50,0,2
51,51,0,84
51,52,0,-3
51,53,0,-9
51,55,0,8
51,56,0,23
51,57,0,6
51,58,0,-8
51,59,0,-6
51,61,0,-2
51,62,0,13
52,1,0,-4
52,2,0,14
52,3,0,7
52,4,0,-6
52,5,0,20
52,6,0,-3
52,7,0,15
52,8,0,-11
52,9,0,-14
52,10,0,-8
52,11,0,-19
52,12,0,19
52,13,0,18
52,14,0,4
52,15,0,16
52,16,0,-2
52,17,0,3
52,18,0,8
52,19,0,-2
52,20,0,-8
52,21,0,-13
52,22,0,23
52,23,0,5
52,24,0,-13
52,25,0,11
52,26,0,8
52,27,0,-6
52,28,0,10
52,29,0,-15
52,30,0,17
52,31,0,3
52,32,0,-8
52,33,0,10
52,34,0,13
52,35,0,6
52,36,0,-1
52,37,0,2
52,38,0,-8
52,39,0,-3
52,40,0,-1
52,41,0,-5
52,42,0,-13
52,43,0,12
52,44,0,-8
52,45,0,26
52,46,0,-5
52,47,0,-3
52,48,0,-6
52,49,0,-13
52,50,0,-4
52,51,0,-3
52,52,0,99
52,53,0,-3
52,54,0,12
52,55,0,3
52,56,0,-5
52,57,0,-19
52,58,0,9
52,59,0,-4
52,60,0,-13
52,61,0,-9
52,62,0,-16
53,1,0,-4
53,2,0,-18
53,3,0,14
53,4,0,15
53,5,0,-19
53,6,0,2
53,7,0,34
53,8,0,21
53,10,0,15
53,11,0,-16
53,12,0,11
53,13,0,6
53,14,0,-3
53,15,0,-3
53,16,0,-4
53,17,0,5
53,18,0,4
53,19,0,7
53,20,0,15
53,21,0,-1
53,22,0,-24
53,23,0,7
53,24,0,-11
53,25,0,-19
53,27,0,20
53,28,0,-42
53,29,0,-12
53,30,0,-6
53,31,0,-3
53,33,0,-7
53,34,0,6
53,35,0,17
53,36,0,-6
53,37,0,7
53,38,0,1
53,39,0,11
53,40,0,1
53,41,0,3
53,42,0,-6
53,43,0,17
53,44,0,6
53,45,0,-7
53,46,0,-29
53,47,0,11
53,48,0,-6
53,49,0,-18
53,50,0,14
53,51,0,-9
53,52,0,-3
53,53,0,110
53,54,0,10
53,55,0,9
53,56,0,-16
53,57,0,12
53,58,0,2
53,59,0,-17
53,60,0,5
53,61,0,13
53,62,0,-12
54,1,0,-2
54,2,0,-8
54,3,0,-2
54,4,0,3
54,5,0,-4
54,6,0,-20
54,7,0,14
54,8,0,-5
54,9,0,-1
54,10,0,5
54,11,0,13
54,12,0,10
54,13,0,10
54,14,0,-13
54,15,0,-2
54,16,0,-5
54,17,0,6
54,18,0,-28
54,19,0,6
54,20,0,4
54,22,0,11
54,23,0,-16
54,24,0,-12
54,25,0,8
54,26,0,5
54,27,0,-3
54,28,0,-3
54,29,0,5
54,30,0,-4
54,31,0,-4
54,32,0,-16
54,33,0,2
54,34,0,-14
54,35,0,-8
54,36,0,-15
54,37,0,11
54,38,0,-2
54,39,0,4
54,40,0,-4
54,41,0,19
54,42,0,-15
54,43,0,9
54,44,0,-5
54,45,0,19
54,46,0,-15
54,47,0,-3
54,48,0,-2
54,49,0,-12
54,50,0,-24
54,52,0,12
54,53,0,10
54,54,0,82
54,55,0,10
54,56,0,7
54,57,0,7
54,58,0,-7
54,59,0,8
54,60,0,11
54,61,0,1
54,62,0,-4
55,1,0,11
55,2,0,-5
55,3,0,-2
55,4,0,2
55,5,0,-11
55,6,0,-6
55,7,0,-1
55,8,0,-10
55,9,0,2
55,10,0,5
55,11,0,8
55,12,0,3
55,13,0,-6
55,14,0,-32
55,15,0,9
55,16,0,14
55,17,0,3
55,18,0,-7
55,19,0,24
55,20,0,-1
55,21,0,8
55,22,0,9
55,23,0,10
55,24,0,-7
55,25,0,-5
55,26,0,-6
55,27,0,2
55,28,0,-12
55,29,0,-10
55,30,0,3
55,31,0,-6
55,32,0,-2
55,33,0,-15
55,34,0,-12
55,35,0,-8
55,36,0,-4
55,37,0,9
55,38,0,-9
55,39,0,5
55,40,0,13
55,41,0,2
55,42,0,13
55,43,0,-9
55,44,0,-6
55,45,0,-15
55,46,0,-16
55,47,0,10
55,49,0,13
55,50,0,28
55,51,0,8
55,52,0,3
55,53,0,9
55,54,0,10
55,55,0,85
55,56,0,-20
55,57,0,-11
55,58,0,-2
55,59,0,12
55,60,0,-2
55,61,0,20
55,62,0,18
56,1,0,-9
56,2,0,-15
56,3,0,-7
56,4,0,-3
56,5,0,-4
56,6,0,-5
56,7,0,-15
56,8,0,-4
56,9,0,4
56,10,0,-2
56,11,0,-6
56,12,0,-7
56,13,0,-6
56,14,0,-8
56,15,0,-19
56,16,0,10
56,17,0,18
56,18,0,12
56,19,0,-14
56,20,0,-19
56,21,0,7
56,22,0,22
56,23,0,-24
56,24,0,3
56,25,0,-7
56,26,0,7
56,27,0,-7
56,28,0,9
56,29,0,-10
56,30,0,25
56,31,0,-8
56,32,0,30
56,33,0,8
56,34,0,8
56,35,0,-1
56,36,0,-9
56,37,0,-13
56,38,0,-4
56,40,0,-20
56,41,0,3
56,42,0,-20
56,43,0,-17
56,44,0,-9
56,45,0,6
56,46,0,-6
56,47,0,-6
56,48,0,-19
56,49,0,2
56,50,0,-28
56,51,0,23
56,52,0,-5
56,53,0,-16
56,54,0,7
56,55,0,-20
56,56,0,129
56,57,0,10
56,58,0,-9
56,59,0,13
56,60,0,-2
56,61,0,30
56,62,0,4
57,1,0,-15
57,2,0,-5
57,3,0,14
57,4,0,9
57,5,0,-13
57,6,0,-3
57,7,0,-20
57,8,0,-7
57,9,0,6
57,10,0,-17
57,11,0,14
57,12,0,-5
57,13,0,21
57,14,0,-10
57,15,0,3
57,16,0,3
57,17,0,12
57,18,0,4
57,19,0,15
57,20,0,9
57,21,0,-5
57,22,0,14
57,23,0,-11
57,24,0,-6
57,25,0,-16
57,26,0,-2
57,27,0,-1
57,28,0,-6
57,29,0,10
57,30,0,-13
57,31,0,-11
57,32,0,6
57,33,0,-16
57,34,0,3
57,35,0,9
57,36,0,-3
57,37,0,-2
57,38,0,19
57,39,0,11
57,40,0,-3
57,41,0,20
57,43,0,6
57,44,0,4
57,46,0,-15
57,47,0,-8
57,48,0,11
57,49,0,-5
57,50,0,-6
57,51,0,6
57,52,0,-19
57,53,0,12
57,54,0,7
57,55,0,-11
57,56,0,10
57,57,0,91
57,58,0,-13
57,59,0,-7
57,60,0,5
57,61,0,-2
57,62,0,12
58,1,0,-1
58,2,0,13
58,3,0,-1
58,4,0,20
58,5,0,9
58,6,0,7
58,8,0,-10
58,9,0,-25
58,10,0,4
58,11,0,-3
58,12,0,20
58,13,0,-9
58,14,0,3
58,15,0,-9
58,16,0,17
58,17,0,-4
58,18,0,19
58,19,0,-1
58,20,0,-11
58,22,0,-8
58,23,0,13
58,25,0,19
58,26,0,-8
58,27,0,9
58,28,0,-18
58,29,0,3
58,30,0,1
58,31,0,-9
58,32,0,-9
58,33,0,8
58,34,0,-4
58,35,0,4
58,36,0,-2
58,37,0,19
58,38,0,2
58,39,0,-13
58,40,0,11
58,41,0,-11
58,42,0,6
58,43,0,4
58,44,0,24
58,45,0,-19
58,46,0,1
58,47,0,18
58,48,0,6
58,49,0,-7
58,50,0,7
58,51,0,-8
58,52,0,9
58,53,0,2
58,54,0,-7
58,55,0,-2
58,56,0,-9
58,57,0,-13
58,58,0,82
58,59,0,-7
58,60,0,15
58,61,0,-9
58,62,0,6
59,1,0,20
59,2,0,-10
59,3,0,-16
59,4,0,17
59,5,0,14
59,6,0,-23
59,7,0,-6
59,8,0,3
59,9,0,-3
59,10,0,-13
59,12,0,9
59,13,0,-9
59,14,0,-4
59,15,0,6
59,16,0,30
59,17,0,5
59,18,0,-13
59,19,0,23
59,20,0,-18
59,21,0,7
59,22,0,9
59,23,0,2
59,24,0,-11
59,25,0,-5
59,26,0,23
59,27,0,8
59,28,0,-5
59,29,0,7
59,30,0,-2
59,31,0,1
59,32,0,11
59,33,0,7
59,34,0,3
59,35,0,5
59,37,0,-2
59,38,0,-7
59,39,0,-2
59,40,0,-4
59,41,0,-19
59,42,0,11
59,43,0,-15
59,44,0,6
59,45,0,8
59,46,0,5
59,47,0,6
59,48,0,7
59,49,0,-3
59,50,0,12
59,51,0,-6
59,52,0,-4
59,53,0,-17
59,54,0,8
59,55,0,12
59,56,0,13
59,57,0,-7
59,58,0,-7
59,59,0,99
59,60,0,6
59,61,0,9
59,62,0,10
60,1,0,20
60,2,0,17
60,3,0,-7
60,4,0,10
60,5,0,28
60,6,0,-4
60,7,0,10
60,8,0,2
60,9,0,10
60,10,0,1
60,11,0,9
60,12,0,7
60,13,0,1
60,14,0,4
60,15,0,8
60,16,0,6
60,17,0,-2
60,18,0,12
60,19,0,8
60,20,0,1
60,21,0,-8
60,22,0,-4
60,23,0,16
60,24,0,8
60,25,0,-5
60,26,0,-5
60,28,0,-10
60,29,0,6
60,30,0,10
60,31,0,3
60,32,0,-6
60,33,0,-2
60,34,0,-34
60,35,0,-7
60,36,0,-17
60,37,0,-2
60,38,0,38
60,39,0,-19
60,40,0,-1
60,41,0,19
60,42,0,3
60,43,0,-11
60,44,0,15
60,45,0,-8
60,46,0,-20
60,47,0,4
60,48,0,2
60,49,0,5
60,50,0,-2
60,52,0,-13
60,53,0,5
60,54,0,11
60,55,0,-2
60,56,0,-2
60,57,0,5
60,58,0,15
60,59,0,6
60,60,0,78
60,61,0,3
60,62,0,2
61,1,0,-11
61,2,0,-3
61,3,0,-10
61,4,0,-12
61,5,0,-5
61,6,0,-16
61,7,0,3
61,8,0,1
61,9,0,-3
61,10,0,10
61,11,0,-9
61,12,0,-5
61,13,0,11
61,14,0,14
61,15,0,-17
61,16,0,-3
61,17,0,10
61,18,0,-8
61,19,0,-1
61,20,0,-10
61,21,0,5
61,22,0,4
61,23,0,-10
61,24,0,-1
61,25,0,-1
61,26,0,6
61,27,0,-8
61,28,0,-1
61,29,0,-7
61,30,0,-8
61,31,0,-3
61,32,0,15
61,33,0,1
61,34,0,-3
61,35,0,2
61,36,0,10
61,37,0,-7
61,38,0,13
61,39,0,-13
61,40,0,-2
61,41,0,-7
61,42,0,-4
61,43,0,5
61,44,0,6
61,45,0,-6
61,46,0,-24
61,47,0,-1
61,48,0,-15
61,49,0,3
61,50,0,-12
61,51,0,-2
61,52,0,-9
61,53,0,13
61,54,0,1
61,55,0,20
61,56,0,30
61,57,0,-2
61,58,0,-9
61,59,0,9
61,60,0,3
61,61,0,80
61,62,0,-7
62,1,0,-10
62,2,0,9
62,3,0,13
62,4,0,-13
62,5,0,5
62,6,0,17
62,7,0,-8
62,8,0,-16
62,9,0,-2
62,10,0,-5
62,11,0,18
62,12,0,-26
62,13,0,-21
62,14,0,-20
62,15,0,13
62,16,0,21
62,17,0,1
62,18,0,5
62,19,0,9
62,20,0,-14
62,21,0,-8
62,22,0,-1
62,23,0,-22
62,24,0,3
62,25,0,7
62,26,0,-1
62,27,0,18
62,28,0,-4
62,29,0,8
62,30,0,-16
62,31,0,-11
62,32,0,-9
62,33,0,-3
62,34,0,-2
62,36,0,-8
62,37,0,14
62,38,0,1
62,39,0,-14
62,40,0,-2
62,41,0,-4
62,42,0,30
62,43,0,-8
62,44,0,-13
62,45,0,-5
62,46,0,15
62,47,0,1
62,48,0,2
62,49,0,-4
62,50,0,10
62,51,0,13
62,52,0,-16
62,53,0,-12
62,54,0,-4
62,55,0,18
62,56,0,4
62,57,0,12
62,58,0,6
62,59,0,10
62,60,0,2
62,61,0,-7
62,62,0,111
63,1,0,-1
64,1,0,-1
65,1,0,-1
66,1,0,-1
67,1,0,-1
68,1,0,-1
69,1,0,-1
70,1,0,-1
71,1,0,-1
72,1,0,-1
73,1,0,-1
73,73,0,2
73,73,1,-2
74,2,0,-1
74,74,0,1
75,3,0,-1
75,75,0,5
75,75,1,-1

q_data
1,0,-192
2,0,-609
3,0,-273
3,1,-98
4,0,-522
4,1,190
5,0,-663
5,1,-2
6,0,-219
7,0,-342
7,1,147
8,0,-87
9,0,-322
10,0,-200
11,0,-78
12,0,-234
13,0,-76
14,0,111
15,0,-474
15,1,270
16,0,-312
17,0,-139
18,0,-640
18,1,539
19,0,-166
19,1,80
20,0,-442
20,1,99
21,0,-503
22,0,-613
23,0,-132
24,0,364
25,0,-505
26,0,-574
26,1,63
27,0,-256
28,0,384
29,0,21
30,0,-692
31,0,-79
32,0,-354
33,0,-165
34,0,-404
35,0,30
36,0,-260
37,0,-225
38,0,-564
38,1,-407
39,0,-175
40,0,-94
40,1,-44
41,0,-742
42,0,-172
43,0,-590
44,0,-144
45,0,187
46,0,296
47,0,-438
48,0,-414
48,1,-149
49,0,-9
50,0,-891
51,0,-133
52,0,-449
53,0,-581
54,0,-97
54,1,7
55,0,-430
56,0,92
57,0,-468
58,0,-233
59,0,-88
59,1,-64
60,0,-447
61,0,-152
62,0,-1
63,0,2
64,0,2
65,0,2
66,0,2
67,0,2
68,0,2
69,0,2
69,1,2
70,0,2
71,0,4
72,0,2
73,0,-8
74,0,2
75,0,-22

Param_Space
1,1,-1
2,1,1

Param_Space_RHS
0
1

END
