LCP


h
75

k
1

M_data
1,33,0,2
1,34,0,2
1,35,0,2
1,36,0,1
1,37,0,-1
1,39,0,-2
1,41,0,1
1,42,0,2
1,43,0,2
1,44,0,1
1,45,0,-1
1,46,0,2
1,47,0,1
1,48,0,-2
1,49,0,-2
1,50,0,-2
1,51,0,1
1,52,0,2
1,53,0,2
1,54,0,-1
1,55,0,2
1,56,0,-2
1,58,0,2
1,61,0,2
1,62,0,-2
1,64,0,1
1,65,0,2
1,67,0,-1
1,68,0,2
1,69,0,1
1,70,0,1
1,71,0,-2
1,72,0,-2
1,73,0,2
1,74,0,1
2,33,0,2
2,34,0,2
2,35,0,-2
2,36,0,-1
2,37,0,-1
2,38,0,2
2,39,0,-1
2,40,0,-2
2,41,0,1
2,42,0,-1
2,43,0,-2
2,44,0,-1
2,45,0,2
2,46,0,-2
2,47,0,1
2,48,0,-2
2,49,0,1
2,50,0,2
2,51,0,-1
2,52,0,-1
2,53,0,-1
2,54,0,-1
2,56,0,2
2,57,0,-1
2,58,0,2
2,60,0,-1
2,61,0,1
2,62,0,-1
2,63,0,-2
2,64,0,2
2,65,0,2
2,67,0,1
2,68,0,1
2,69,0,2
2,70,0,-2
2,71,0,1
2,72,0,1
2,73,0,-2
2,74,0,1
3,33,0,-1
3,34,0,1
3,35,0,-2
3,37,0,1
3,39,0,2
3,40,0,-2
3,41,0,2
3,42,0,2
3,44,0,-2
3,45,0,2
3,47,0,-1
3,48,0,1
3,49,0,-1
3,50,0,-2
3,51,0,-2
3,52,0,-1
3,53,0,2
3,54,0,-2
3,55,0,2
3,56,0,1
3,57,0,2
3,58,0,2
3,59,0,-2
3,60,0,2
3,61,0,-1
3,63,0,2
3,64,0,-2
3,65,0,2
3,66,0,2
3,67,0,-1
3,68,0,-2
3,69,0,-2
3,70,0,-2
3,71,0,-2
3,72,0,2
3,73,0,1
3,74,0,-1
3,75,0,-1
4,33,0,2
4,35,0,-1
4,37,0,1
4,38,0,-1
4,39,0,-2
4,40,0,1
4,41,0,2
4,42,0,1
4,43,0,2
4,44,0,1
4,45,0,-2
4,46,0,1
4,47,0,2
4,49,0,1
4,51,0,1
4,52,0,-1
4,54,0,2
4,55,0,1
4,56,0,-2
4,58,0,1
4,59,0,-1
4,60,0,2
4,61,0,2
4,62,0,1
4,63,0,2
4,64,0,2
4,65,0,-2
4,67,0,2
4,68,0,1
4,69,0,-2
4,70,0,2
4,71,0,-2
4,72,0,-2
4,73,0,-2
4,74,0,1
4,75,0,2
5,33,0,-1
5,34,0,1
5,36,0,-2
5,37,0,2
5,38,0,2
5,39,0,-2
5,40,0,2
5,42,0,1
5,43,0,-1
5,44,0,-2
5,45,0,-1
5,46,0,1
5,48,0,1
5,50,0,-1
5,51,0,2
5,52,0,2
5,53,0,-1
5,54,0,1
5,55,0,2
5,56,0,-1
5,57,0,1
5,58,0,-2
5,60,0,-2
5,61,0,-1
5,62,0,1
5,65,0,-2
5,66,0,2
5,67,0,-2
5,68,0,2
5,69,0,2
5,73,0,1
5,74,0,-2
5,75,0,1
6,33,0,-1
6,34,0,1
6,35,0,2
6,36,0,-2
6,38,0,-1
6,39,0,-2
6,40,0,1
6,41,0,1
6,42,0,2
6,43,0,-1
6,44,0,2
6,45,0,-1
6,46,0,-1
6,47,0,2
6,48,0,-2
6,49,0,-1
6,50,0,1
6,52,0,-2
6,53,0,-2
6,54,0,2
6,55,0,2
6,56,0,-2
6,57,0,1
6,58,0,-2
6,59,0,-2
6,60,0,1
6,61,0,-1
6,62,0,2
6,63,0,-1
6,65,0,-2
6,66,0,1
6,67,0,2
6,70,0,-1
6,71,0,-2
6,73,0,2
6,74,0,1
6,75,0,-1
7,33,0,2
7,34,0,2
7,35,0,1
7,36,0,-1
7,37,0,1
7,38,0,1
7,39,0,-1
7,40,0,-1
7,41,0,-1
7,42,0,1
7,43,0,1
7,44,0,-1
7,46,0,2
7,47,0,-2
7,48,0,2
7,49,0,2
7,50,0,-2
7,51,0,-2
7,52,0,-1
7,53,0,-1
7,54,0,1
7,55,0,-2
7,56,0,-1
7,58,0,-2
7,59,0,-1
7,62,0,1
7,63,0,2
7,65,0,2
7,66,0,1
7,67,0,-2
7,68,0,-1
7,70,0,1
7,71,0,1
7,72,0,-2
7,74,0,-2
7,75,0,-1
8,33,0,1
8,34,0,-1
8,35,0,2
8,36,0,-2
8,37,0,-2
8,38,0,1
8,39,0,1
8,40,0,1
8,41,0,-2
8,42,0,-2
8,43,0,-1
8,44,0,-1
8,45,0,2
8,47,0,-1
8,48,0,2
8,49,0,-1
8,50,0,2
8,51,0,2
8,52,0,2
8,53,0,-1
8,54,0,-1
8,55,0,-2
8,56,0,-2
8,57,0,-2
8,58,0,2
8,59,0,1
8,60,0,-2
8,61,0,1
8,62,0,-2
8,63,0,2
8,64,0,2
8,65,0,1
8,66,0,1
8,69,0,1
8,71,0,-1
8,72,0,-2
8,73,0,-2
8,74,0,-2
8,75,0,1
9,36,0,1
9,38,0,1
9,40,0,-2
9,41,0,1
9,42,0,-1
9,43,0,2
9,44,0,-2
9,45,0,2
9,46,0,-1
9,47,0,2
9,48,0,-1
9,51,0,2
9,52,0,-2
9,53,0,-2
9,54,0,1
9,55,0,2
9,56,0,2
9,57,0,-2
9,58,0,1
9,59,0,2
9,62,0,-2
9,63,0,-1
9,64,0,-1
9,65,0,-2
9,66,0,1
9,68,0,1
9,69,0,-1
9,71,0,1
9,72,0,-1
9,73,0,1
9,74,0,1
9,75,0,-2
10,33,0,-1
10,34,0,1
10,35,0,2
10,36,0,1
10,38,0,2
10,39,0,-1
10,40,0,-2
10,41,0,1
10,42,0,-1
10,43,0,2
10,44,0,-2
10,45,0,2
10,46,0,-2
10,47,0,-2
10,49,0,-2
10,50,0,-2
10,51,0,2
10,52,0,2
10,54,0,1
10,55,0,2
10,56,0,-1
10,57,0,2
10,58,0,-2
10,59,0,-1
10,61,0,-1
10,62,0,1
10,66,0,-2
10,67,0,-2
10,68,0,2
10,69,0,-1
10,70,0,-1
10,71,0,-2
10,72,0,2
10,73,0,-2
10,74,0,2
10,75,0,2
11,33,0,-1
11,34,0,-1
11,35,0,-1
11,36,0,-2
11,37,0,-1
11,39,0,2
11,40,0,-1
11,41,0,-2
11,43,0,-2
11,44,0,-1
11,45,0,-2
11,46,0,2
11,47,0,-1
11,49,0,-1
11,50,0,-2
11,51,0,-1
11,52,0,-1
11,54,0,1
11,56,0,1
11,57,0,-1
11,60,0,-2
11,61,0,-1
11,62,0,-1
11,63,0,-1
11,66,0,1
11,67,0,-1
11,68,0,2
11,69,0,1
11,70,0,2
11,71,0,-1
11,72,0,-2
11,73,0,-1
11,74,0,-2
11,75,0,2
12,33,0,1
12,35,0,2
12,36,0,2
12,37,0,2
12,38,0,1
12,39,0,1
12,40,0,1
12,42,0,1
12,44,0,1
12,45,0,1
12,46,0,-2
12,47,0,1
12,48,0,2
12,50,0,1
12,51,0,-1
12,52,0,-1
12,53,0,-2
12,54,0,-2
12,55,0,1
12,57,0,-1
12,58,0,1
12,59,0,-2
12,60,0,-2
12,61,0,1
12,63,0,2
12,64,0,1
12,66,0,-2
12,67,0,2
12,69,0,-1
12,70,0,-2
12,71,0,-2
12,72,0,1
13,33,0,-2
13,34,0,-2
13,35,0,2
13,36,0,2
13,37,0,-2
13,38,0,2
13,39,0,2
13,40,0,2
13,41,0,2
13,42,0,2
13,44,0,-2
13,45,0,-2
13,46,0,1
13,47,0,1
13,48,0,2
13,49,0,-2
13,50,0,-1
13,51,0,1
13,52,0,-2
13,53,0,-2
13,54,0,-1
13,55,0,-1
13,58,0,-1
13,59,0,-1
13,61,0,1
13,62,0,2
13,63,0,-2
13,64,0,2
13,65,0,-1
13,66,0,2
13,67,0,-2
13,68,0,2
13,69,0,-2
13,70,0,-2
13,71,0,1
13,72,0,1
13,73,0,2
13,74,0,-1
13,75,0,-2
14,33,0,-1
14,34,0,2
14,35,0,1
14,36,0,1
14,37,0,2
14,38,0,-1
14,39,0,-2
14,40,0,-1
14,42,0,-1
14,43,0,1
14,44,0,2
14,48,0,2
14,49,0,2
14,50,0,2
14,51,0,-2
14,53,0,1
14,54,0,1
14,55,0,-2
14,56,0,-1
14,57,0,-1
14,58,0,1
14,59,0,2
14,60,0,-1
14,61,0,1
14,62,0,-2
14,63,0,1
14,64,0,-1
14,65,0,1
14,66,0,-1
14,67,0,1
14,69,0,-2
14,70,0,-1
14,71,0,-1
14,72,0,-2
14,73,0,1
14,74,0,-1
14,75,0,-2
15,34,0,-2
15,36,0,2
15,37,0,2
15,38,0,1
15,40,0,2
15,42,0,-2
15,43,0,-2
15,44,0,2
15,45,0,-2
15,46,0,2
15,47,0,2
15,49,0,2
15,50,0,-1
15,51,0,1
15,52,0,-2
15,53,0,1
15,54,0,-2
15,55,0,1
15,56,0,2
15,57,0,1
15,58,0,-1
15,59,0,2
15,60,0,1
15,61,0,2
15,63,0,2
15,64,0,-1
15,65,0,-1
15,67,0,-2
15,68,0,2
15,70,0,2
15,73,0,-2
15,74,0,-1
16,33,0,-2
16,36,0,-2
16,37,0,1
16,38,0,2
16,39,0,-1
16,40,0,-2
16,41,0,2
16,42,0,1
16,43,0,-1
16,44,0,2
16,45,0,-1
16,46,0,-2
16,48,0,2
16,49,0,1
16,50,0,-2
16,52,0,-2
16,53,0,2
16,55,0,1
16,56,0,-1
16,57,0,1
16,58,0,2
16,59,0,-1
16,60,0,2
16,61,0,-2
16,62,0,2
16,63,0,-1
16,65,0,2
16,66,0,-1
16,67,0,2
16,68,0,-1
16,69,0,1
16,71,0,-2
16,72,0,-1
16,73,0,1
16,74,0,1
17,33,0,2
17,34,0,1
17,37,0,-2
17,38,0,-2
17,39,0,-1
17,40,0,2
17,41,0,2
17,42,0,-2
17,43,0,-2
17,44,0,2
17,45,0,1
17,46,0,1
17,49,0,-1
17,50,0,2
17,51,0,-2
17,52,0,1
17,53,0,-2
17,54,0,-2
17,56,0,-2
17,59,0,-1
17,60,0,-1
17,61,0,-1
17,62,0,-2
17,63,0,1
17,64,0,-2
17,65,0,1
17,66,0,1
17,67,0,-2
17,68,0,-1
17,69,0,2
17,71,0,1
17,72,0,2
17,73,0,-2
17,74,0,-2
17,75,0,1
18,33,0,-2
18,34,0,1
18,36,0,2
18,37,0,2
18,38,0,-1
18,39,0,1
18,40,0,-1
18,41,0,-1
18,42,0,-1
18,44,0,-2
18,47,0,1
18,48,0,2
18,49,0,-2
18,50,0,-2
18,52,0,-2
18,53,0,-1
18,55,0,-2
18,56,0,1
18,57,0,1
18,58,0,1
18,59,0,1
18,60,0,-2
18,61,0,-1
18,62,0,-2
18,63,0,-1
18,64,0,1
18,65,0,1
18,66,0,1
18,69,0,2
18,70,0,2
18,71,0,2
18,72,0,-1
18,73,0,-1
18,74,0,2
19,34,0,1
19,35,0,1
19,36,0,-1
19,37,0,-2
19,39,0,2
19,42,0,-1
19,43,0,-2
19,44,0,1
19,45,0,1
19,46,0,1
19,47,0,-1
19,48,0,2
19,49,0,-1
19,51,0,2
19,54,0,-1
19,55,0,2
19,56,0,-2
19,57,0,-1
19,58,0,-2
19,59,0,-2
19,60,0,1
19,62,0,2
19,63,0,-2
19,65,0,-1
19,66,0,-2
19,67,0,-2
19,69,0,-2
19,71,0,2
19,72,0,2
19,73,0,1
19,74,0,-2
20,33,0,-1
20,34,0,-2
20,37,0,1
20,38,0,2
20,39,0,2
20,40,0,-2
20,41,0,1
20,43,0,-2
20,45,0,2
20,46,0,-1
20,47,0,-1
20,48,0,-1
20,49,0,-2
20,51,0,-1
20,52,0,-1
20,53,0,1
20,54,0,1
20,55,0,1
20,56,0,-1
20,57,0,2
20,58,0,-2
20,60,0,1
20,61,0,2
20,62,0,2
20,63,0,-1
20,64,0,2
20,65,0,-1
20,66,0,2
20,67,0,-1
20,68,0,-1
20,69,0,-1
20,70,0,-2
20,71,0,1
20,72,0,1
21,34,0,-1
21,36,0,1
21,38,0,1
21,39,0,-1
21,40,0,-2
21,41,0,2
21,43,0,-2
21,44,0,-1
21,45,0,1
21,46,0,1
21,48,0,1
21,49,0,-2
21,50,0,1
21,51,0,-1
21,52,0,2
21,53,0,-1
21,54,0,-2
21,55,0,-2
21,56,0,2
21,57,0,-1
21,58,0,-1
21,59,0,-1
21,60,0,2
21,61,0,1
21,62,0,-1
21,63,0,-1
21,65,0,1
21,66,0,-1
21,68,0,2
21,69,0,-2
21,70,0,1
21,71,0,-2
21,72,0,-2
21,73,0,-1
21,74,0,2
21,75,0,1
22,33,0,-2
22,34,0,1
22,35,0,-2
22,36,0,-1
22,37,0,-2
22,38,0,1
22,39,0,1
22,40,0,-1
22,41,0,2
22,42,0,1
22,43,0,1
22,44,0,-1
22,46,0,-1
22,47,0,-2
22,48,0,-2
22,49,0,-2
22,50,0,-1
22,51,0,-1
22,52,0,-1
22,53,0,2
22,54,0,-1
22,56,0,-2
22,59,0,-2
22,60,0,1
22,62,0,-1
22,63,0,2
22,64,0,-2
22,65,0,2
22,66,0,2
22,68,0,-1
22,69,0,2
22,70,0,-1
22,71,0,2
22,72,0,-2
22,73,0,-2
22,74,0,2
22,75,0,2
23,33,0,2
23,34,0,2
23,35,0,-1
23,36,0,2
23,38,0,2
23,39,0,2
23,40,0,1
23,41,0,-1
23,42,0,-1
23,43,0,1
23,46,0,2
23,47,0,1
23,48,0,-2
23,49,0,-1
23,50,0,-1
23,52,0,1
23,53,0,-1
23,54,0,1
23,55,0,1
23,56,0,-2
23,57,0,1
23,58,0,-1
23,59,0,-1
23,60,0,-2
23,61,0,-1
23,62,0,1
23,63,0,1
23,64,0,-1
23,65,0,-2
23,67,0,1
23,68,0,-2
23,69,0,1
23,71,0,2
23,72,0,2
23,73,0,1
23,75,0,-1
24,33,0,2
24,34,0,1
24,35,0,2
24,36,0,-2
24,38,0,-1
24,39,0,-2
24,40,0,-1
24,41,0,2
24,42,0,-2
24,43,0,-1
24,44,0,-1
24,45,0,-1
24,46,0,1
24,47,0,1
24,48,0,-2
24,49,0,-1
24,52,0,-1
24,54,0,-2
24,55,0,1
24,56,0,-1
24,57,0,2
24,58,0,1
24,59,0,-1
24,60,0,-1
24,62,0,1
24,63,0,2
24,64,0,-2
24,65,0,-2
24,66,0,-2
24,67,0,1
24,68,0,-2
24,69,0,2
24,70,0,1
24,73,0,-2
24,74,0,-1
25,34,0,-1
25,35,0,1
25,36,0,1
25,39,0,-2
25,40,0,1
25,41,0,1
25,42,0,-2
25,44,0,2
25,45,0,1
25,46,0,-2
25,47,0,2
25,49,0,-1
25,51,0,-1
25,52,0,-1
25,54,0,2
25,55,0,-2
25,56,0,-2
25,57,0,2
25,59,0,-1
25,60,0,-1
25,61,0,2
25,62,0,-2
25,64,0,-1
25,66,0,-1
25,67,0,-2
25,68,0,-2
25,69,0,1
25,70,0,-1
25,71,0,1
25,72,0,2
25,73,0,1
25,75,0,-1
26,33,0,-1
26,34,0,-1
26,35,0,2
26,36,0,-2
26,37,0,2
26,38,0,-2
26,39,0,-1
26,40,0,2
26,41,0,-2
26,42,0,-2
26,43,0,-2
26,44,0,-1
26,45,0,-1
26,46,0,-1
26,47,0,1
26,49,0,-1
26,50,0,-1
26,52,0,2
26,53,0,-1
26,54,0,-2
26,56,0,2
26,57,0,1
26,58,0,1
26,59,0,1
26,60,0,-2
26,62,0,-1
26,63,0,2
26,64,0,-1
26,65,0,2
26,66,0,-1
26,67,0,2
26,68,0,1
26,69,0,1
26,70,0,-2
26,71,0,2
26,75,0,-1
27,33,0,-1
27,34,0,-2
27,35,0,1
27,37,0,2
27,38,0,1
27,41,0,2
27,42,0,2
27,44,0,1
27,45,0,-2
27,46,0,2
27,47,0,-1
27,48,0,1
27,50,0,-1
27,52,0,-1
27,53,0,2
27,54,0,-2
27,56,0,-2
27,57,0,1
27,58,0,2
27,60,0,2
27,61,0,-1
27,62,0,-2
27,64,0,-1
27,65,0,-2
27,67,0,-2
27,68,0,-1
27,69,0,-2
27,70,0,1
27,72,0,1
27,73,0,1
27,75,0,-1
28,33,0,-1
28,34,0,-2
28,35,0,2
28,36,0,-1
28,37,0,2
28,38,0,-1
28,39,0,1
28,40,0,-2
28,41,0,-2
28,43,0,-2
28,45,0,1
28,46,0,-2
28,47,0,-1
28,48,0,-1
28,49,0,-1
28,50,0,2
28,51,0,1
28,53,0,-1
28,55,0,1
28,56,0,1
28,57,0,1
28,58,0,-1
28,59,0,-2
28,60,0,-2
28,61,0,-2
28,62,0,1
28,64,0,1
28,68,0,-2
28,69,0,1
28,70,0,2
28,72,0,-1
28,74,0,2
28,75,0,-1
29,34,0,2
29,35,0,-1
29,36,0,1
29,37,0,-2
29,38,0,2
29,39,0,2
29,40,0,-1
29,41,0,1
29,43,0,-2
29,46,0,2
29,48,0,-1
29,50,0,2
29,51,0,-1
29,53,0,-2
29,55,0,2
29,56,0,1
29,58,0,-1
29,59,0,2
29,60,0,2
29,61,0,-2
29,62,0,-1
29,63,0,2
29,64,0,2
29,65,0,1
29,66,0,-2
29,67,0,-1
29,68,0,-1
29,69,0,1
29,70,0,2
29,71,0,1
29,72,0,-2
29,73,0,1
29,74,0,2
29,75,0,1
30,33,0,2
30,36,0,2
30,37,0,-2
30,39,0,2
30,43,0,2
30,44,0,-1
30,45,0,2
30,46,0,-2
30,47,0,2
30,48,0,2
30,50,0,-1
30,51,0,-2
30,52,0,2
30,53,0,1
30,54,0,-1
30,59,0,-1
30,61,0,2
30,62,0,1
30,63,0,1
30,64,0,-1
30,65,0,2
30,66,0,-2
30,67,0,1
30,70,0,-2
30,71,0,2
30,72,0,-2
30,73,0,-1
30,74,0,2
30,75,0,-1
31,33,0,-2
31,34,0,-1
31,35,0,-1
31,37,0,2
31,38,0,-1
31,39,0,-1
31,41,0,-1
31,42,0,1
31,43,0,1
31,44,0,1
31,45,0,-2
31,46,0,-2
31,48,0,-2
31,49,0,-2
31,50,0,-1
31,51,0,2
31,52,0,-1
31,53,0,2
31,54,0,1
31,55,0,2
31,57,0,-2
31,60,0,-2
31,61,0,1
31,62,0,1
31,63,0,2
31,64,0,-2
31,65,0,2
31,66,0,2
31,67,0,-2
31,68,0,1
31,69,0,2
31,70,0,2
31,71,0,-1
31,72,0,1
31,73,0,-2
31,74,0,-2
31,75,0,2
32,33,0,-2
32,35,0,1
32,36,0,1
32,37,0,-1
32,38,0,1
32,39,0,2
32,40,0,1
32,41,0,2
32,42,0,2
32,43,0,2
32,45,0,2
32,46,0,-2
32,47,0,1
32,48,0,1
32,49,0,1
32,50,0,2
32,51,0,1
32,52,0,-1
32,54,0,1
32,57,0,-1
32,58,0,-2
32,60,0,2
32,61,0,1
32,62,0,2
32,63,0,-1
32,64,0,2
32,65,0,2
32,67,0,-1
32,68,0,2
32,69,0,-1
32,70,0,-2
32,72,0,2
32,73,0,2
32,75,0,2
33,1,0,-2
33,2,0,-2
33,3,0,1
33,4,0,-2
33,5,0,1
33,6,0,1
33,7,0,-2
33,8,0,-1
33,10,0,1
33,11,0,1
33,12,0,-1
33,13,0,2
33,14,0,1
33,16,0,2
33,17,0,-2
33,18,0,2
33,20,0,1
33,22,0,2
33,23,0,-2
33,24,0,-2
33,26,0,1
33,27,0,1
33,28,0,1
33,30,0,-2
33,31,0,2
33,32,0,2
33,33,0,66
33,33,1,12
33,34,0,2
33,34,1,-11
33,35,0,4
33,35,1,-22
33,36,0,-9
33,36,1,12
33,37,0,-11
33,37,1,9
33,38,0,8
33,38,1,1
33,39,0,13
33,39,1,-4
33,40,0,18
33,40,1,-14
33,41,0,-5
33,41,1,6
33,42,0,-4
33,42,1,4
33,43,0,-8
33,43,1,2
33,44,0,-5
33,44,1,-4
33,45,0,-8
33,45,1,19
33,46,0,4
33,46,1,-9
33,47,0,-5
33,47,1,9
33,48,0,-5
33,48,1,8
33,49,0,-4
33,49,1,-12
33,50,0,-4
33,50,1,-2
33,51,0,3
33,51,1,18
33,52,0,4
33,52,1,-4
33,53,0,8
33,53,1,-29
33,54,0,-10
33,54,1,12
33,55,0,-1
33,55,1,-4
33,56,0,7
33,56,1,-1
33,57,0,4
33,57,1,-2
33,58,0,5
33,58,1,-16
33,59,0,5
33,59,1,-5
33,60,0,9
33,60,1,-6
33,61,0,-26
33,61,1,33
33,62,1,-5
33,63,0,15
33,63,1,-25
33,64,0,-14
33,64,1,-4
33,65,0,-8
33,65,1,12
33,66,0,10
33,66,1,-2
33,67,0,-1
33,67,1,12
33,68,0,-3
33,68,1,-14
33,69,1,3
33,70,0,1
33,70,1,-9
33,71,0,-10
33,71,1,7
33,72,0,-13
33,72,1,27
33,73,0,-2
33,73,1,-6
33,74,0,18
33,74,1,-26
33,75,0,2
33,75,1,-11
34,1,0,-2
34,2,0,-2
34,3,0,-1
34,5,0,-1
34,6,0,-1
34,7,0,-2
34,8,0,1
34,10,0,-1
34,11,0,1
34,13,0,2
34,14,0,-2
34,15,0,2
34,17,0,-1
34,18,0,-1
34,19,0,-1
34,20,0,2
34,21,0,1
34,22,0,-1
34,23,0,-2
34,24,0,-1
34,25,0,1
34,26,0,1
34,27,0,2
34,28,0,2
34,29,0,-2
34,31,0,1
34,33,0,2
34,33,1,-11
34,34,0,67
34,34,1,8
34,35,0,17
34,35,1,-19
34,36,0,-15
34,36,1,4
34,37,0,-6
34,37,1,2
34,38,0,1
34,38,1,3
34,39,0,3
34,39,1,-15
34,40,0,5
34,40,1,-14
34,41,0,-12
34,41,1,29
34,42,0,6
34,42,1,-14
34,43,0,-10
34,43,1,11
34,44,1,-4
34,45,0,-10
34,45,1,13
34,46,0,-18
34,47,0,-3
34,47,1,18
34,48,0,11
34,48,1,-21
34,49,0,-3
34,49,1,5
34,50,0,20
34,50,1,-8
34,51,0,14
34,51,1,-28
34,52,0,2
34,52,1,10
34,53,0,-17
34,53,1,4
34,54,0,12
34,54,1,-15
34,55,0,16
34,55,1,-12
34,56,0,3
34,56,1,5
34,57,0,2
34,57,1,-4
34,58,0,-14
34,58,1,27
34,59,0,7
34,59,1,-12
34,60,0,-17
34,60,1,23
34,61,0,2
34,61,1,16
34,62,0,-3
34,62,1,-4
34,63,0,13
34,63,1,-22
34,64,0,4
34,64,1,9
34,65,0,-2
34,65,1,-7
34,66,0,3
34,66,1,4
34,67,0,-1
34,67,1,-1
34,68,0,1
34,68,1,-20
34,69,0,-4
34,69,1,-1
34,70,0,-9
34,70,1,2
34,71,0,4
34,71,1,12
34,72,0,22
34,72,1,-22
34,73,0,8
34,73,1,-3
34,74,0,5
34,74,1,-7
34,75,0,11
34,75,1,-5
35,1,0,-2
35,2,0,2
35,3,0,2
35,4,0,1
35,6,0,-2
35,7,0,-1
35,8,0,-2
35,10,0,-2
35,11,0,1
35,12,0,-2
35,13,0,-2
35,14,0,-1
35,19,0,-1
35,22,0,2
35,23,0,1
35,24,0,-2
35,25,0,-1
35,26,0,-2
35,27,0,-1
35,28,0,-2
35,29,0,1
35,31,0,1
35,32,0,-1
35,33,0,4
35,33,1,-22
35,34,0,17
35,34,1,-19
35,35,0,60
35,35,1,-8
35,36,0,-10
35,36,1,-4
35,37,0,1
35,37,1,-7
35,38,0,-3
35,38,1,3
35,39,0,10
35,39,1,-5
35,40,0,6
35,40,1,-19
35,41,0,-18
35,41,1,11
35,42,0,2
35,42,1,2
35,43,0,8
35,43,1,-8
35,44,0,-15
35,44,1,25
35,45,0,-14
35,45,1,18
35,46,0,-9
35,46,1,5
35,47,0,-6
35,47,1,-9
35,48,0,14
35,48,1,-16
35,49,0,-5
35,49,1,17
35,50,0,-14
35,50,1,20
35,51,0,18
35,51,1,-22
35,52,0,-1
35,52,1,1
35,53,0,9
35,53,1,1
35,54,0,6
35,54,1,-19
35,55,0,-2
35,55,1,11
35,56,0,-5
35,56,1,7
35,57,0,-2
35,57,1,-3
35,58,0,-7
35,58,1,13
35,59,1,-14
35,60,0,6
35,60,1,2
35,61,0,-5
35,61,1,-5
35,62,0,-10
35,62,1,17
35,63,0,9
35,63,1,-17
35,64,0,17
35,64,1,-10
35,65,0,-3
35,65,1,-1
35,66,0,-11
35,66,1,3
35,67,0,5
35,67,1,-8
35,68,0,15
35,68,1,-17
35,69,0,-4
35,69,1,10
35,70,0,-1
35,70,1,5
35,71,0,4
35,71,1,-8
35,72,0,7
35,72,1,-13
35,73,0,8
35,73,1,-17
35,74,0,2
35,74,1,-2
35,75,0,3
35,75,1,3
36,1,0,-1
36,2,0,1
36,5,0,2
36,6,0,2
36,7,0,1
36,8,0,2
36,9,0,-1
36,10,0,-1
36,11,0,2
36,12,0,-2
36,13,0,-2
36,14,0,-1
36,15,0,-2
36,16,0,2
36,18,0,-2
36,19,0,1
36,21,0,-1
36,22,0,1
36,23,0,-2
36,24,0,2
36,25,0,-1
36,26,0,2
36,28,0,1
36,29,0,-1
36,30,0,-2
36,32,0,-1
36,33,0,-9
36,33,1,12
36,34,0,-15
36,34,1,4
36,35,0,-10
36,35,1,-4
36,36,0,83
36,36,1,-17
36,37,0,27
36,37,1,-26
36,38,0,-9
36,38,1,9
36,39,0,-11
36,39,1,19
36,40,0,-9
36,40,1,28
36,41,0,10
36,41,1,-13
36,42,1,7
36,43,0,7
36,43,1,-2
36,44,0,16
36,44,1,-24
36,45,0,3
36,45,1,-8
36,46,0,-7
36,46,1,18
36,47,0,-5
36,47,1,1
36,48,0,-11
36,48,1,-3
36,49,0,-6
36,49,1,-9
36,50,0,-4
36,50,1,-8
36,51,0,-3
36,51,1,12
36,52,0,-14
36,52,1,21
36,53,0,7
36,53,1,-15
36,54,0,-18
36,54,1,22
36,55,0,2
36,55,1,-2
36,56,0,-13
36,56,1,19
36,57,0,-9
36,57,1,16
36,58,0,7
36,58,1,-26
36,59,0,-21
36,59,1,24
36,60,0,-27
36,60,1,15
36,61,0,-5
36,61,1,-2
36,62,0,12
36,62,1,-23
36,63,0,-14
36,63,1,21
36,64,0,14
36,64,1,-1
36,65,0,-5
36,65,1,-5
36,66,0,-12
36,66,1,-2
36,67,1,3
36,68,0,-1
36,68,1,10
36,69,0,-13
36,69,1,14
36,70,0,2
36,70,1,-9
36,71,0,-3
36,71,1,-8
36,72,0,-15
36,72,1,27
36,73,0,-18
36,73,1,16
36,74,0,4
36,74,1,-7
36,75,0,-2
37,1,0,1
37,2,0,1
37,3,0,-1
37,4,0,-1
37,5,0,-2
37,7,0,-1
37,8,0,2
37,11,0,1
37,12,0,-2
37,13,0,2
37,14,0,-2
37,15,0,-2
37,16,0,-1
37,17,0,2
37,18,0,-2
37,19,0,2
37,20,0,-1
37,22,0,2
37,26,0,-2
37,27,0,-2
37,28,0,-2
37,29,0,2
37,30,0,2
37,31,0,-2
37,32,0,1
37,33,0,-11
37,33,1,9
37,34,0,-6
37,34,1,2
37,35,0,1
37,35,1,-7
37,36,0,27
37,36,1,-26
37,37,0,67
37,37,1,-4
37,38,0,-8
37,38,1,11
37,39,0,-6
37,39,1,14
37,40,0,3
37,40,1,13
37,41,0,6
37,41,1,-7
37,42,0,2
37,42,1,23
37,43,0,15
37,43,1,-12
37,44,0,6
37,44,1,-12
37,45,0,5
37,45,1,-12
37,46,0,-12
37,46,1,20
37,47,0,-3
37,47,1,11
37,48,0,-4
37,49,0,2
37,49,1,-2
37,50,0,-1
37,50,1,3
37,51,0,-2
37,51,1,9
37,52,0,13
37,52,1,-11
37,53,0,-9
37,53,1,14
37,54,1,13
37,55,0,-9
37,55,1,10
37,56,0,-11
37,56,1,16
37,57,0,-16
37,57,1,9
37,58,0,-7
37,58,1,-4
37,59,0,-16
37,59,1,32
37,60,0,-11
37,60,1,20
37,61,0,-5
37,61,1,14
37,62,0,4
37,62,1,10
37,63,0,-2
37,63,1,-7
37,64,0,1
37,64,1,-4
37,65,0,4
37,65,1,16
37,66,0,-7
37,66,1,-2
37,67,0,-4
37,67,1,-9
37,68,0,20
37,68,1,-17
37,69,0,8
37,69,1,-13
37,70,0,-1
37,70,1,-10
37,71,1,18
37,72,0,-3
37,72,1,2
37,73,0,-1
37,73,1,-20
37,74,0,-12
37,74,1,26
37,75,0,-12
37,75,1,16
38,2,0,-2
38,4,0,1
38,5,0,-2
38,6,0,1
38,7,0,-1
38,8,0,-1
38,9,0,-1
38,10,0,-2
38,12,0,-1
38,13,0,-2
38,14,0,1
38,15,0,-1
38,16,0,-2
38,17,0,2
38,18,0,1
38,20,0,-2
38,21,0,-1
38,22,0,-1
38,23,0,-2
38,24,0,1
38,26,0,2
38,27,0,-1
38,28,0,1
38,29,0,-2
38,31,0,1
38,32,0,-1
38,33,0,8
38,33,1,1
38,34,0,1
38,34,1,3
38,35,0,-3
38,35,1,3
38,36,0,-9
38,36,1,9
38,37,0,-8
38,37,1,11
38,38,0,75
38,38,1,-9
38,39,0,17
38,39,1,-26
38,40,0,4
38,40,1,-1
38,41,0,11
38,41,1,-15
38,42,0,-5
38,43,0,6
38,43,1,-4
38,44,0,-13
38,44,1,20
38,45,0,7
38,45,1,2
38,46,0,9
38,46,1,-22
38,47,0,-3
38,47,1,5
38,48,0,-8
38,48,1,2
38,49,0,-9
38,49,1,8
38,50,0,-7
38,50,1,17
38,51,0,2
38,51,1,-5
38,52,0,-2
38,52,1,9
38,53,0,2
38,53,1,-29
38,54,0,-2
38,54,1,-11
38,55,0,-4
38,55,1,-2
38,56,1,-11
38,57,0,7
38,57,1,-11
38,58,0,10
38,58,1,-3
38,59,1,-6
38,60,0,-6
38,60,1,7
38,61,0,2
38,61,1,-1
38,62,1,-1
38,63,0,2
38,63,1,-7
38,64,0,-6
38,64,1,2
38,65,0,6
38,65,1,5
38,66,0,3
38,66,1,-21
38,67,0,14
38,67,1,-8
38,68,0,4
38,68,1,-2
38,69,0,10
38,69,1,-12
38,70,0,6
38,70,1,3
38,71,0,11
38,71,1,-25
38,72,0,14
38,72,1,-7
38,73,0,5
38,73,1,-27
38,74,0,-5
38,74,1,18
38,75,0,-6
38,75,1,13
39,1,0,2
39,2,0,1
39,3,0,-2
39,4,0,2
39,5,0,2
39,6,0,2
39,7,0,1
39,8,0,-1
39,10,0,1
39,11,0,-2
39,12,0,-1
39,13,0,-2
39,14,0,2
39,16,0,1
39,17,0,1
39,18,0,-1
39,19,0,-2
39,20,0,-2
39,21,0,1
39,22,0,-1
39,23,0,-2
39,24,0,2
39,25,0,2
39,26,0,1
39,28,0,-1
39,29,0,-2
39,30,0,-2
39,31,0,1
39,32,0,-2
39,33,0,13
39,33,1,-4
39,34,0,3
39,34,1,-15
39,35,0,10
39,35,1,-5
39,36,0,-11
39,36,1,19
39,37,0,-6
39,37,1,14
39,38,0,17
39,38,1,-26
39,39,0,52
39,39,1,10
39,40,0,-2
39,40,1,22
39,41,0,-5
39,41,1,-6
39,42,0,-10
39,42,1,12
39,43,0,2
39,43,1,-3
39,44,0,-25
39,44,1,22
39,45,0,2
39,45,1,-10
39,46,0,6
39,46,1,-1
39,47,0,11
39,47,1,-26
39,48,0,19
39,48,1,-30
39,49,0,-16
39,49,1,13
39,50,0,-8
39,50,1,-15
39,51,0,1
39,51,1,3
39,52,0,-1
39,52,1,-7
39,53,0,-4
39,53,1,-2
39,54,0,10
39,54,1,2
39,55,0,5
39,55,1,6
39,56,0,12
39,56,1,-2
39,57,0,12
39,57,1,-4
39,58,0,-11
39,58,1,3
39,59,0,6
39,59,1,-11
39,60,0,4
39,60,1,-11
39,61,0,-1
39,61,1,4
39,62,0,-3
39,62,1,-1
39,63,0,12
39,63,1,-12
39,64,0,1
39,64,1,-9
39,65,0,-4
39,65,1,3
39,66,0,5
39,66,1,-3
39,67,0,5
39,67,1,-12
39,68,0,-6
39,68,1,1
39,69,0,-5
39,69,1,8
39,70,0,-4
39,70,1,-3
39,71,0,3
39,71,1,2
39,72,0,8
39,72,1,1
39,73,0,-9
39,73,1,7
39,74,0,11
39,74,1,-9
39,75,0,-1
39,75,1,-7
40,2,0,2
40,3,0,2
40,4,0,-1
40,5,0,-2
40,6,0,-1
40,7,0,1
40,8,0,-1
40,9,0,2
40,10,0,2
40,11,0,1
40,12,0,-1
40,13,0,-2
40,14,0,1
40,15,0,-2
40,16,0,2
40,17,0,-2
40,18,0,1
40,20,0,2
40,21,0,2
40,22,0,1
40,23,0,-1
40,24,0,1
40,25,0,-1
40,26,0,-2
40,28,0,2
40,29,0,1
40,32,0,-1
40,33,0,18
40,33,1,-14
40,34,0,5
40,34,1,-14
40,35,0,6
40,35,1,-19
40,36,0,-9
40,36,1,28
40,37,0,3
40,37,1,13
40,38,0,4
40,38,1,-1
40,39,0,-2
40,39,1,22
40,40,0,56
40,40,1,3
40,41,0,-4
40,41,1,-10
40,42,0,14
40,42,1,-17
40,43,0,-8
40,43,1,2
40,44,0,5
40,44,1,-8
40,45,0,-10
40,45,1,-1
40,46,0,-14
40,46,1,7
40,47,0,-1
40,47,1,18
40,48,0,-1
40,48,1,2
40,49,0,-19
40,49,1,17
40,50,0,3
40,50,1,-20
40,51,0,9
40,51,1,5
40,52,0,-7
40,52,1,1
40,53,0,-2
40,53,1,-2
40,54,0,12
40,54,1,-1
40,55,0,10
40,55,1,-6
40,56,0,-7
40,56,1,14
40,57,0,-2
40,57,1,-6
40,58,0,16
40,58,1,-16
40,59,1,3
40,60,0,-1
40,60,1,-5
40,61,0,-13
40,61,1,5
40,62,0,-13
40,62,1,12
40,63,0,-1
40,63,1,-8
40,64,0,1
40,64,1,-5
40,65,0,8
40,65,1,-3
40,66,0,12
40,66,1,5
40,67,0,-6
40,67,1,3
40,68,0,10
40,68,1,-1
40,69,1,-1
40,70,0,8
40,70,1,-30
40,71,0,9
40,71,1,-1
40,72,0,4
40,72,1,-17
40,73,0,14
40,73,1,-25
40,74,0,-2
40,74,1,11
40,75,0,1
40,75,1,4
41,1,0,-1
41,2,0,-1
41,3,0,-2
41,4,0,-2
41,6,0,-1
41,7,0,1
41,8,0,2
41,9,0,-1
41,10,0,-1
41,11,0,2
41,13,0,-2
41,16,0,-2
41,17,0,-2
41,18,0,1
41,20,0,-1
41,21,0,-2
41,22,0,-2
41,23,0,1
41,24,0,-2
41,25,0,-1
41,26,0,2
41,27,0,-2
41,28,0,2
41,29,0,-1
41,31,0,1
41,32,0,-2
41,33,0,-5
41,33,1,6
41,34,0,-12
41,34,1,29
41,35,0,-18
41,35,1,11
41,36,0,10
41,36,1,-13
41,37,0,6
41,37,1,-7
41,38,0,11
41,38,1,-15
41,39,0,-5
41,39,1,-6
41,40,0,-4
41,40,1,-10
41,41,0,53
41,41,1,12
41,42,0,6
41,42,1,-16
41,43,0,3
41,43,1,-4
41,44,0,-3
41,44,1,-16
41,45,0,10
41,45,1,6
41,46,0,5
41,46,1,7
41,47,0,4
41,47,1,10
41,48,0,-9
41,48,1,8
41,49,0,12
41,49,1,-7
41,50,0,-6
41,50,1,8
41,51,0,-5
41,51,1,25
41,52,0,7
41,52,1,-12
41,53,0,3
41,53,1,-5
41,54,0,1
41,54,1,5
41,55,0,1
41,55,1,-16
41,56,0,-4
41,56,1,-3
41,57,0,2
41,58,0,10
41,58,1,-18
41,59,0,-9
41,59,1,11
41,60,0,-7
41,60,1,5
41,61,1,7
41,62,0,7
41,62,1,-21
41,63,1,8
41,64,0,-15
41,64,1,24
41,65,0,8
41,65,1,-8
41,66,1,-1
41,67,0,3
41,67,1,-3
41,68,0,14
41,68,1,-10
41,69,0,-1
41,69,1,-4
41,70,0,5
41,70,1,-13
41,71,0,9
41,71,1,3
41,72,0,-6
41,72,1,-11
41,73,0,6
41,73,1,-8
41,74,0,-8
41,74,1,-9
41,75,0,-12
41,75,1,-18
42,1,0,-2
42,2,0,1
42,3,0,-2
42,4,0,-1
42,5,0,-1
42,6,0,-2
42,7,0,-1
42,8,0,2
42,9,0,1
42,10,0,1
42,12,0,-1
42,13,0,-2
42,14,0,1
42,15,0,2
42,16,0,-1
42,17,0,2
42,18,0,1
42,19,0,1
42,22,0,-1
42,23,0,1
42,24,0,2
42,25,0,2
42,26,0,2
42,27,0,-2
42,31,0,-1
42,32,0,-2
42,33,0,-4
42,33,1,4
42,34,0,6
42,34,1,-14
42,35,0,2
42,35,1,2
42,36,1,7
42,37,0,2
42,37,1,23
42,38,0,-5
42,39,0,-10
42,39,1,12
42,40,0,14
42,40,1,-17
42,41,0,6
42,41,1,-16
42,42,0,71
42,42,1,-6
42,43,0,12
42,43,1,-28
42,44,0,-8
42,44,1,10
42,45,0,-24
42,45,1,17
42,46,0,-14
42,46,1,26
42,47,0,4
42,47,1,-9
42,48,0,13
42,48,1,-22
42,49,0,9
42,49,1,-13
42,50,0,19
42,50,1,-37
42,51,0,-16
42,51,1,8
42,52,0,5
42,52,1,-6
42,53,0,5
42,53,1,-9
42,54,0,18
42,54,1,-1
42,55,0,-13
42,55,1,30
42,56,0,-6
42,56,1,14
42,57,0,-10
42,57,1,-8
42,58,0,4
42,58,1,-16
42,59,0,19
42,59,1,-33
42,60,0,-8
42,60,1,25
42,61,0,-8
42,61,1,-1
42,62,1,-9
42,63,0,2
42,63,1,-7
42,64,0,-6
42,64,1,7
42,65,0,-8
42,65,1,12
42,66,0,9
42,66,1,-11
42,67,0,2
42,67,1,-4
42,68,0,6
42,68,1,7
42,69,0,6
42,69,1,-12
42,70,0,7
42,70,1,2
42,71,0,9
42,71,1,-2
42,72,0,1
42,72,1,5
42,73,0,16
42,73,1,-30
42,74,0,1
42,74,1,-5
42,75,0,17
42,75,1,-29
43,1,0,-2
43,2,0,2
43,4,0,-2
43,5,0,1
43,6,0,1
43,7,0,-1
43,8,0,1
43,9,0,-2
43,10,0,-2
43,11,0,2
43,14,0,-1
43,15,0,2
43,16,0,1
43,17,0,2
43,19,0,2
43,20,0,2
43,21,0,2
43,22,0,-1
43,23,0,-1
43,24,0,1
43,26,0,2
43,28,0,2
43,29,0,2
43,30,0,-2
43,31,0,-1
43,32,0,-2
43,33,0,-8
43,33,1,2
43,34,0,-10
43,34,1,11
43,35,0,8
43,35,1,-8
43,36,0,7
43,36,1,-2
43,37,0,15
43,37,1,-12
43,38,0,6
43,38,1,-4
43,39,0,2
43,39,1,-3
43,40,0,-8
43,40,1,2
43,41,0,3
43,41,1,-4
43,42,0,12
43,42,1,-28
43,43,0,73
43,43,1,-1
43,44,0,2
43,44,1,2
43,45,0,-10
43,45,1,-2
43,46,0,4
43,46,1,-12
43,47,0,13
43,47,1,-25
43,48,0,-20
43,48,1,28
43,49,0,-11
43,49,1,3
43,50,0,-19
43,50,1,24
43,51,0,10
43,51,1,-25
43,52,0,14
43,52,1,-2
43,53,0,2
43,53,1,-8
43,54,0,11
43,54,1,-16
43,55,0,-11
43,55,1,-8
43,56,0,-15
43,56,1,5
43,57,0,26
43,57,1,-17
43,58,1,10
43,59,0,7
43,59,1,-11
43,60,0,-17
43,60,1,26
43,61,0,-8
43,61,1,18
43,62,0,8
43,62,1,-7
43,63,0,-6
43,63,1,-7
43,64,1,5
43,65,0,-25
43,65,1,30
43,66,0,15
43,66,1,-25
43,67,0,23
43,67,1,-24
43,68,0,-10
43,68,1,6
43,69,0,12
43,69,1,-8
43,70,0,1
43,70,1,20
43,71,0,-15
43,71,1,8
43,72,0,-3
43,72,1,12
43,73,0,-1
43,73,1,6
43,74,0,-1
43,74,1,6
43,75,0,9
43,75,1,-3
44,1,0,-1
44,2,0,1
44,3,0,2
44,4,0,-1
44,5,0,2
44,6,0,-2
44,7,0,1
44,8,0,1
44,9,0,2
44,10,0,2
44,11,0,1
44,12,0,-1
44,13,0,2
44,14,0,-2
44,15,0,-2
44,16,0,-2
44,17,0,-2
44,18,0,2
44,19,0,-1
44,21,0,1
44,22,0,1
44,24,0,1
44,25,0,-2
44,26,0,1
44,27,0,-1
44,30,0,1
44,31,0,-1
44,33,0,-5
44,33,1,-4
44,34,1,-4
44,35,0,-15
44,35,1,25
44,36,0,16
44,36,1,-24
44,37,0,6
44,37,1,-12
44,38,0,-13
44,38,1,20
44,39,0,-25
44,39,1,22
44,40,0,5
44,40,1,-8
44,41,0,-3
44,41,1,-16
44,42,0,-8
44,42,1,10
44,43,0,2
44,43,1,2
44,44,0,76
44,44,1,-10
44,45,0,-5
44,45,1,2
44,46,0,13
44,46,1,-11
44,47,0,3
44,47,1,-2
44,48,0,-15
44,48,1,13
44,49,0,4
44,49,1,-8
44,50,0,-11
44,50,1,5
44,51,0,8
44,51,1,-15
44,52,0,-1
44,52,1,-10
44,53,0,14
44,53,1,-19
44,54,0,-21
44,54,1,16
44,55,0,10
44,55,1,-4
44,56,0,-12
44,56,1,18
44,57,0,-10
44,57,1,-6
44,58,0,2
44,58,1,4
44,59,0,-4
44,60,0,9
44,60,1,-2
44,61,0,8
44,61,1,-14
44,62,0,3
44,62,1,-8
44,63,0,-14
44,63,1,31
44,64,0,3
44,64,1,-14
44,65,0,-1
44,65,1,3
44,66,0,8
44,66,1,-4
44,67,0,-2
44,67,1,1
44,68,0,-3
44,69,0,-14
44,69,1,16
44,70,0,5
44,70,1,10
44,71,0,-9
44,71,1,6
44,72,0,-15
44,72,1,22
44,73,0,-3
44,73,1,5
44,74,0,-4
44,74,1,6
44,75,0,2
44,75,1,14
45,1,0,1
45,2,0,-2
45,3,0,-2
45,4,0,2
45,5,0,1
45,6,0,1
45,8,0,-2
45,9,0,-2
45,10,0,-2
45,11,0,2
45,12,0,-1
45,13,0,2
45,15,0,2
45,16,0,1
45,17,0,-1
45,19,0,-1
45,20,0,-2
45,21,0,-1
45,24,0,1
45,25,0,-1
45,26,0,1
45,27,0,2
45,28,0,-1
45,30,0,-2
45,31,0,2
45,32,0,-2
45,33,0,-8
45,33,1,19
45,34,0,-10
45,34,1,13
45,35,0,-14
45,35,1,18
45,36,0,3
45,36,1,-8
45,37,0,5
45,37,1,-12
45,38,0,7
45,38,1,2
45,39,0,2
45,39,1,-10
45,40,0,-10
45,40,1,-1
45,41,0,10
45,41,1,6
45,42,0,-24
45,42,1,17
45,43,0,-10
45,43,1,-2
45,44,0,-5
45,44,1,2
45,45,0,49
45,45,1,2
45,46,0,-1
45,46,1,6
45,47,0,-13
45,47,1,21
45,48,0,-6
45,48,1,11
45,49,0,-8
45,49,1,18
45,50,0,-15
45,50,1,11
45,51,0,9
45,51,1,-3
45,52,0,-1
45,52,1,-3
45,53,0,-8
45,53,1,4
45,54,0,-5
45,54,1,8
45,55,0,-12
45,55,1,9
45,56,0,1
45,56,1,-11
45,57,0,15
45,57,1,-17
45,58,0,-4
45,58,1,1
45,59,0,-10
45,59,1,17
45,60,1,-21
45,61,0,-5
45,61,1,7
45,62,0,7
45,62,1,-16
45,63,0,1
45,63,1,-1
45,64,1,-1
45,65,0,11
45,65,1,-14
45,66,0,-8
45,66,1,-1
45,67,0,-1
45,67,1,-3
45,68,0,-8
45,68,1,7
45,69,0,3
45,69,1,7
45,70,0,10
45,70,1,-14
45,71,0,13
45,71,1,-9
45,72,0,5
45,72,1,-5
45,73,0,18
45,73,1,-18
45,74,1,-6
45,75,0,-17
45,75,1,21
46,1,0,-2
46,2,0,2
46,4,0,-1
46,5,0,-1
46,6,0,1
46,7,0,-2
46,9,0,1
46,10,0,2
46,11,0,-2
46,12,0,2
46,13,0,-1
46,15,0,-2
46,16,0,2
46,17,0,-1
46,19,0,-1
46,20,0,1
46,21,0,-1
46,22,0,1
46,23,0,-2
46,24,0,-1
46,25,0,2
46,26,0,1
46,27,0,-2
46,28,0,2
46,29,0,-2
46,30,0,2
46,31,0,2
46,32,0,2
46,33,0,4
46,33,1,-9
46,34,0,-18
46,35,0,-9
46,35,1,5
46,36,0,-7
46,36,1,18
46,37,0,-12
46,37,1,20
46,38,0,9
46,38,1,-22
46,39,0,6
46,39,1,-1
46,40,0,-14
46,40,1,7
46,41,0,5
46,41,1,7
46,42,0,-14
46,42,1,26
46,43,0,4
46,43,1,-12
46,44,0,13
46,44,1,-11
46,45,0,-1
46,45,1,6
46,46,0,64
46,46,1,-2
46,47,0,5
46,47,1,-8
46,48,0,5
46,48,1,1
46,49,0,20
46,49,1,-12
46,50,0,-20
46,50,1,14
46,51,0,3
46,51,1,6
46,52,0,-7
46,52,1,4
46,53,0,3
46,53,1,-8
46,54,0,-20
46,54,1,28
46,55,0,5
46,55,1,-12
46,56,0,19
46,56,1,-9
46,57,0,-1
46,57,1,-3
46,58,0,12
46,58,1,-16
46,59,0,6
46,59,1,-1
46,60,0,13
46,60,1,-18
46,61,1,-2
46,62,0,3
46,62,1,3
46,63,0,-14
46,63,1,18
46,64,0,4
46,64,1,-2
46,65,0,3
46,65,1,-5
46,66,0,-11
46,66,1,-3
46,67,0,-1
46,67,1,1
46,68,0,-2
46,68,1,24
46,69,0,-15
46,69,1,13
46,70,0,10
46,70,1,-12
46,71,0,-7
46,71,1,5
46,72,0,-11
46,72,1,11
46,73,0,-6
46,73,1,7
46,74,0,-22
46,74,1,5
46,75,0,-4
46,75,1,-9
47,1,0,-1
47,2,0,-1
47,3,0,1
47,4,0,-2
47,6,0,-2
47,7,0,2
47,8,0,1
47,9,0,-2
47,10,0,2
47,11,0,1
47,12,0,-1
47,13,0,-1
47,15,0,-2
47,18,0,-1
47,19,0,1
47,20,0,1
47,22,0,2
47,23,0,-1
47,24,0,-1
47,25,0,-2
47,26,0,-1
47,27,0,1
47,28,0,1
47,30,0,-2
47,32,0,-1
47,33,0,-5
47,33,1,9
47,34,0,-3
47,34,1,18
47,35,0,-6
47,35,1,-9
47,36,0,-5
47,36,1,1
47,37,0,-3
47,37,1,11
47,38,0,-3
47,38,1,5
47,39,0,11
47,39,1,-26
47,40,0,-1
47,40,1,18
47,41,0,4
47,41,1,10
47,42,0,4
47,42,1,-9
47,43,0,13
47,43,1,-25
47,44,0,3
47,44,1,-2
47,45,0,-13
47,45,1,21
47,46,0,5
47,46,1,-8
47,47,0,46
47,47,1,26
47,48,0,8
47,48,1,-10
47,49,0,-6
47,49,1,10
47,50,0,-2
47,50,1,-9
47,51,0,-10
47,51,1,27
47,52,0,11
47,52,1,-15
47,53,0,-1
47,53,1,4
47,54,0,3
47,54,1,-8
47,55,0,19
47,55,1,-16
47,56,0,-3
47,56,1,-2
47,57,0,18
47,57,1,-31
47,58,0,1
47,58,1,-9
47,59,0,11
47,59,1,4
47,60,0,16
47,60,1,-21
47,61,0,2
47,61,1,7
47,62,0,-9
47,62,1,-1
47,63,0,-3
47,63,1,-4
47,64,0,7
47,64,1,-30
47,65,0,-9
47,65,1,8
47,66,0,16
47,66,1,-8
47,67,0,9
47,67,1,4
47,68,0,-12
47,68,1,8
47,69,0,11
47,69,1,-11
47,70,0,3
47,70,1,-2
47,71,0,-8
47,71,1,21
47,72,0,-3
47,72,1,-7
47,73,0,-12
47,73,1,8
47,74,0,10
47,74,1,-15
47,75,0,7
47,75,1,-10
48,1,0,2
48,2,0,2
48,3,0,-1
48,5,0,-1
48,6,0,2
48,7,0,-2
48,8,0,-2
48,9,0,1
48,12,0,-2
48,13,0,-2
48,14,0,-2
48,16,0,-2
48,18,0,-2
48,19,0,-2
48,20,0,1
48,21,0,-1
48,22,0,2
48,23,0,2
48,24,0,2
48,27,0,-1
48,28,0,1
48,29,0,1
48,30,0,-2
48,31,0,2
48,32,0,-1
48,33,0,-5
48,33,1,8
48,34,0,11
48,34,1,-21
48,35,0,14
48,35,1,-16
48,36,0,-11
48,36,1,-3
48,37,0,-4
48,38,0,-8
48,38,1,2
48,39,0,19
48,39,1,-30
48,40,0,-1
48,40,1,2
48,41,0,-9
48,41,1,8
48,42,0,13
48,42,1,-22
48,43,0,-20
48,43,1,28
48,44,0,-15
48,44,1,13
48,45,0,-6
48,45,1,11
48,46,0,5
48,46,1,1
48,47,0,8
48,47,1,-10
48,48,0,63
48,48,1,-17
48,49,0,7
48,49,1,-8
48,50,0,1
48,50,1,2
48,51,0,-25
48,51,1,20
48,52,0,9
48,52,1,-25
48,53,0,7
48,53,1,-7
48,54,0,8
48,54,1,-10
48,55,0,-7
48,55,1,-2
48,56,0,11
48,56,1,-8
48,57,0,-6
48,57,1,-1
48,58,0,-8
48,58,1,24
48,59,0,11
48,59,1,-9
48,60,0,24
48,60,1,-29
48,61,0,8
48,61,1,-11
48,62,0,4
48,62,1,20
48,63,0,8
48,63,1,-21
48,64,0,15
48,64,1,-23
48,65,0,10
48,65,1,-5
48,66,0,-13
48,66,1,22
48,67,0,-4
48,67,1,6
48,68,0,5
48,68,1,-9
48,69,0,-11
48,69,1,10
48,70,0,-7
48,70,1,7
48,71,0,4
48,71,1,-3
48,72,0,10
48,72,1,-10
48,73,0,-9
48,73,1,8
48,74,0,-12
48,74,1,14
48,75,0,1
49,1,0,2
49,2,0,-1
49,3,0,1
49,4,0,-1
49,6,0,1
49,7,0,-2
49,8,0,1
49,10,0,2
49,11,0,1
49,13,0,2
49,14,0,-2
49,15,0,-2
49,16,0,-1
49,17,0,1
49,18,0,2
49,19,0,1
49,20,0,2
49,21,0,2
49,22,0,2
49,23,0,1
49,24,0,1
49,25,0,1
49,26,0,1
49,28,0,1
49,31,0,2
49,32,0,-1
49,33,0,-4
49,33,1,-12
49,34,0,-3
49,34,1,5
49,35,0,-5
49,35,1,17
49,36,0,-6
49,36,1,-9
49,37,0,2
49,37,1,-2
49,38,0,-9
49,38,1,8
49,39,0,-16
49,39,1,13
49,40,0,-19
49,40,1,17
49,41,0,12
49,41,1,-7
49,42,0,9
49,42,1,-13
49,43,0,-11
49,43,1,3
49,44,0,4
49,44,1,-8
49,45,0,-8
49,45,1,18
49,46,0,20
49,46,1,-12
49,47,0,-6
49,47,1,10
49,48,0,7
49,48,1,-8
49,49,0,71
49,49,1,-9
49,50,0,3
49,50,1,-4
49,51,0,-10
49,51,1,13
49,52,0,10
49,52,1,-17
49,53,0,12
49,53,1,-18
49,54,0,-21
49,54,1,21
49,55,0,2
49,55,1,-10
49,56,1,-12
49,57,0,-24
49,57,1,32
49,58,0,3
49,58,1,8
49,59,1,-12
49,60,0,4
49,60,1,-16
49,61,0,9
49,61,1,-4
49,62,0,8
49,62,1,-5
49,63,0,-3
49,63,1,8
49,64,0,-20
49,64,1,24
49,65,0,6
49,65,1,-19
49,66,0,-1
49,66,1,-12
49,67,0,6
49,67,1,-16
49,68,0,13
49,68,1,-7
49,69,0,-4
49,69,1,-3
49,70,0,-1
49,70,1,5
49,71,0,1
49,71,1,12
49,72,0,7
49,72,1,-33
49,73,0,-18
49,73,1,21
49,74,0,-14
49,74,1,13
49,75,0,-14
49,75,1,30
50,1,0,2
50,2,0,-2
50,3,0,2
50,5,0,1
50,6,0,-1
50,7,0,2
50,8,0,-2
50,10,0,2
50,11,0,2
50,12,0,-1
50,13,0,1
50,14,0,-2
50,15,0,1
50,16,0,2
50,17,0,-2
50,18,0,2
50,21,0,-1
50,22,0,1
50,23,0,1
50,26,0,1
50,27,0,1
50,28,0,-2
50,29,0,-2
50,30,0,1
50,31,0,1
50,32,0,-2
50,33,0,-4
50,33,1,-2
50,34,0,20
50,34,1,-8
50,35,0,-14
50,35,1,20
50,36,0,-4
50,36,1,-8
50,37,0,-1
50,37,1,3
50,38,0,-7
50,38,1,17
50,39,0,-8
50,39,1,-15
50,40,0,3
50,40,1,-20
50,41,0,-6
50,41,1,8
50,42,0,19
50,42,1,-37
50,43,0,-19
50,43,1,24
50,44,0,-11
50,44,1,5
50,45,0,-15
50,45,1,11
50,46,0,-20
50,46,1,14
50,47,0,-2
50,47,1,-9
50,48,0,1
50,48,1,2
50,49,0,3
50,49,1,-4
50,50,0,73
50,50,1,2
50,51,0,-15
50,51,1,11
50,52,0,-13
50,52,1,29
50,53,0,-10
50,53,1,12
50,54,0,16
50,54,1,-24
50,55,0,3
50,55,1,-16
50,56,0,-4
50,56,1,-6
50,57,0,-7
50,57,1,24
50,58,0,2
50,58,1,9
50,59,1,13
50,60,1,10
50,61,0,11
50,61,1,6
50,62,0,-7
50,62,1,28
50,63,0,3
50,63,1,8
50,64,0,1
50,64,1,26
50,65,0,5
50,65,1,-14
50,66,0,3
50,66,1,-21
50,67,0,-10
50,67,1,4
50,68,0,12
50,68,1,-27
50,69,0,7
50,69,1,-8
50,70,0,-30
50,70,1,33
50,71,0,-13
50,71,1,10
50,72,0,18
50,72,1,-21
50,73,0,3
50,73,1,-9
50,74,1,6
50,75,0,10
50,75,1,-6
51,1,0,-1
51,2,0,1
51,3,0,2
51,4,0,-1
51,5,0,-2
51,7,0,2
51,8,0,-2
51,9,0,-2
51,10,0,-2
51,11,0,1
51,12,0,1
51,13,0,-1
51,14,0,2
51,15,0,-1
51,17,0,2
51,19,0,-2
51,20,0,1
51,21,0,1
51,22,0,1
51,25,0,1
51,28,0,-1
51,29,0,1
51,30,0,2
51,31,0,-2
51,32,0,-1
51,33,0,3
51,33,1,18
51,34,0,14
51,34,1,-28
51,35,0,18
51,35,1,-22
51,36,0,-3
51,36,1,12
51,37,0,-2
51,37,1,9
51,38,0,2
51,38,1,-5
51,39,0,1
51,39,1,3
51,40,0,9
51,40,1,5
51,41,0,-5
51,41,1,25
51,42,0,-16
51,42,1,8
51,43,0,10
51,43,1,-25
51,44,0,8
51,44,1,-15
51,45,0,9
51,45,1,-3
51,46,0,3
51,46,1,6
51,47,0,-10
51,47,1,27
51,48,0,-25
51,48,1,20
51,49,0,-10
51,49,1,13
51,50,0,-15
51,50,1,11
51,51,0,68
51,51,1,-7
51,52,0,-6
51,52,1,1
51,53,0,-11
51,53,1,11
51,54,0,7
51,54,1,-16
51,55,0,11
51,55,1,-21
51,56,0,-17
51,56,1,15
51,57,0,1
51,57,1,-2
51,58,0,6
51,58,1,-13
51,59,0,2
51,59,1,9
51,60,0,-13
51,60,1,-1
51,61,0,-10
51,61,1,4
51,62,0,-10
51,62,1,15
51,63,0,-5
51,63,1,13
51,64,0,-13
51,64,1,2
51,65,0,-8
51,65,1,15
51,66,0,7
51,66,1,-6
51,67,0,6
51,67,1,-11
51,68,0,-4
51,68,1,3
51,70,0,5
51,70,1,-18
51,71,0,1
51,71,1,3
51,72,0,4
51,72,1,-4
51,73,0,13
51,73,1,-13
51,74,0,17
51,74,1,-25
51,75,0,-14
51,75,1,14
52,1,0,-2
52,2,0,1
52,3,0,1
52,4,0,1
52,5,0,-2
52,6,0,2
52,7,0,1
52,8,0,-2
52,9,0,2
52,10,0,-2
52,11,0,1
52,12,0,1
52,13,0,2
52,15,0,2
52,16,0,2
52,17,0,-1
52,18,0,2
52,20,0,1
52,21,0,-2
52,22,0,1
52,23,0,-1
52,24,0,1
52,25,0,1
52,26,0,-2
52,27,0,1
52,30,0,-2
52,31,0,1
52,32,0,1
52,33,0,4
52,33,1,-4
52,34,0,2
52,34,1,10
52,35,0,-1
52,35,1,1
52,36,0,-14
52,36,1,21
52,37,0,13
52,37,1,-11
52,38,0,-2
52,38,1,9
52,39,0,-1
52,39,1,-7
52,40,0,-7
52,40,1,1
52,41,0,7
52,41,1,-12
52,42,0,5
52,42,1,-6
52,43,0,14
52,43,1,-2
52,44,0,-1
52,44,1,-10
52,45,0,-1
52,45,1,-3
52,46,0,-7
52,46,1,4
52,47,0,11
52,47,1,-15
52,48,0,9
52,48,1,-25
52,49,0,10
52,49,1,-17
52,50,0,-13
52,50,1,29
52,51,0,-6
52,51,1,1
52,52,0,69
52,52,1,-7
52,53,0,-8
52,53,1,3
52,54,0,6
52,54,1,-7
52,55,0,-12
52,55,1,26
52,56,0,1
52,56,1,7
52,57,0,-2
52,57,1,12
52,58,0,-4
52,58,1,15
52,59,0,5
52,59,1,-1
52,60,0,11
52,61,0,-18
52,61,1,18
52,62,0,-1
52,62,1,-5
52,63,0,17
52,63,1,-22
52,64,0,-18
52,64,1,36
52,65,0,5
52,65,1,-9
52,66,0,3
52,66,1,-12
52,67,0,16
52,67,1,-17
52,68,0,-5
52,69,0,11
52,69,1,-12
52,70,0,6
52,70,1,-19
52,71,0,-8
52,71,1,-2
52,72,0,14
52,72,1,-24
52,73,0,9
52,73,1,-5
52,74,0,17
52,74,1,-21
52,75,0,19
52,75,1,-11
53,1,0,-2
53,2,0,1
53,3,0,-2
53,5,0,1
53,6,0,2
53,7,0,1
53,8,0,1
53,9,0,2
53,12,0,2
53,13,0,2
53,14,0,-1
53,15,0,-1
53,16,0,-2
53,17,0,2
53,18,0,1
53,20,0,-1
53,21,0,1
53,22,0,-2
53,23,0,1
53,26,0,1
53,27,0,-2
53,28,0,1
53,29,0,2
53,30,0,-1
53,31,0,-2
53,33,0,8
53,33,1,-29
53,34,0,-17
53,34,1,4
53,35,0,9
53,35,1,1
53,36,0,7
53,36,1,-15
53,37,0,-9
53,37,1,14
53,38,0,2
53,38,1,-29
53,39,0,-4
53,39,1,-2
53,40,0,-2
53,40,1,-2
53,41,0,3
53,41,1,-5
53,42,0,5
53,42,1,-9
53,43,0,2
53,43,1,-8
53,44,0,14
53,44,1,-19
53,45,0,-8
53,45,1,4
53,46,0,3
53,46,1,-8
53,47,0,-1
53,47,1,4
53,48,0,7
53,48,1,-7
53,49,0,12
53,49,1,-18
53,50,0,-10
53,50,1,12
53,51,0,-11
53,51,1,11
53,52,0,-8
53,52,1,3
53,53,0,64
53,53,1,-6
53,54,0,-12
53,54,1,9
53,55,0,-10
53,55,1,18
53,56,0,-8
53,56,1,8
53,57,0,-2
53,57,1,2
53,58,0,17
53,58,1,-16
53,59,0,-7
53,59,1,34
53,60,0,19
53,60,1,-25
53,61,0,8
53,61,1,-4
53,62,0,10
53,62,1,-3
53,63,0,4
53,63,1,-4
53,64,0,24
53,64,1,-14
53,65,0,1
53,65,1,9
53,66,0,-2
53,66,1,26
53,67,0,1
53,67,1,7
53,68,0,-2
53,68,1,-4
53,69,0,-11
53,69,1,25
53,70,0,-8
53,70,1,4
53,71,0,-8
53,71,1,16
53,72,0,-15
53,72,1,3
53,73,0,-28
53,73,1,46
53,74,0,-3
53,74,1,10
53,75,0,-10
53,75,1,16
54,1,0,1
54,2,0,1
54,3,0,2
54,4,0,-2
54,5,0,-1
54,6,0,-2
54,7,0,-1
54,8,0,1
54,9,0,-1
54,10,0,-1
54,11,0,-1
54,12,0,2
54,13,0,1
54,14,0,-1
54,15,0,2
54,17,0,2
54,19,0,1
54,20,0,-1
54,21,0,2
54,22,0,1
54,23,0,-1
54,24,0,2
54,25,0,-2
54,26,0,2
54,27,0,2
54,30,0,1
54,31,0,-1
54,32,0,-1
54,33,0,-10
54,33,1,12
54,34,0,12
54,34,1,-15
54,35,0,6
54,35,1,-19
54,36,0,-18
54,36,1,22
54,37,1,13
54,38,0,-2
54,38,1,-11
54,39,0,10
54,39,1,2
54,40,0,12
54,40,1,-1
54,41,0,1
54,41,1,5
54,42,0,18
54,42,1,-1
54,43,0,11
54,43,1,-16
54,44,0,-21
54,44,1,16
54,45,0,-5
54,45,1,8
54,46,0,-20
54,46,1,28
54,47,0,3
54,47,1,-8
54,48,0,8
54,48,1,-10
54,49,0,-21
54,49,1,21
54,50,0,16
54,50,1,-24
54,51,0,7
54,51,1,-16
54,52,0,6
54,52,1,-7
54,53,0,-12
54,53,1,9
54,54,0,68
54,54,1,-5
54,55,0,-11
54,55,1,3
54,56,0,-14
54,56,1,12
54,57,0,9
54,57,1,8
54,58,0,-6
54,58,1,12
54,59,0,9
54,59,1,-13
54,60,0,-3
54,60,1,7
54,61,0,2
54,61,1,-4
54,62,1,-9
54,63,0,10
54,63,1,-6
54,64,0,15
54,64,1,-4
54,65,0,1
54,65,1,-4
54,66,0,13
54,66,1,2
54,67,0,9
54,67,1,-11
54,68,0,-1
54,68,1,9
54,69,0,4
54,69,1,-7
54,70,0,-10
54,70,1,5
54,71,0,-18
54,71,1,18
54,72,0,6
54,72,1,-4
54,73,0,-7
54,73,1,18
54,74,0,3
54,74,1,2
54,75,0,6
54,75,1,-30
55,1,0,-2
55,3,0,-2
55,4,0,-1
55,5,0,-2
55,6,0,-2
55,7,0,2
55,8,0,2
55,9,0,-2
55,10,0,-2
55,12,0,-1
55,13,0,1
55,14,0,2
55,15,0,-1
55,16,0,-1
55,18,0,2
55,19,0,-2
55,20,0,-1
55,21,0,2
55,23,0,-1
55,24,0,-1
55,25,0,2
55,28,0,-1
55,29,0,-2
55,31,0,-2
55,33,0,-1
55,33,1,-4
55,34,0,16
55,34,1,-12
55,35,0,-2
55,35,1,11
55,36,0,2
55,36,1,-2
55,37,0,-9
55,37,1,10
55,38,0,-4
55,38,1,-2
55,39,0,5
55,39,1,6
55,40,0,10
55,40,1,-6
55,41,0,1
55,41,1,-16
55,42,0,-13
55,42,1,30
55,43,0,-11
55,43,1,-8
55,44,0,10
55,44,1,-4
55,45,0,-12
55,45,1,9
55,46,0,5
55,46,1,-12
55,47,0,19
55,47,1,-16
55,48,0,-7
55,48,1,-2
55,49,0,2
55,49,1,-10
55,50,0,3
55,50,1,-16
55,51,0,11
55,51,1,-21
55,52,0,-12
55,52,1,26
55,53,0,-10
55,53,1,18
55,54,0,-11
55,54,1,3
55,55,0,74
55,55,1,-11
55,56,0,-6
55,56,1,18
55,57,0,8
55,57,1,-19
55,58,0,-10
55,58,1,7
55,59,0,1
55,60,0,1
55,60,1,1
55,61,0,11
55,61,1,-9
55,62,0,-21
55,62,1,14
55,63,0,-11
55,63,1,11
55,64,0,1
55,64,1,-7
55,65,0,-1
55,65,1,8
55,66,0,2
55,66,1,2
55,67,0,1
55,67,1,12
55,68,0,-16
55,68,1,14
55,69,0,10
55,69,1,-2
55,70,1,-17
55,71,0,-2
55,71,1,1
55,72,0,1
55,72,1,-5
55,73,0,-5
55,73,1,14
55,74,0,8
55,74,1,-6
55,75,0,-6
55,75,1,18
56,1,0,2
56,2,0,-2
56,3,0,-1
56,4,0,2
56,5,0,1
56,6,0,2
56,7,0,1
56,8,0,2
56,9,0,-2
56,10,0,1
56,11,0,-1
56,14,0,1
56,15,0,-2
56,16,0,1
56,17,0,2
56,18,0,-1
56,19,0,2
56,20,0,1
56,21,0,-2
56,22,0,2
56,23,0,2
56,24,0,1
56,25,0,2
56,26,0,-2
56,27,0,2
56,28,0,-1
56,29,0,-1
56,33,0,7
56,33,1,-1
56,34,0,3
56,34,1,5
56,35,0,-5
56,35,1,7
56,36,0,-13
56,36,1,19
56,37,0,-11
56,37,1,16
56,38,1,-11
56,39,0,12
56,39,1,-2
56,40,0,-7
56,40,1,14
56,41,0,-4
56,41,1,-3
56,42,0,-6
56,42,1,14
56,43,0,-15
56,43,1,5
56,44,0,-12
56,44,1,18
56,45,0,1
56,45,1,-11
56,46,0,19
56,46,1,-9
56,47,0,-3
56,47,1,-2
56,48,0,11
56,48,1,-8
56,49,1,-12
56,50,0,-4
56,50,1,-6
56,51,0,-17
56,51,1,15
56,52,0,1
56,52,1,7
56,53,0,-8
56,53,1,8
56,54,0,-14
56,54,1,12
56,55,0,-6
56,55,1,18
56,56,0,68
56,56,1,-13
56,57,0,2
56,57,1,-8
56,58,0,-1
56,58,1,-20
56,59,1,-3
56,60,0,3
56,60,1,8
56,61,0,7
56,61,1,-3
56,62,0,4
56,62,1,-8
56,63,0,-5
56,63,1,-7
56,64,0,-10
56,64,1,5
56,65,0,3
56,66,0,-11
56,66,1,28
56,67,0,-6
56,67,1,11
56,68,0,-11
56,68,1,10
56,69,0,-18
56,69,1,11
56,70,0,11
56,70,1,-28
56,71,0,20
56,71,1,-16
56,72,0,2
56,72,1,2
56,73,0,10
56,73,1,-1
56,74,0,-19
56,74,1,2
56,75,0,15
56,75,1,-5
57,2,0,1
57,3,0,-2
57,5,0,-1
57,6,0,-1
57,8,0,2
57,9,0,2
57,10,0,-2
57,11,0,1
57,12,0,1
57,14,0,1
57,15,0,-1
57,16,0,-1
57,18,0,-1
57,19,0,1
57,20,0,-2
57,21,0,1
57,23,0,-1
57,24,0,-2
57,25,0,-2
57,26,0,-1
57,27,0,-1
57,28,0,-1
57,31,0,2
57,32,0,1
57,33,0,4
57,33,1,-2
57,34,0,2
57,34,1,-4
57,35,0,-2
57,35,1,-3
57,36,0,-9
57,36,1,16
57,37,0,-16
57,37,1,9
57,38,0,7
57,38,1,-11
57,39,0,12
57,39,1,-4
57,40,0,-2
57,40,1,-6
57,41,0,2
57,42,0,-10
57,42,1,-8
57,43,0,26
57,43,1,-17
57,44,0,-10
57,44,1,-6
57,45,0,15
57,45,1,-17
57,46,0,-1
57,46,1,-3
57,47,0,18
57,47,1,-31
57,48,0,-6
57,48,1,-1
57,49,0,-24
57,49,1,32
57,50,0,-7
57,50,1,24
57,51,0,1
57,51,1,-2
57,52,0,-2
57,52,1,12
57,53,0,-2
57,53,1,2
57,54,0,9
57,54,1,8
57,55,0,8
57,55,1,-19
57,56,0,2
57,56,1,-8
57,57,0,72
57,57,1,-17
57,58,0,5
57,58,1,-2
57,59,0,5
57,59,1,1
57,60,0,9
57,60,1,-6
57,61,0,3
57,61,1,-3
57,62,0,-2
57,62,1,3
57,63,0,-11
57,63,1,8
57,64,0,13
57,64,1,-4
57,65,0,-3
57,65,1,-9
57,66,0,10
57,66,1,-6
57,67,0,8
57,67,1,-8
57,68,0,-9
57,68,1,5
57,69,0,-1
57,69,1,2
57,70,0,-16
57,70,1,24
57,71,0,-1
57,71,1,-12
57,72,0,3
57,72,1,5
57,73,0,9
57,73,1,7
57,74,0,10
57,74,1,-15
57,75,0,-4
57,75,1,4
58,1,0,-2
58,2,0,-2
58,3,0,-2
58,4,0,-1
58,5,0,2
58,6,0,2
58,7,0,2
58,8,0,-2
58,9,0,-1
58,10,0,2
58,12,0,-1
58,13,0,1
58,14,0,-1
58,15,0,1
58,16,0,-2
58,18,0,-1
58,19,0,2
58,20,0,2
58,21,0,1
58,23,0,1
58,24,0,-1
58,26,0,-1
58,27,0,-2
58,28,0,1
58,29,0,1
58,32,0,2
58,33,0,5
58,33,1,-16
58,34,0,-14
58,34,1,27
58,35,0,-7
58,35,1,13
58,36,0,7
58,36,1,-26
58,37,0,-7
58,37,1,-4
58,38,0,10
58,38,1,-3
58,39,0,-11
58,39,1,3
58,40,0,16
58,40,1,-16
58,41,0,10
58,41,1,-18
58,42,0,4
58,42,1,-16
58,43,1,10
58,44,0,2
58,44,1,4
58,45,0,-4
58,45,1,1
58,46,0,12
58,46,1,-16
58,47,0,1
58,47,1,-9
58,48,0,-8
58,48,1,24
58,49,0,3
58,49,1,8
58,50,0,2
58,50,1,9
58,51,0,6
58,51,1,-13
58,52,0,-4
58,52,1,15
58,53,0,17
58,53,1,-16
58,54,0,-6
58,54,1,12
58,55,0,-10
58,55,1,7
58,56,0,-1
58,56,1,-20
58,57,0,5
58,57,1,-2
58,58,0,77
58,59,0,-4
58,59,1,-3
58,60,0,5
58,60,1,-16
58,61,0,6
58,61,1,-17
58,62,0,-19
58,62,1,39
58,63,0,-5
58,64,0,-8
58,64,1,34
58,65,0,8
58,65,1,-6
58,66,0,5
58,66,1,-8
58,67,0,-3
58,67,1,11
58,68,0,14
58,68,1,-28
58,69,0,-19
58,69,1,13
58,70,0,-7
58,70,1,23
58,71,0,5
58,71,1,-8
58,72,0,3
58,72,1,-11
58,73,1,7
58,74,0,-6
58,74,1,20
58,75,0,16
58,75,1,-8
59,3,0,2
59,4,0,1
59,6,0,2
59,7,0,1
59,8,0,-1
59,9,0,-2
59,10,0,1
59,12,0,2
59,13,0,1
59,14,0,-2
59,15,0,-2
59,16,0,1
59,17,0,1
59,18,0,-1
59,19,0,2
59,21,0,1
59,22,0,2
59,23,0,1
59,24,0,1
59,25,0,1
59,26,0,-1
59,28,0,2
59,29,0,-2
59,30,0,1
59,33,0,5
59,33,1,-5
59,34,0,7
59,34,1,-12
59,35,1,-14
59,36,0,-21
59,36,1,24
59,37,0,-16
59,37,1,32
59,38,1,-6
59,39,0,6
59,39,1,-11
59,40,1,3
59,41,0,-9
59,41,1,11
59,42,0,19
59,42,1,-33
59,43,0,7
59,43,1,-11
59,44,0,-4
59,45,0,-10
59,45,1,17
59,46,0,6
59,46,1,-1
59,47,0,11
59,47,1,4
59,48,0,11
59,48,1,-9
59,49,1,-12
59,50,1,13
59,51,0,2
59,51,1,9
59,52,0,5
59,52,1,-1
59,53,0,-7
59,53,1,34
59,54,0,9
59,54,1,-13
59,55,0,1
59,56,1,-3
59,57,0,5
59,57,1,1
59,58,0,-4
59,58,1,-3
59,59,0,50
59,59,1,13
59,60,0,20
59,60,1,-34
59,61,0,-7
59,61,1,28
59,62,0,7
59,62,1,4
59,63,0,12
59,63,1,-9
59,64,0,-14
59,64,1,8
59,65,0,-15
59,65,1,25
59,66,0,12
59,67,0,7
59,67,1,-15
59,68,0,-12
59,68,1,2
59,69,0,7
59,69,1,9
59,70,0,-4
59,70,1,2
59,71,0,-8
59,71,1,10
59,72,0,7
59,72,1,-8
59,73,0,8
59,73,1,3
59,74,0,3
59,74,1,6
59,75,0,12
59,75,1,-10
60,2,0,1
60,3,0,-2
60,4,0,-2
60,5,0,2
60,6,0,-1
60,8,0,2
60,11,0,2
60,12,0,2
60,14,0,1
60,15,0,-1
60,16,0,-2
60,17,0,1
60,18,0,2
60,19,0,-1
60,20,0,-1
60,21,0,-2
60,22,0,-1
60,23,0,2
60,24,0,1
60,25,0,1
60,26,0,2
60,27,0,-2
60,28,0,2
60,29,0,-2
60,31,0,2
60,32,0,-2
60,33,0,9
60,33,1,-6
60,34,0,-17
60,34,1,23
60,35,0,6
60,35,1,2
60,36,0,-27
60,36,1,15
60,37,0,-11
60,37,1,20
60,38,0,-6
60,38,1,7
60,39,0,4
60,39,1,-11
60,40,0,-1
60,40,1,-5
60,41,0,-7
60,41,1,5
60,42,0,-8
60,42,1,25
60,43,0,-17
60,43,1,26
60,44,0,9
60,44,1,-2
60,45,1,-21
60,46,0,13
60,46,1,-18
60,47,0,16
60,47,1,-21
60,48,0,24
60,48,1,-29
60,49,0,4
60,49,1,-16
60,50,1,10
60,51,0,-13
60,51,1,-1
60,52,0,11
60,53,0,19
60,53,1,-25
60,54,0,-3
60,54,1,7
60,55,0,1
60,55,1,1
60,56,0,3
60,56,1,8
60,57,0,9
60,57,1,-6
60,58,0,5
60,58,1,-16
60,59,0,20
60,59,1,-34
60,60,0,76
60,60,1,-10
60,61,0,4
60,61,1,-15
60,62,0,-2
60,62,1,4
60,63,0,2
60,63,1,-6
60,64,0,6
60,64,1,-10
60,65,0,13
60,65,1,-6
60,66,0,-3
60,66,1,15
60,67,0,5
60,67,1,-2
60,68,0,-3
60,68,1,-1
60,69,0,3
60,69,1,-9
60,70,0,-13
60,70,1,14
60,71,0,-7
60,71,1,-4
60,72,0,5
60,72,1,2
60,73,0,7
60,73,1,-22
60,74,1,7
60,75,0,2
60,75,1,-8
61,1,0,-2
61,2,0,-1
61,3,0,1
61,4,0,-2
61,5,0,1
61,6,0,1
61,8,0,-1
61,10,0,1
61,11,0,1
61,12,0,-1
61,13,0,-1
61,14,0,-1
61,15,0,-2
61,16,0,2
61,17,0,1
61,18,0,1
61,20,0,-2
61,21,0,-1
61,23,0,1
61,25,0,-2
61,27,0,1
61,28,0,2
61,29,0,2
61,30,0,-2
61,31,0,-1
61,32,0,-1
61,33,0,-26
61,33,1,33
61,34,0,2
61,34,1,16
61,35,0,-5
61,35,1,-5
61,36,0,-5
61,36,1,-2
61,37,0,-5
61,37,1,14
61,38,0,2
61,38,1,-1
61,39,0,-1
61,39,1,4
61,40,0,-13
61,40,1,5
61,41,1,7
61,42,0,-8
61,42,1,-1
61,43,0,-8
61,43,1,18
61,44,0,8
61,44,1,-14
61,45,0,-5
61,45,1,7
61,46,1,-2
61,47,0,2
61,47,1,7
61,48,0,8
61,48,1,-11
61,49,0,9
61,49,1,-4
61,50,0,11
61,50,1,6
61,51,0,-10
61,51,1,4
61,52,0,-18
61,52,1,18
61,53,0,8
61,53,1,-4
61,54,0,2
61,54,1,-4
61,55,0,11
61,55,1,-9
61,56,0,7
61,56,1,-3
61,57,0,3
61,57,1,-3
61,58,0,6
61,58,1,-17
61,59,0,-7
61,59,1,28
61,60,0,4
61,60,1,-15
61,61,0,74
61,61,1,-20
61,62,0,2
61,62,1,-1
61,63,0,-5
61,63,1,-2
61,64,0,5
61,64,1,-2
61,65,0,-11
61,65,1,12
61,66,0,1
61,66,1,-9
61,67,0,1
61,67,1,2
61,68,0,10
61,68,1,-15
61,69,0,-7
61,69,1,12
61,70,0,-27
61,70,1,31
61,71,0,7
61,71,1,6
61,72,0,3
61,72,1,-6
61,73,0,-9
61,73,1,19
61,74,0,-4
61,74,1,11
61,75,1,2
62,1,0,2
62,2,0,1
62,4,0,-1
62,5,0,-1
62,6,0,-2
62,7,0,-1
62,8,0,2
62,9,0,2
62,10,0,-1
62,11,0,1
62,13,0,-2
62,14,0,2
62,16,0,-2
62,17,0,2
62,18,0,2
62,19,0,-2
62,20,0,-2
62,21,0,1
62,22,0,1
62,23,0,-1
62,24,0,-1
62,25,0,2
62,26,0,1
62,27,0,2
62,28,0,-1
62,29,0,1
62,30,0,-1
62,31,0,-1
62,32,0,-2
62,33,1,-5
62,34,0,-3
62,34,1,-4
62,35,0,-10
62,35,1,17
62,36,0,12
62,36,1,-23
62,37,0,4
62,37,1,10
62,38,1,-1
62,39,0,-3
62,39,1,-1
62,40,0,-13
62,40,1,12
62,41,0,7
62,41,1,-21
62,42,1,-9
62,43,0,8
62,43,1,-7
62,44,0,3
62,44,1,-8
62,45,0,7
62,45,1,-16
62,46,0,3
62,46,1,3
62,47,0,-9
62,47,1,-1
62,48,0,4
62,48,1,20
62,49,0,8
62,49,1,-5
62,50,0,-7
62,50,1,28
62,51,0,-10
62,51,1,15
62,52,0,-1
62,52,1,-5
62,53,0,10
62,53,1,-3
62,54,1,-9
62,55,0,-21
62,55,1,14
62,56,0,4
62,56,1,-8
62,57,0,-2
62,57,1,3
62,58,0,-19
62,58,1,39
62,59,0,7
62,59,1,4
62,60,0,-2
62,60,1,4
62,61,0,2
62,61,1,-1
62,62,0,63
62,62,1,-13
62,63,0,9
62,63,1,-14
62,64,0,11
62,64,1,-8
62,65,0,-4
62,65,1,11
62,66,0,3
62,66,1,-10
62,67,0,2
62,67,1,-4
62,68,0,-5
62,68,1,5
62,69,0,-9
62,69,1,-4
62,70,0,-6
62,70,1,-3
62,71,0,-6
62,71,1,3
62,72,0,-7
62,72,1,24
62,73,0,-9
62,74,0,-10
62,74,1,35
62,75,1,8
63,2,0,2
63,3,0,-2
63,4,0,-2
63,6,0,1
63,7,0,-2
63,8,0,-2
63,9,0,1
63,11,0,1
63,12,0,-2
63,13,0,2
63,14,0,-1
63,15,0,-2
63,16,0,1
63,17,0,-1
63,18,0,1
63,19,0,2
63,20,0,1
63,21,0,1
63,22,0,-2
63,23,0,-1
63,24,0,-2
63,26,0,-2
63,29,0,-2
63,30,0,-1
63,31,0,-2
63,32,0,1
63,33,0,15
63,33,1,-25
63,34,0,13
63,34,1,-22
63,35,0,9
63,35,1,-17
63,36,0,-14
63,36,1,21
63,37,0,-2
63,37,1,-7
63,38,0,2
63,38,1,-7
63,39,0,12
63,39,1,-12
63,40,0,-1
63,40,1,-8
63,41,1,8
63,42,0,2
63,42,1,-7
63,43,0,-6
63,43,1,-7
63,44,0,-14
63,44,1,31
63,45,0,1
63,45,1,-1
63,46,0,-14
63,46,1,18
63,47,0,-3
63,47,1,-4
63,48,0,8
63,48,1,-21
63,49,0,-3
63,49,1,8
63,50,0,3
63,50,1,8
63,51,0,-5
63,51,1,13
63,52,0,17
63,52,1,-22
63,53,0,4
63,53,1,-4
63,54,0,10
63,54,1,-6
63,55,0,-11
63,55,1,11
63,56,0,-5
63,56,1,-7
63,57,0,-11
63,57,1,8
63,58,0,-5
63,59,0,12
63,59,1,-9
63,60,0,2
63,60,1,-6
63,61,0,-5
63,61,1,-2
63,62,0,9
63,62,1,-14
63,63,0,57
63,63,1,7
63,64,0,-3
63,64,1,9
63,65,0,4
63,65,1,-22
63,66,0,7
63,66,1,-20
63,67,0,-8
63,67,1,-3
63,68,0,9
63,68,1,-26
63,69,0,-2
63,69,1,-2
63,70,0,-1
63,70,1,-5
63,71,0,-7
63,71,1,7
63,72,0,13
63,72,1,-17
63,73,0,8
63,74,0,12
63,74,1,-8
63,75,0,21
63,75,1,-26
64,1,0,-1
64,2,0,-2
64,3,0,2
64,4,0,-2
64,8,0,-2
64,9,0,1
64,12,0,-1
64,13,0,-2
64,14,0,1
64,15,0,1
64,17,0,2
64,18,0,-1
64,20,0,-2
64,22,0,2
64,23,0,1
64,24,0,2
64,25,0,1
64,26,0,1
64,27,0,1
64,28,0,-1
64,29,0,-2
64,30,0,1
64,31,0,2
64,32,0,-2
64,33,0,-14
64,33,1,-4
64,34,0,4
64,34,1,9
64,35,0,17
64,35,1,-10
64,36,0,14
64,36,1,-1
64,37,0,1
64,37,1,-4
64,38,0,-6
64,38,1,2
64,39,0,1
64,39,1,-9
64,40,0,1
64,40,1,-5
64,41,0,-15
64,41,1,24
64,42,0,-6
64,42,1,7
64,43,1,5
64,44,0,3
64,44,1,-14
64,45,1,-1
64,46,0,4
64,46,1,-2
64,47,0,7
64,47,1,-30
64,48,0,15
64,48,1,-23
64,49,0,-20
64,49,1,24
64,50,0,1
64,50,1,26
64,51,0,-13
64,51,1,2
64,52,0,-18
64,52,1,36
64,53,0,24
64,53,1,-14
64,54,0,15
64,54,1,-4
64,55,0,1
64,55,1,-7
64,56,0,-10
64,56,1,5
64,57,0,13
64,57,1,-4
64,58,0,-8
64,58,1,34
64,59,0,-14
64,59,1,8
64,60,0,6
64,60,1,-10
64,61,0,5
64,61,1,-2
64,62,0,11
64,62,1,-8
64,63,0,-3
64,63,1,9
64,64,0,86
64,64,1,-8
64,65,0,16
64,65,1,-21
64,66,0,-5
64,67,0,-7
64,67,1,-1
64,68,0,-5
64,68,1,-4
64,69,0,-8
64,69,1,1
64,70,0,-9
64,70,1,6
64,71,0,-17
64,71,1,17
64,72,0,-3
64,72,1,-15
64,73,0,-18
64,73,1,17
64,74,0,-11
64,74,1,21
64,75,0,1
65,1,0,-2
65,2,0,-2
65,3,0,-2
65,4,0,2
65,5,0,2
65,6,0,2
65,7,0,-2
65,8,0,-1
65,9,0,2
65,13,0,1
65,14,0,-1
65,15,0,1
65,16,0,-2
65,17,0,-1
65,18,0,-1
65,19,0,1
65,20,0,1
65,21,0,-1
65,22,0,-2
65,23,0,2
65,24,0,2
65,26,0,-2
65,27,0,2
65,29,0,-1
65,30,0,-2
65,31,0,-2
65,32,0,-2
65,33,0,-8
65,33,1,12
65,34,0,-2
65,34,1,-7
65,35,0,-3
65,35,1,-1
65,36,0,-5
65,36,1,-5
65,37,0,4
65,37,1,16
65,38,0,6
65,38,1,5
65,39,0,-4
65,39,1,3
65,40,0,8
65,40,1,-3
65,41,0,8
65,41,1,-8
65,42,0,-8
65,42,1,12
65,43,0,-25
65,43,1,30
65,44,0,-1
65,44,1,3
65,45,0,11
65,45,1,-14
65,46,0,3
65,46,1,-5
65,47,0,-9
65,47,1,8
65,48,0,10
65,48,1,-5
65,49,0,6
65,49,1,-19
65,50,0,5
65,50,1,-14
65,51,0,-8
65,51,1,15
65,52,0,5
65,52,1,-9
65,53,0,1
65,53,1,9
65,54,0,1
65,54,1,-4
65,55,0,-1
65,55,1,8
65,56,0,3
65,57,0,-3
65,57,1,-9
65,58,0,8
65,58,1,-6
65,59,0,-15
65,59,1,25
65,60,0,13
65,60,1,-6
65,61,0,-11
65,61,1,12
65,62,0,-4
65,62,1,11
65,63,0,4
65,63,1,-22
65,64,0,16
65,64,1,-21
65,65,0,63
65,65,1,-6
65,66,0,-9
65,66,1,23
65,67,0,-16
65,67,1,21
65,68,0,21
65,68,1,-20
65,69,0,-12
65,69,1,8
65,70,0,-3
65,71,0,22
65,71,1,-25
65,72,0,22
65,72,1,-16
65,73,0,8
65,73,1,-10
65,74,0,-23
65,74,1,39
65,75,0,-7
65,75,1,11
66,3,0,-2
66,5,0,-2
66,6,0,-1
66,7,0,-1
66,8,0,-1
66,9,0,-1
66,10,0,2
66,11,0,-1
66,12,0,2
66,13,0,-2
66,14,0,1
66,16,0,1
66,17,0,-1
66,18,0,-1
66,19,0,2
66,20,0,-2
66,21,0,1
66,22,0,-2
66,24,0,2
66,25,0,1
66,26,0,1
66,29,0,2
66,30,0,2
66,31,0,-2
66,33,0,10
66,33,1,-2
66,34,0,3
66,34,1,4
66,35,0,-11
66,35,1,3
66,36,0,-12
66,36,1,-2
66,37,0,-7
66,37,1,-2
66,38,0,3
66,38,1,-21
66,39,0,5
66,39,1,-3
66,40,0,12
66,40,1,5
66,41,1,-1
66,42,0,9
66,42,1,-11
66,43,0,15
66,43,1,-25
66,44,0,8
66,44,1,-4
66,45,0,-8
66,45,1,-1
66,46,0,-11
66,46,1,-3
66,47,0,16
66,47,1,-8
66,48,0,-13
66,48,1,22
66,49,0,-1
66,49,1,-12
66,50,0,3
66,50,1,-21
66,51,0,7
66,51,1,-6
66,52,0,3
66,52,1,-12
66,53,0,-2
66,53,1,26
66,54,0,13
66,54,1,2
66,55,0,2
66,55,1,2
66,56,0,-11
66,56,1,28
66,57,0,10
66,57,1,-6
66,58,0,5
66,58,1,-8
66,59,0,12
66,60,0,-3
66,60,1,15
66,61,0,1
66,61,1,-9
66,62,0,3
66,62,1,-10
66,63,0,7
66,63,1,-20
66,64,0,-5
66,65,0,-9
66,65,1,23
66,66,0,56
66,66,1,35
66,67,0,6
66,67,1,11
66,68,0,-12
66,68,1,5
66,69,0,6
66,69,1,11
66,70,1,-3
66,71,0,-2
66,71,1,8
66,72,0,4
66,72,1,-16
66,73,0,-3
66,73,1,22
66,74,0,14
66,74,1,-12
66,75,0,7
66,75,1,-10
67,1,0,1
67,2,0,-1
67,3,0,1
67,4,0,-2
67,5,0,2
67,6,0,-2
67,7,0,2
67,10,0,2
67,11,0,1
67,12,0,-2
67,13,0,2
67,14,0,-1
67,15,0,2
67,16,0,-2
67,17,0,2
67,19,0,2
67,20,0,1
67,23,0,-1
67,24,0,-1
67,25,0,2
67,26,0,-2
67,27,0,2
67,29,0,1
67,30,0,-1
67,31,0,2
67,32,0,1
67,33,0,-1
67,33,1,12
67,34,0,-1
67,34,1,-1
67,35,0,5
67,35,1,-8
67,36,1,3
67,37,0,-4
67,37,1,-9
67,38,0,14
67,38,1,-8
67,39,0,5
67,39,1,-12
67,40,0,-6
67,40,1,3
67,41,0,3
67,41,1,-3
67,42,0,2
67,42,1,-4
67,43,0,23
67,43,1,-24
67,44,0,-2
67,44,1,1
67,45,0,-1
67,45,1,-3
67,46,0,-1
67,46,1,1
67,47,0,9
67,47,1,4
67,48,0,-4
67,48,1,6
67,49,0,6
67,49,1,-16
67,50,0,-10
67,50,1,4
67,51,0,6
67,51,1,-11
67,52,0,16
67,52,1,-17
67,53,0,1
67,53,1,7
67,54,0,9
67,54,1,-11
67,55,0,1
67,55,1,12
67,56,0,-6
67,56,1,11
67,57,0,8
67,57,1,-8
67,58,0,-3
67,58,1,11
67,59,0,7
67,59,1,-15
67,60,0,5
67,60,1,-2
67,61,0,1
67,61,1,2
67,62,0,2
67,62,1,-4
67,63,0,-8
67,63,1,-3
67,64,0,-7
67,64,1,-1
67,65,0,-16
67,65,1,21
67,66,0,6
67,66,1,11
67,67,0,40
67,67,1,11
67,68,0,-17
67,68,1,24
67,69,0,12
67,69,1,-4
67,70,0,2
67,70,1,10
67,71,0,-11
67,71,1,4
67,72,0,2
67,72,1,-3
67,73,0,-4
67,73,1,7
67,74,0,16
67,74,1,-14
67,75,1,-2
68,1,0,-2
68,2,0,-1
68,3,0,2
68,4,0,-1
68,5,0,-2
68,7,0,1
68,9,0,-1
68,10,0,-2
68,11,0,-2
68,13,0,-2
68,15,0,-2
68,16,0,1
68,17,0,1
68,20,0,1
68,21,0,-2
68,22,0,1
68,23,0,2
68,24,0,2
68,25,0,2
68,26,0,-1
68,27,0,1
68,28,0,2
68,29,0,1
68,31,0,-1
68,32,0,-2
68,33,0,-3
68,33,1,-14
68,34,0,1
68,34,1,-20
68,35,0,15
68,35,1,-17
68,36,0,-1
68,36,1,10
68,37,0,20
68,37,1,-17
68,38,0,4
68,38,1,-2
68,39,0,-6
68,39,1,1
68,40,0,10
68,40,1,-1
68,41,0,14
68,41,1,-10
68,42,0,6
68,42,1,7
68,43,0,-10
68,43,1,6
68,44,0,-3
68,45,0,-8
68,45,1,7
68,46,0,-2
68,46,1,24
68,47,0,-12
68,47,1,8
68,48,0,5
68,48,1,-9
68,49,0,13
68,49,1,-7
68,50,0,12
68,50,1,-27
68,51,0,-4
68,51,1,3
68,52,0,-5
68,53,0,-2
68,53,1,-4
68,54,0,-1
68,54,1,9
68,55,0,-16
68,55,1,14
68,56,0,-11
68,56,1,10
68,57,0,-9
68,57,1,5
68,58,0,14
68,58,1,-28
68,59,0,-12
68,59,1,2
68,60,0,-3
68,60,1,-1
68,61,0,10
68,61,1,-15
68,62,0,-5
68,62,1,5
68,63,0,9
68,63,1,-26
68,64,0,-5
68,64,1,-4
68,65,0,21
68,65,1,-20
68,66,0,-12
68,66,1,5
68,67,0,-17
68,67,1,24
68,68,0,64
68,68,1,6
68,69,0,-14
68,69,1,-4
68,70,0,-13
68,70,1,13
68,71,0,15
68,71,1,-18
68,72,0,3
68,72,1,3
68,73,0,16
68,73,1,-22
68,74,0,-19
68,74,1,19
68,75,0,-11
68,75,1,-1
69,1,0,-1
69,2,0,-2
69,3,0,2
69,4,0,2
69,5,0,-2
69,8,0,-1
69,9,0,1
69,10,0,1
69,11,0,-1
69,12,0,1
69,13,0,2
69,14,0,2
69,16,0,-1
69,17,0,-2
69,18,0,-2
69,19,0,2
69,20,0,1
69,21,0,2
69,22,0,-2
69,23,0,-1
69,24,0,-2
69,25,0,-1
69,26,0,-1
69,27,0,2
69,28,0,-1
69,29,0,-1
69,31,0,-2
69,32,0,1
69,33,1,3
69,34,0,-4
69,34,1,-1
69,35,0,-4
69,35,1,10
69,36,0,-13
69,36,1,14
69,37,0,8
69,37,1,-13
69,38,0,10
69,38,1,-12
69,39,0,-5
69,39,1,8
69,40,1,-1
69,41,0,-1
69,41,1,-4
69,42,0,6
69,42,1,-12
69,43,0,12
69,43,1,-8
69,44,0,-14
69,44,1,16
69,45,0,3
69,45,1,7
69,46,0,-15
69,46,1,13
69,47,0,11
69,47,1,-11
69,48,0,-11
69,48,1,10
69,49,0,-4
69,49,1,-3
69,50,0,7
69,50,1,-8
69,52,0,11
69,52,1,-12
69,53,0,-11
69,53,1,25
69,54,0,4
69,54,1,-7
69,55,0,10
69,55,1,-2
69,56,0,-18
69,56,1,11
69,57,0,-1
69,57,1,2
69,58,0,-19
69,58,1,13
69,59,0,7
69,59,1,9
69,60,0,3
69,60,1,-9
69,61,0,-7
69,61,1,12
69,62,0,-9
69,62,1,-4
69,63,0,-2
69,63,1,-2
69,64,0,-8
69,64,1,1
69,65,0,-12
69,65,1,8
69,66,0,6
69,66,1,11
69,67,0,12
69,67,1,-4
69,68,0,-14
69,68,1,-4
69,69,0,46
69,69,1,11
69,70,0,11
69,70,1,-8
69,71,0,-3
69,71,1,-9
69,72,0,4
69,72,1,-27
69,73,0,8
69,73,1,-4
69,74,0,8
69,74,1,-12
69,75,0,-4
69,75,1,10
70,1,0,-1
70,2,0,2
70,3,0,2
70,4,0,-2
70,6,0,1
70,7,0,-1
70,10,0,1
70,11,0,-2
70,12,0,2
70,13,0,2
70,14,0,1
70,15,0,-2
70,18,0,-2
70,20,0,2
70,21,0,-1
70,22,0,1
70,24,0,-1
70,25,0,1
70,26,0,2
70,27,0,-1
70,28,0,-2
70,29,0,-2
70,30,0,2
70,31,0,-2
70,32,0,2
70,33,0,1
70,33,1,-9
70,34,0,-9
70,34,1,2
70,35,0,-1
70,35,1,5
70,36,0,2
70,36,1,-9
70,37,0,-1
70,37,1,-10
70,38,0,6
70,38,1,3
70,39,0,-4
70,39,1,-3
70,40,0,8
70,40,1,-30
70,41,0,5
70,41,1,-13
70,42,0,7
70,42,1,2
70,43,0,1
70,43,1,20
70,44,0,5
70,44,1,10
70,45,0,10
70,45,1,-14
70,46,0,10
70,46,1,-12
70,47,0,3
70,47,1,-2
70,48,0,-7
70,48,1,7
70,49,0,-1
70,49,1,5
70,50,0,-30
70,50,1,33
70,51,0,5
70,51,1,-18
70,52,0,6
70,52,1,-19
70,53,0,-8
70,53,1,4
70,54,0,-10
70,54,1,5
70,55,1,-17
70,56,0,11
70,56,1,-28
70,57,0,-16
70,57,1,24
70,58,0,-7
70,58,1,23
70,59,0,-4
70,59,1,2
70,60,0,-13
70,60,1,14
70,61,0,-27
70,61,1,31
70,62,0,-6
70,62,1,-3
70,63,0,-1
70,63,1,-5
70,64,0,-9
70,64,1,6
70,65,0,-3
70,66,1,-3
70,67,0,2
70,67,1,10
70,68,0,-13
70,68,1,13
70,69,0,11
70,69,1,-8
70,70,0,71
70,70,1,8
70,71,0,13
70,71,1,-20
70,72,0,-6
70,72,1,12
70,73,0,10
70,73,1,-4
70,74,0,-8
70,74,1,10
70,75,0,4
70,75,1,4
71,1,0,2
71,2,0,-1
71,3,0,2
71,4,0,2
71,6,0,2
71,7,0,-1
71,8,0,1
71,9,0,-1
71,10,0,2
71,11,0,1
71,12,0,2
71,13,0,-1
71,14,0,1
71,16,0,2
71,17,0,-1
71,18,0,-2
71,19,0,-2
71,20,0,-1
71,21,0,2
71,22,0,-2
71,23,0,-2
71,25,0,-1
71,26,0,-2
71,29,0,-1
71,30,0,-2
71,31,0,1
71,33,0,-10
71,33,1,7
71,34,0,4
71,34,1,12
71,35,0,4
71,35,1,-8
71,36,0,-3
71,36,1,-8
71,37,1,18
71,38,0,11
71,38,1,-25
71,39,0,3
71,39,1,2
71,40,0,9
71,40,1,-1
71,41,0,9
71,41,1,3
71,42,0,9
71,42,1,-2
71,43,0,-15
71,43,1,8
71,44,0,-9
71,44,1,6
71,45,0,13
71,45,1,-9
71,46,0,-7
71,46,1,5
71,47,0,-8
71,47,1,21
71,48,0,4
71,48,1,-3
71,49,0,1
71,49,1,12
71,50,0,-13
71,50,1,10
71,51,0,1
71,51,1,3
71,52,0,-8
71,52,1,-2
71,53,0,-8
71,53,1,16
71,54,0,-18
71,54,1,18
71,55,0,-2
71,55,1,1
71,56,0,20
71,56,1,-16
71,57,0,-1
71,57,1,-12
71,58,0,5
71,58,1,-8
71,59,0,-8
71,59,1,10
71,60,0,-7
71,60,1,-4
71,61,0,7
71,61,1,6
71,62,0,-6
71,62,1,3
71,63,0,-7
71,63,1,7
71,64,0,-17
71,64,1,17
71,65,0,22
71,65,1,-25
71,66,0,-2
71,66,1,8
71,67,0,-11
71,67,1,4
71,68,0,15
71,68,1,-18
71,69,0,-3
71,69,1,-9
71,70,0,13
71,70,1,-20
71,71,0,66
71,71,1,-22
71,72,0,21
71,72,1,-38
71,73,0,29
71,73,1,-31
71,74,0,-16
71,74,1,10
71,75,0,-3
71,75,1,8
72,1,0,2
72,2,0,-1
72,3,0,-2
72,4,0,2
72,7,0,2
72,8,0,2
72,9,0,1
72,10,0,-2
72,11,0,2
72,12,0,-1
72,13,0,-1
72,14,0,2
72,16,0,1
72,17,0,-2
72,18,0,1
72,19,0,-2
72,20,0,-1
72,21,0,2
72,22,0,2
72,23,0,-2
72,25,0,-2
72,27,0,-1
72,28,0,1
72,29,0,2
72,30,0,2
72,31,0,-1
72,32,0,-2
72,33,0,-13
72,33,1,27
72,34,0,22
72,34,1,-22
72,35,0,7
72,35,1,-13
72,36,0,-15
72,36,1,27
72,37,0,-3
72,37,1,2
72,38,0,14
72,38,1,-7
72,39,0,8
72,39,1,1
72,40,0,4
72,40,1,-17
72,41,0,-6
72,41,1,-11
72,42,0,1
72,42,1,5
72,43,0,-3
72,43,1,12
72,44,0,-15
72,44,1,22
72,45,0,5
72,45,1,-5
72,46,0,-11
72,46,1,11
72,47,0,-3
72,47,1,-7
72,48,0,10
72,48,1,-10
72,49,0,7
72,49,1,-33
72,50,0,18
72,50,1,-21
72,51,0,4
72,51,1,-4
72,52,0,14
72,52,1,-24
72,53,0,-15
72,53,1,3
72,54,0,6
72,54,1,-4
72,55,0,1
72,55,1,-5
72,56,0,2
72,56,1,2
72,57,0,3
72,57,1,5
72,58,0,3
72,58,1,-11
72,59,0,7
72,59,1,-8
72,60,0,5
72,60,1,2
72,61,0,3
72,61,1,-6
72,62,0,-7
72,62,1,24
72,63,0,13
72,63,1,-17
72,64,0,-3
72,64,1,-15
72,65,0,22
72,65,1,-16
72,66,0,4
72,66,1,-16
72,67,0,2
72,67,1,-3
72,68,0,3
72,68,1,3
72,69,0,4
72,69,1,-27
72,70,0,-6
72,70,1,12
72,71,0,21
72,71,1,-38
72,72,0,67
72,72,1,14
72,73,0,8
72,74,0,-9
72,74,1,16
72,75,0,17
72,75,1,-24
73,1,0,-2
73,2,0,2
73,3,0,-1
73,4,0,2
73,5,0,-1
73,6,0,-2
73,8,0,2
73,9,0,-1
73,10,0,2
73,11,0,1
73,13,0,-2
73,14,0,-1
73,15,0,2
73,16,0,-1
73,17,0,2
73,18,0,1
73,19,0,-1
73,21,0,1
73,22,0,2
73,23,0,-1
73,24,0,2
73,25,0,-1
73,27,0,-1
73,29,0,-1
73,30,0,1
73,31,0,2
73,32,0,-2
73,33,0,-2
73,33,1,-6
73,34,0,8
73,34,1,-3
73,35,0,8
73,35,1,-17
73,36,0,-18
73,36,1,16
73,37,0,-1
73,37,1,-20
73,38,0,5
73,38,1,-27
73,39,0,-9
73,39,1,7
73,40,0,14
73,40,1,-25
73,41,0,6
73,41,1,-8
73,42,0,16
73,42,1,-30
73,43,0,-1
73,43,1,6
73,44,0,-3
73,44,1,5
73,45,0,18
73,45,1,-18
73,46,0,-6
73,46,1,7
73,47,0,-12
73,47,1,8
73,48,0,-9
73,48,1,8
73,49,0,-18
73,49,1,21
73,50,0,3
73,50,1,-9
73,51,0,13
73,51,1,-13
73,52,0,9
73,52,1,-5
73,53,0,-28
73,53,1,46
73,54,0,-7
73,54,1,18
73,55,0,-5
73,55,1,14
73,56,0,10
73,56,1,-1
73,57,0,9
73,57,1,7
73,58,1,7
73,59,0,8
73,59,1,3
73,60,0,7
73,60,1,-22
73,61,0,-9
73,61,1,19
73,62,0,-9
73,63,0,8
73,64,0,-18
73,64,1,17
73,65,0,8
73,65,1,-10
73,66,0,-3
73,66,1,22
73,67,0,-4
73,67,1,7
73,68,0,16
73,68,1,-22
73,69,0,8
73,69,1,-4
73,70,0,10
73,70,1,-4
73,71,0,29
73,71,1,-31
73,72,0,8
73,73,0,87
73,73,1,-23
73,74,0,2
73,74,1,-9
73,75,0,16
73,75,1,-6
74,1,0,-1
74,2,0,-1
74,3,0,1
74,4,0,-1
74,5,0,2
74,6,0,-1
74,7,0,2
74,8,0,2
74,9,0,-1
74,10,0,-2
74,11,0,2
74,13,0,1
74,14,0,1
74,15,0,1
74,16,0,-1
74,17,0,2
74,18,0,-2
74,19,0,2
74,21,0,-2
74,22,0,-2
74,24,0,1
74,28,0,-2
74,29,0,-2
74,30,0,-2
74,31,0,2
74,33,0,18
74,33,1,-26
74,34,0,5
74,34,1,-7
74,35,0,2
74,35,1,-2
74,36,0,4
74,36,1,-7
74,37,0,-12
74,37,1,26
74,38,0,-5
74,38,1,18
74,39,0,11
74,39,1,-9
74,40,0,-2
74,40,1,11
74,41,0,-8
74,41,1,-9
74,42,0,1
74,42,1,-5
74,43,0,-1
74,43,1,6
74,44,0,-4
74,44,1,6
74,45,1,-6
74,46,0,-22
74,46,1,5
74,47,0,10
74,47,1,-15
74,48,0,-12
74,48,1,14
74,49,0,-14
74,49,1,13
74,50,1,6
74,51,0,17
74,51,1,-25
74,52,0,17
74,52,1,-21
74,53,0,-3
74,53,1,10
74,54,0,3
74,54,1,2
74,55,0,8
74,55,1,-6
74,56,0,-19
74,56,1,2
74,57,0,10
74,57,1,-15
74,58,0,-6
74,58,1,20
74,59,0,3
74,59,1,6
74,60,1,7
74,61,0,-4
74,61,1,11
74,62,0,-10
74,62,1,35
74,63,0,12
74,63,1,-8
74,64,0,-11
74,64,1,21
74,65,0,-23
74,65,1,39
74,66,0,14
74,66,1,-12
74,67,0,16
74,67,1,-14
74,68,0,-19
74,68,1,19
74,69,0,8
74,69,1,-12
74,70,0,-8
74,70,1,10
74,71,0,-16
74,71,1,10
74,72,0,-9
74,72,1,16
74,73,0,2
74,73,1,-9
74,74,0,68
74,74,1,-19
74,75,0,6
74,75,1,5
75,3,0,1
75,4,0,-2
75,5,0,-1
75,6,0,1
75,7,0,1
75,8,0,-1
75,9,0,2
75,10,0,-2
75,11,0,-2
75,13,0,2
75,14,0,2
75,17,0,-1
75,21,0,-1
75,22,0,-2
75,23,0,1
75,25,0,1
75,26,0,1
75,27,0,1
75,28,0,1
75,29,0,-1
75,30,0,1
75,31,0,-2
75,32,0,-2
75,33,0,2
75,33,1,-11
75,34,0,11
75,34,1,-5
75,35,0,3
75,35,1,3
75,36,0,-2
75,37,0,-12
75,37,1,16
75,38,0,-6
75,38,1,13
75,39,0,-1
75,39,1,-7
75,40,0,1
75,40,1,4
75,41,0,-12
75,41,1,-18
75,42,0,17
75,42,1,-29
75,43,0,9
75,43,1,-3
75,44,0,2
75,44,1,14
75,45,0,-17
75,45,1,21
75,46,0,-4
75,46,1,-9
75,47,0,7
75,47,1,-10
75,48,0,1
75,49,0,-14
75,49,1,30
75,50,0,10
75,50,1,-6
75,51,0,-14
75,51,1,14
75,52,0,19
75,52,1,-11
75,53,0,-10
75,53,1,16
75,54,0,6
75,54,1,-30
75,55,0,-6
75,55,1,18
75,56,0,15
75,56,1,-5
75,57,0,-4
75,57,1,4
75,58,0,16
75,58,1,-8
75,59,0,12
75,59,1,-10
75,60,0,2
75,60,1,-8
75,61,1,2
75,62,1,8
75,63,0,21
75,63,1,-26
75,64,0,1
75,65,0,-7
75,65,1,11
75,66,0,7
75,66,1,-10
75,67,1,-2
75,68,0,-11
75,68,1,-1
75,69,0,-4
75,69,1,10
75,70,0,4
75,70,1,4
75,71,0,-3
75,71,1,8
75,72,0,17
75,72,1,-24
75,73,0,16
75,73,1,-6
75,74,0,6
75,74,1,5
75,75,0,60
75,75,1,6

q_data
1,0,-24
2,0,15
4,0,-27
5,0,3
6,0,9
7,0,-5
8,0,-6
9,0,1
10,0,18
11,0,19
12,0,-5
13,0,-2
14,0,-8
15,0,-16
16,0,-3
17,0,2
18,0,6
19,0,2
20,0,6
21,0,10
22,0,9
23,0,-14
24,0,6
25,0,11
26,0,12
27,0,-7
28,0,20
29,0,-19
30,0,-11
31,0,10
32,0,-18
33,0,1
34,1,-1
36,0,1
36,1,-2
37,1,1
39,0,2
40,1,-1
41,0,-2
41,1,1
42,0,1
42,1,-3
43,1,-1
44,0,-1
44,1,2
45,0,2
45,1,-1
46,1,1
48,1,-1
49,0,1
49,1,-1
50,0,2
50,1,-1
51,0,1
51,1,-1
52,0,1
52,1,-1
53,0,2
53,1,-1
54,0,2
54,1,-2
55,0,-1
55,1,2
56,1,1
57,0,-1
57,1,2
58,0,1
58,1,-1
59,0,-1
59,1,1
60,0,-2
60,1,4
61,0,1
61,1,-1
62,0,1
62,1,-2
63,0,-1
64,1,1
65,0,-2
65,1,1
66,0,-2
66,1,1
67,1,1
68,0,-1
69,0,-1
70,0,-1
70,1,1
71,0,-1
72,0,-1
73,0,-1
74,1,1
75,0,-1

Param_Space
1,1,-1
2,1,1

Param_Space_RHS
0
1

END
