LCP


h
150

k
1

M_data
1,1,0,85
1,2,0,-16
1,3,0,9
1,4,0,20
1,5,0,-22
1,6,0,-10
1,7,0,-18
1,8,0,6
1,9,0,-12
1,10,0,21
1,11,0,18
1,12,0,7
1,13,0,5
1,14,0,-7
1,15,0,13
1,16,0,-8
1,17,0,-26
1,18,0,-2
1,19,0,8
1,20,0,-1
1,21,0,9
1,22,0,5
1,23,0,16
1,24,0,4
1,25,0,9
1,26,0,19
1,27,0,-8
1,28,0,-20
1,29,0,16
1,30,0,5
1,31,0,17
1,32,0,-7
1,33,0,-10
1,34,0,4
1,35,0,-11
1,36,0,-7
1,37,0,2
1,38,0,13
1,39,0,-3
1,40,0,-7
1,41,0,7
1,42,0,-23
1,43,0,-2
1,44,0,4
1,45,0,12
1,46,0,-2
1,48,0,-14
1,49,0,-7
1,51,0,-13
1,52,0,15
1,53,0,13
1,54,0,-18
1,55,0,11
1,56,0,-17
1,57,0,-11
1,58,0,8
1,59,0,18
1,60,0,-7
1,61,0,-13
1,62,0,2
1,63,0,-3
1,64,0,1
1,65,0,1
1,66,0,1
1,67,0,1
1,68,0,1
1,69,0,1
1,70,0,1
1,71,0,1
1,72,0,1
1,73,0,1
1,74,0,1
1,75,0,1
1,76,0,1
1,77,0,1
1,78,0,1
1,79,0,1
1,80,0,1
1,81,0,1
1,82,0,1
1,83,0,1
1,84,0,1
1,85,0,1
1,86,0,1
1,87,0,1
1,88,0,1
1,89,0,1
1,90,0,1
1,91,0,1
1,92,0,1
1,93,0,1
1,94,0,1
1,95,0,1
1,96,0,1
1,97,0,1
1,98,0,1
1,99,0,1
1,100,0,1
1,101,0,1
1,102,0,1
1,103,0,1
1,104,0,1
1,105,0,1
1,106,0,1
1,107,0,1
1,108,0,1
1,109,0,1
1,110,0,1
1,111,0,1
1,112,0,1
1,113,0,1
1,114,0,1
1,115,0,1
1,116,0,1
1,117,0,1
1,118,0,1
1,119,0,1
1,120,0,1
1,121,0,1
1,122,0,1
1,123,0,1
1,124,0,1
1,125,0,1
1,126,0,1
1,127,0,1
1,128,0,1
1,129,0,1
1,130,0,1
1,131,0,1
1,132,0,1
1,133,0,1
1,134,0,1
1,135,0,1
1,136,0,1
1,137,0,1
2,1,0,-16
2,2,0,108
2,3,0,-13
2,4,0,11
2,5,0,5
2,6,0,-6
2,7,0,-23
2,8,0,8
2,9,0,-13
2,10,0,14
2,11,0,13
2,12,0,30
2,13,0,1
2,14,0,13
2,15,0,-14
2,16,0,-9
2,17,0,-8
2,18,0,8
2,19,0,8
2,20,0,-8
2,21,0,-27
2,22,0,-20
2,23,0,-21
2,24,0,17
2,25,0,-8
2,26,0,-18
2,28,0,12
2,29,0,13
2,30,0,2
2,31,0,14
2,32,0,-22
2,33,0,-5
2,34,0,-1
2,35,0,4
2,36,0,-2
2,37,0,-17
2,38,0,-8
2,39,0,25
2,40,0,-2
2,41,0,12
2,42,0,5
2,43,0,-1
2,44,0,-4
2,45,0,12
2,46,0,9
2,47,0,8
2,48,0,9
2,49,0,8
2,50,0,15
2,51,0,7
2,52,0,-21
2,53,0,10
2,54,0,5
2,55,0,8
2,56,0,35
2,57,0,-8
2,58,0,1
2,59,0,1
2,60,0,2
2,61,0,14
2,62,0,9
2,63,0,7
2,138,0,1
3,1,0,9
3,2,0,-13
3,3,0,83
3,4,0,2
3,5,0,1
3,6,0,9
3,7,0,28
3,8,0,-19
3,9,0,10
3,10,0,19
3,11,0,14
3,12,0,-1
3,13,0,3
3,14,0,-1
3,15,0,42
3,16,0,-3
3,17,0,-4
3,18,0,-2
3,19,0,-12
3,20,0,-8
3,21,0,-8
3,22,0,2
3,23,0,2
3,24,0,-3
3,25,0,-2
3,26,0,11
3,27,0,-1
3,28,0,6
3,29,0,16
3,30,0,-2
3,31,0,-7
3,32,0,-6
3,34,0,-14
3,35,0,3
3,36,0,-7
3,37,0,-7
3,38,0,-6
3,39,0,-5
3,40,0,1
3,41,0,-11
3,42,0,-19
3,43,0,-9
3,44,0,-7
3,45,0,4
3,46,0,-3
3,47,0,7
3,48,0,-16
3,49,0,-9
3,50,0,-18
3,51,0,-9
3,52,0,-1
3,53,0,-4
3,54,0,-17
3,55,0,-8
3,56,0,-7
3,57,0,-2
3,58,0,-19
3,59,0,-3
3,60,0,-9
3,61,0,-13
3,62,0,-9
3,63,0,9
3,139,0,1
4,1,0,20
4,2,0,11
4,3,0,2
4,4,0,112
4,5,0,-2
4,6,0,-1
4,7,0,-14
4,8,0,21
4,9,0,-11
4,10,0,31
4,11,0,-8
4,12,0,17
4,13,0,-4
4,14,0,-2
4,15,0,3
4,16,0,-3
4,17,0,-1
4,18,0,10
4,19,0,24
4,20,0,-14
4,21,0,-16
4,22,0,-9
4,23,0,23
4,24,0,15
4,25,0,-8
4,26,0,4
4,27,0,16
4,28,0,10
4,29,0,13
4,30,0,-6
4,31,0,4
4,32,0,18
4,33,0,-3
4,34,0,6
4,35,0,-3
4,36,0,-7
4,37,0,-5
4,38,0,-1
4,39,0,-6
4,40,0,-11
4,41,0,1
4,42,0,-19
4,44,0,7
4,45,0,10
4,46,0,-13
4,47,0,-15
4,48,0,5
4,49,0,-17
4,50,0,21
4,51,0,1
4,52,0,14
4,53,0,8
4,54,0,12
4,55,0,9
4,56,0,-3
4,57,0,12
4,58,0,-9
4,59,0,9
4,60,0,10
4,61,0,2
4,62,0,-23
4,63,0,-6
4,140,0,1
5,1,0,-22
5,2,0,5
5,3,0,1
5,4,0,-2
5,5,0,107
5,6,0,40
5,7,0,7
5,8,0,22
5,9,0,28
5,10,0,-4
5,11,0,9
5,13,0,-9
5,14,0,15
5,15,0,-3
5,16,0,-7
5,17,0,34
5,18,0,-9
5,19,0,-11
5,20,0,5
5,21,0,-38
5,22,0,16
5,23,0,-10
5,24,0,21
5,25,0,-2
5,26,0,5
5,27,0,-2
5,28,0,-14
5,29,0,-13
5,30,0,-2
5,31,0,-14
5,32,0,31
5,33,0,5
5,34,0,6
5,35,0,14
5,36,0,22
5,37,0,7
5,38,0,3
5,39,0,-7
5,40,0,-3
5,41,0,21
5,42,0,6
5,43,0,-28
5,44,0,-6
5,45,0,19
5,46,0,9
5,48,0,-4
5,49,0,-19
5,50,0,39
5,51,0,21
5,52,0,12
5,53,0,2
5,54,0,1
5,55,0,14
5,56,0,-16
5,57,0,-3
5,58,0,7
5,59,0,8
5,60,0,2
5,61,0,6
5,62,0,15
5,63,0,-19
5,141,0,1
6,1,0,-10
6,2,0,-6
6,3,0,9
6,4,0,-1
6,5,0,40
6,6,0,75
6,7,0,13
6,8,0,-5
6,9,0,14
6,10,0,-8
6,11,0,11
6,12,0,5
6,13,0,-8
6,14,0,7
6,15,0,20
6,16,0,8
6,17,0,14
6,18,0,-8
6,19,0,10
6,20,0,2
6,21,0,-30
6,22,0,7
6,23,0,9
6,24,0,10
6,25,0,4
6,26,0,8
6,27,0,7
6,28,0,-2
6,29,0,-10
6,30,0,-7
6,31,0,-12
6,32,0,21
6,33,0,-3
6,34,0,13
6,35,0,-14
6,36,0,-13
6,37,0,4
6,38,0,6
6,39,0,-3
6,40,0,9
6,41,0,-5
6,42,0,7
6,43,0,-28
6,44,0,1
6,45,0,1
6,46,0,9
6,47,0,2
6,48,0,-15
6,49,0,3
6,50,0,14
6,51,0,10
6,52,0,10
6,53,0,-5
6,54,0,-2
6,55,0,-11
6,56,0,-12
6,57,0,16
6,58,0,3
6,59,0,-7
6,60,0,-2
6,61,0,7
6,62,0,17
6,63,0,-12
6,142,0,1
7,1,0,-18
7,2,0,-23
7,3,0,28
7,4,0,-14
7,5,0,7
7,6,0,13
7,7,0,85
7,8,0,-35
7,9,0,17
7,10,0,-6
7,11,0,-9
7,12,0,-1
7,13,0,1
7,14,0,8
7,15,0,20
7,16,0,14
7,17,0,14
7,18,0,1
7,19,0,-8
7,20,0,8
7,21,0,4
7,22,0,19
7,23,0,16
7,24,0,14
7,25,0,2
7,28,0,1
7,29,0,2
7,30,0,6
7,31,0,-22
7,32,0,-1
7,33,0,11
7,34,0,8
7,35,0,-2
7,37,0,-11
7,38,0,1
7,39,0,8
7,40,0,6
7,41,0,1
7,42,0,14
7,43,0,-1
7,44,0,6
7,46,0,-5
7,47,0,-1
7,48,0,10
7,49,0,9
7,50,0,-16
7,51,0,-7
7,53,0,4
7,54,0,4
7,55,0,-5
7,56,0,-10
7,57,0,16
7,58,0,-1
7,59,0,-4
7,60,0,-22
7,61,0,-13
7,62,0,8
7,63,0,21
7,143,0,1
8,1,0,6
8,2,0,8
8,3,0,-19
8,4,0,21
8,5,0,22
8,6,0,-5
8,7,0,-35
8,8,0,117
8,9,0,-8
8,10,0,13
8,11,0,-10
8,12,0,9
8,13,0,-20
8,14,0,9
8,15,0,-9
8,16,0,1
8,17,0,17
8,18,0,12
8,19,0,3
8,20,0,-23
8,21,0,-26
8,22,0,12
8,23,0,6
8,24,0,13
8,25,0,-1
8,26,0,6
8,27,0,11
8,28,0,-6
8,29,0,-22
8,31,0,-4
8,32,0,18
8,33,0,11
8,34,0,-4
8,35,0,-2
8,36,0,23
8,37,0,8
8,38,0,-6
8,39,0,-19
8,40,0,4
8,41,0,13
8,42,0,-17
8,43,0,-3
8,44,0,-15
8,45,0,-5
8,46,0,1
8,47,0,-1
8,48,0,3
8,49,0,-8
8,50,0,2
8,51,0,38
8,52,0,1
8,53,0,8
8,54,0,-3
8,55,0,-10
8,56,0,11
8,57,0,-2
8,58,0,6
8,59,0,17
8,60,0,24
8,61,0,5
8,62,0,-5
8,63,0,-16
8,144,0,1
9,1,0,-12
9,2,0,-13
9,3,0,10
9,4,0,-11
9,5,0,28
9,6,0,14
9,7,0,17
9,8,0,-8
9,9,0,87
9,10,0,-6
9,11,0,-4
9,12,0,8
9,13,0,10
9,14,0,6
9,15,0,-7
9,16,0,12
9,17,0,-1
9,19,0,-8
9,20,0,-17
9,21,0,-9
9,22,0,19
9,23,0,3
9,24,0,5
9,25,0,2
9,26,0,4
9,27,0,2
9,28,0,-25
9,29,0,16
9,30,0,13
9,31,0,-11
9,32,0,10
9,34,0,-7
9,35,0,-2
9,36,0,13
9,37,0,-8
9,38,0,-11
9,39,0,-1
9,40,0,-6
9,41,0,-13
9,42,0,18
9,43,0,-5
9,44,0,-1
9,46,0,14
9,47,0,-3
9,48,0,-4
9,49,0,4
9,50,0,1
9,51,0,-10
9,52,0,-7
9,53,0,-9
9,54,0,11
9,55,0,1
9,56,0,-18
9,57,0,3
9,59,0,12
9,60,0,-22
9,61,0,-4
9,62,0,10
9,63,0,-6
9,145,0,1
10,1,0,21
10,2,0,14
10,3,0,19
10,4,0,31
10,5,0,-4
10,6,0,-8
10,7,0,-6
10,8,0,13
10,9,0,-6
10,10,0,100
10,11,0,4
10,12,0,19
10,13,0,-5
10,14,0,-1
10,15,0,11
10,16,0,-5
10,17,0,-3
10,18,0,5
10,19,0,11
10,20,0,-5
10,21,0,5
10,22,0,-14
10,23,0,19
10,24,0,3
10,25,0,-2
10,26,0,-4
10,27,0,24
10,28,0,-7
10,29,0,5
10,30,0,-9
10,31,0,16
10,32,0,-13
10,33,0,5
10,34,0,-6
10,35,0,-14
10,36,0,3
10,37,0,-7
10,38,0,-12
10,39,0,11
10,40,0,-5
10,41,0,-3
10,42,0,-4
10,43,0,-8
10,44,0,1
10,45,0,-1
10,46,0,-4
10,47,0,11
10,48,0,-13
10,49,0,-8
10,50,0,-13
10,51,0,-3
10,52,0,-5
10,53,0,4
10,54,0,12
10,56,0,-3
10,57,0,1
10,58,0,-22
10,59,0,-8
10,60,0,17
10,61,0,-8
10,62,0,-1
10,63,0,6
10,146,0,1
11,1,0,18
11,2,0,13
11,3,0,14
11,4,0,-8
11,5,0,9
11,6,0,11
11,7,0,-9
11,8,0,-10
11,9,0,-4
11,10,0,4
11,11,0,100
11,12,0,12
11,13,0,-6
11,14,0,20
11,15,0,25
11,16,0,14
11,17,0,-11
11,18,0,6
11,19,0,-26
11,20,0,-13
11,21,0,-1
11,22,0,-3
11,23,0,-2
11,24,0,-18
11,25,0,-2
11,26,0,4
11,27,0,-1
11,28,0,-5
11,29,0,18
11,30,0,2
11,31,0,-2
11,32,0,-4
11,33,0,12
11,34,0,3
11,35,0,24
11,36,0,3
11,37,0,-10
11,38,0,15
11,39,0,-6
11,40,0,13
11,41,0,10
11,42,0,10
11,43,0,-20
11,44,0,-2
11,45,0,24
11,46,0,8
11,47,0,10
11,48,0,-26
11,49,0,-28
11,50,0,18
11,51,0,-16
11,52,0,26
11,53,0,-2
11,54,0,-11
11,55,0,17
11,56,0,-11
11,57,0,1
11,58,0,20
11,59,0,25
11,60,0,-7
11,61,0,21
11,62,0,16
11,147,0,1
12,1,0,7
12,2,0,30
12,3,0,-1
12,4,0,17
12,6,0,5
12,7,0,-1
12,8,0,9
12,9,0,8
12,10,0,19
12,11,0,12
12,12,0,93
12,13,0,7
12,14,0,-3
12,15,0,-1
12,16,0,8
12,17,0,-25
12,18,0,16
12,19,0,-6
12,20,0,-10
12,21,0,-3
12,22,0,-6
12,23,0,14
12,25,0,-7
12,26,0,-19
12,27,0,17
12,28,0,-15
12,29,0,19
12,30,0,7
12,31,0,21
12,32,0,1
12,33,0,-16
12,34,0,6
12,35,0,-29
12,36,0,3
12,37,0,-8
12,38,0,-14
12,39,0,15
12,40,0,-16
12,41,0,-9
12,42,0,15
12,43,0,-8
12,44,0,1
12,45,0,16
12,46,0,7
12,47,0,4
12,48,0,-3
12,49,0,34
12,50,0,-9
12,51,0,8
12,52,0,-13
12,53,0,21
12,54,0,30
12,55,0,-2
12,56,0,12
12,57,0,-19
12,59,0,18
12,60,0,-6
12,61,0,22
12,62,0,2
12,63,0,2
12,148,0,1
13,1,0,5
13,2,0,1
13,3,0,3
13,4,0,-4
13,5,0,-9
13,6,0,-8
13,7,0,1
13,8,0,-20
13,9,0,10
13,10,0,-5
13,11,0,-6
13,12,0,7
13,13,0,95
13,14,0,-18
13,15,0,-13
13,16,0,3
13,18,0,20
13,19,0,13
13,20,0,-6
13,21,0,12
13,22,0,9
13,23,0,-5
13,24,0,-3
13,25,0,-33
13,26,0,-10
13,27,0,-14
13,28,0,-31
13,29,0,5
13,30,0,10
13,31,0,-5
13,32,0,-15
13,33,0,4
13,34,0,-8
13,36,0,10
13,37,0,-2
13,38,0,-6
13,39,0,1
13,40,0,-24
13,41,0,6
13,42,0,22
13,43,0,15
13,44,0,14
13,45,0,-6
13,46,0,2
13,47,0,-7
13,48,0,1
13,49,0,13
13,50,0,-21
13,51,0,-2
13,52,0,-20
13,53,0,1
13,54,0,2
13,55,0,17
13,56,0,17
13,57,0,6
13,58,0,14
13,59,0,-15
13,60,0,1
13,61,0,-2
13,62,0,5
13,63,0,2
13,149,0,1
14,1,0,-7
14,2,0,13
14,3,0,-1
14,4,0,-2
14,5,0,15
14,6,0,7
14,7,0,8
14,8,0,9
14,9,0,6
14,10,0,-1
14,11,0,20
14,12,0,-3
14,13,0,-18
14,14,0,76
14,15,0,1
14,17,0,4
14,18,0,-11
14,19,0,-14
14,20,0,-10
14,21,0,-2
14,22,0,-5
14,23,0,2
14,24,0,-12
14,25,0,1
14,26,0,-4
14,27,0,11
14,28,0,-1
14,29,0,-3
14,30,0,14
14,31,0,-8
14,32,0,-4
14,33,0,-8
14,34,0,5
14,35,0,-1
14,36,0,-2
14,37,0,-8
14,38,0,10
14,39,0,1
14,40,0,-1
14,41,0,-2
14,42,0,-2
14,43,0,8
14,44,0,-8
14,45,0,5
14,46,0,6
14,48,0,-7
14,49,0,-12
14,50,0,6
14,51,0,2
14,52,0,-1
14,53,0,14
14,54,0,3
14,55,0,-1
14,56,0,-17
14,57,0,9
14,58,0,17
14,59,0,-10
14,60,0,2
14,61,0,14
14,62,0,10
14,63,0,-5
14,150,0,1
15,1,0,13
15,2,0,-14
15,3,0,42
15,4,0,3
15,5,0,-3
15,6,0,20
15,7,0,20
15,8,0,-9
15,9,0,-7
15,10,0,11
15,11,0,25
15,12,0,-1
15,13,0,-13
15,14,0,1
15,15,0,90
15,16,0,-2
15,17,0,-13
15,18,0,-2
15,19,0,-1
15,20,0,-19
15,21,0,-16
15,22,0,3
15,23,0,2
15,24,0,7
15,25,0,9
15,26,0,16
15,27,0,-9
15,28,0,-5
15,29,0,-1
15,30,0,1
15,31,0,1
15,32,0,5
15,33,0,12
15,34,0,9
15,35,0,5
15,36,0,-10
15,37,0,-2
15,38,0,2
15,39,0,2
15,40,0,3
15,41,0,-4
15,42,0,-10
15,43,0,-17
15,44,0,-6
15,45,0,7
15,46,0,-3
15,47,0,-2
15,48,0,-22
15,49,0,-7
15,50,0,-10
15,51,0,-3
15,52,0,19
15,53,0,-3
15,54,0,-34
15,55,0,1
15,56,0,-10
15,57,0,7
15,58,0,-8
15,59,0,10
15,60,0,-7
15,61,0,9
15,62,0,5
15,63,0,18
16,1,0,-8
16,2,0,-9
16,3,0,-3
16,4,0,-3
16,5,0,-7
16,6,0,8
16,7,0,14
16,8,0,1
16,9,0,12
16,10,0,-5
16,11,0,14
16,12,0,8
16,13,0,3
16,15,0,-2
16,16,0,78
16,17,0,5
16,18,0,18
16,20,0,-7
16,21,0,1
16,22,0,-16
16,23,0,13
16,24,0,12
16,25,0,-4
16,26,0,26
16,27,0,13
16,28,0,-15
16,29,0,4
16,30,0,2
16,31,0,-12
16,32,0,25
16,33,0,5
16,34,0,-13
16,35,0,-8
16,36,0,24
16,37,0,3
16,38,0,13
16,39,0,-4
16,40,0,11
16,41,0,-11
16,42,0,27
16,43,0,16
16,44,0,-8
16,45,0,16
16,46,0,-8
16,47,0,-6
16,48,0,17
16,49,0,-1
16,50,0,3
16,51,0,-10
16,52,0,-1
16,54,0,-6
16,55,0,1
16,56,0,13
16,57,0,12
16,58,0,-3
16,59,0,-9
16,60,0,7
16,61,0,11
16,62,0,1
16,63,0,17
17,1,0,-26
17,2,0,-8
17,3,0,-4
17,4,0,-1
17,5,0,34
17,6,0,14
17,7,0,14
17,8,0,17
17,9,0,-1
17,10,0,-3
17,11,0,-11
17,12,0,-25
17,14,0,4
17,15,0,-13
17,16,0,5
17,17,0,84
17,19,0,22
17,20,0,12
17,21,0,-3
17,22,0,12
17,23,0,-4
17,24,0,3
17,25,0,6
17,26,0,-17
17,27,0,-1
17,28,0,4
17,29,0,-11
17,30,0,3
17,31,0,-23
17,32,0,7
17,33,0,12
17,34,0,4
17,35,0,8
17,36,0,7
17,37,0,8
17,38,0,2
17,39,0,-6
17,40,0,11
17,41,0,2
17,42,0,15
17,43,0,4
17,44,0,5
17,45,0,17
17,46,0,-12
17,47,0,-5
17,48,0,7
17,49,0,-17
17,50,0,2
17,51,0,15
17,52,0,-6
17,53,0,-4
17,54,0,15
17,55,0,-3
17,56,0,-14
17,57,0,9
17,58,0,-2
17,59,0,-4
17,60,0,14
17,61,0,-2
17,62,0,-4
17,63,0,2
18,1,0,-2
18,2,0,8
18,3,0,-2
18,4,0,10
18,5,0,-9
18,6,0,-8
18,7,0,1
18,8,0,12
18,10,0,5
18,11,0,6
18,12,0,16
18,13,0,20
18,14,0,-11
18,15,0,-2
18,16,0,18
18,18,0,94
18,19,0,11
18,20,0,-2
18,21,0,-9
18,22,0,4
18,23,0,4
18,24,0,1
18,25,0,6
18,26,0,-12
18,27,0,4
18,28,0,4
18,29,0,6
18,30,0,3
18,31,0,-20
18,32,0,6
18,33,0,26
18,34,0,-2
18,35,0,-15
18,36,0,10
18,37,0,-28
18,38,0,-9
18,39,0,-1
18,40,0,-4
18,42,0,17
18,43,0,22
18,44,0,-4
18,45,0,-4
18,46,0,9
18,47,0,18
18,48,0,10
18,49,0,-8
18,50,0,-24
18,51,0,19
18,52,0,-7
18,53,0,9
18,54,0,-23
18,55,0,5
18,56,0,6
18,57,0,-9
18,58,0,4
18,59,0,8
18,60,0,7
18,61,0,-8
18,62,0,-4
18,63,0,3
19,1,0,8
19,2,0,8
19,3,0,-12
19,4,0,24
19,5,0,-11
19,6,0,10
19,7,0,-8
19,8,0,3
19,9,0,-8
19,10,0,11
19,11,0,-26
19,12,0,-6
19,13,0,13
19,14,0,-14
19,15,0,-1
19,17,0,22
19,18,0,11
19,19,0,83
19,20,0,9
19,21,0,-1
19,22,0,-5
19,23,0,17
19,24,0,8
19,25,0,-3
19,26,0,-15
19,27,0,-13
19,28,0,2
19,29,0,-9
19,30,0,3
19,31,0,-2
19,32,0,-1
19,33,0,9
19,34,0,8
19,35,0,-2
19,36,0,-9
19,37,0,7
19,39,0,1
19,40,0,-8
19,41,0,-3
19,42,0,-4
19,43,0,7
19,44,0,11
19,45,0,12
19,46,0,5
19,47,0,2
19,48,0,17
19,49,0,10
19,50,0,-1
19,51,0,-6
19,52,0,9
19,53,0,4
19,54,0,-10
19,56,0,19
19,57,0,4
19,58,0,-9
19,59,0,-21
19,60,0,13
19,61,0,-8
19,62,0,8
19,63,0,5
20,1,0,-1
20,2,0,-8
20,3,0,-8
20,4,0,-14
20,5,0,5
20,6,0,2
20,7,0,8
20,8,0,-23
20,9,0,-17
20,10,0,-5
20,11,0,-13
20,12,0,-10
20,13,0,-6
20,14,0,-10
20,15,0,-19
20,16,0,-7
20,17,0,12
20,18,0,-2
20,19,0,9
20,20,0,92
20,21,0,17
20,23,0,1
20,24,0,15
20,25,0,20
20,26,0,-12
20,27,0,4
20,28,0,6
20,29,0,-19
20,30,0,7
20,31,0,-3
20,32,0,-3
20,33,0,-16
20,34,0,9
20,35,0,1
20,36,0,-17
20,37,0,-11
20,38,0,9
20,39,0,-11
20,40,0,1
20,42,0,-3
20,43,0,-8
20,44,0,20
20,45,0,-9
20,46,0,12
20,47,0,17
20,48,0,8
20,49,0,6
20,50,0,-1
20,51,0,-10
20,52,0,19
20,53,0,8
20,54,0,-23
20,55,0,6
20,57,0,-6
20,58,0,-7
20,59,0,-4
20,60,0,1
20,61,0,-12
20,62,0,-2
20,63,0,-11
21,1,0,9
21,2,0,-27
21,3,0,-8
21,4,0,-16
21,5,0,-38
21,6,0,-30
21,7,0,4
21,8,0,-26
21,9,0,-9
21,10,0,5
21,11,0,-1
21,12,0,-3
21,13,0,12
21,14,0,-2
21,15,0,-16
21,16,0,1
21,17,0,-3
21,18,0,-9
21,19,0,-1
21,20,0,17
21,21,0,102
21,22,0,-20
21,23,0,13
21,24,0,-22
21,25,0,13
21,26,0,-4
21,27,0,22
21,28,0,-3
21,30,0,9
21,31,0,-1
21,32,0,-10
21,33,0,-25
21,34,0,-9
21,36,0,-5
21,37,0,1
21,38,0,3
21,39,0,18
21,40,0,-9
21,41,0,10
21,42,0,6
21,43,0,21
21,44,0,15
21,45,0,-2
21,46,0,1
21,47,0,-1
21,48,0,-2
21,49,0,15
21,50,0,-15
21,51,0,-13
21,52,0,-6
21,53,0,-18
21,54,0,15
21,55,0,4
21,56,0,-8
21,57,0,-12
21,59,0,6
21,60,0,15
21,61,0,2
21,62,0,3
21,63,0,13
22,1,0,5
22,2,0,-20
22,3,0,2
22,4,0,-9
22,5,0,16
22,6,0,7
22,7,0,19
22,8,0,12
22,9,0,19
22,10,0,-14
22,11,0,-3
22,12,0,-6
22,13,0,9
22,14,0,-5
22,15,0,3
22,16,0,-16
22,17,0,12
22,18,0,4
22,19,0,-5
22,21,0,-20
22,22,0,112
22,23,0,12
22,24,0,4
22,25,0,3
22,26,0,-4
22,27,0,-34
22,28,0,-2
22,29,0,26
22,30,0,19
22,31,0,-5
22,32,0,-14
22,33,0,34
22,34,0,4
22,35,0,12
22,36,0,25
22,37,0,-3
22,38,0,5
22,39,0,-13
22,40,0,-1
22,41,0,-13
22,42,0,-16
22,43,0,-8
22,44,0,3
22,45,0,-16
22,46,0,-6
22,47,0,-23
22,48,0,-18
22,49,0,6
22,50,0,-9
22,51,0,2
22,52,0,12
22,53,0,-5
22,54,0,-5
22,55,0,-9
22,56,0,-24
22,57,0,-6
22,58,0,7
22,59,0,-6
22,60,0,-18
22,61,0,-7
22,62,0,-8
23,1,0,16
23,2,0,-21
23,3,0,2
23,4,0,23
23,5,0,-10
23,6,0,9
23,7,0,16
23,8,0,6
23,9,0,3
23,10,0,19
23,11,0,-2
23,12,0,14
23,13,0,-5
23,14,0,2
23,15,0,2
23,16,0,13
23,17,0,-4
23,18,0,4
23,19,0,17
23,20,0,1
23,21,0,13
23,22,0,12
23,23,0,98
23,24,0,12
23,25,0,-1
23,26,0,9
23,27,0,13
23,28,0,-10
23,29,0,17
23,30,0,-2
23,31,0,6
23,32,0,14
23,33,0,4
23,34,0,-3
23,35,0,11
23,36,0,5
23,37,0,13
23,38,0,14
23,39,0,-9
23,40,0,-24
23,41,0,-5
23,42,0,8
23,43,0,-17
23,44,0,-7
23,45,0,4
23,46,0,-9
23,47,0,5
23,48,0,9
23,49,0,4
23,50,0,-4
23,51,0,-8
23,52,0,11
23,53,0,16
23,54,0,15
23,55,0,1
23,56,0,-2
23,57,0,-7
23,58,0,9
23,59,0,2
23,60,0,-3
23,61,0,-5
23,62,0,-17
23,63,0,6
24,1,0,4
24,2,0,17
24,3,0,-3
24,4,0,15
24,5,0,21
24,6,0,10
24,7,0,14
24,8,0,13
24,9,0,5
24,10,0,3
24,11,0,-18
24,13,0,-3
24,14,0,-12
24,15,0,7
24,16,0,12
24,17,0,3
24,18,0,1
24,19,0,8
24,20,0,15
24,21,0,-22
24,22,0,4
24,23,0,12
24,24,0,100
24,25,0,8
24,26,0,7
24,28,0,-5
24,29,0,9
24,30,0,3
24,31,0,-5
24,32,0,26
24,33,0,10
24,35,0,-3
24,36,0,21
24,37,0,4
24,38,0,3
24,39,0,10
24,40,0,-7
24,41,0,25
24,42,0,-13
24,43,0,-6
24,44,0,3
24,45,0,2
24,46,0,-1
24,47,0,4
24,48,0,20
24,49,0,-8
24,50,0,6
24,51,0,-10
24,52,0,3
24,53,0,19
24,54,0,-7
24,55,0,-7
24,56,0,21
24,57,0,-5
24,58,0,-9
24,59,0,-3
24,60,0,5
24,61,0,-22
24,62,0,2
24,63,0,13
25,1,0,9
25,2,0,-8
25,3,0,-2
25,4,0,-8
25,5,0,-2
25,6,0,4
25,7,0,2
25,8,0,-1
25,9,0,2
25,10,0,-2
25,11,0,-2
25,12,0,-7
25,13,0,-33
25,14,0,1
25,15,0,9
25,16,0,-4
25,17,0,6
25,18,0,6
25,19,0,-3
25,20,0,20
25,21,0,13
25,22,0,3
25,23,0,-1
25,24,0,8
25,25,0,84
25,26,0,-4
25,27,0,22
25,28,0,9
25,29,0,-20
25,30,0,9
25,31,0,5
25,32,0,1
25,33,0,-15
25,34,0,9
25,35,0,-26
25,36,0,-6
25,37,0,20
25,38,0,-9
25,39,0,8
25,40,0,4
25,41,0,5
25,42,0,13
25,43,0,8
25,44,0,-6
25,45,0,8
25,46,0,21
25,47,0,-2
25,48,0,-6
25,49,0,-12
25,50,0,-8
25,51,0,7
25,52,0,5
25,53,0,-6
25,54,0,-5
25,55,0,7
25,56,0,-27
25,57,0,-28
25,58,0,-6
25,59,0,24
25,60,0,2
25,61,0,-5
25,62,0,-1
25,63,0,-5
26,1,0,19
26,2,0,-18
26,3,0,11
26,4,0,4
26,5,0,5
26,6,0,8
26,8,0,6
26,9,0,4
26,10,0,-4
26,11,0,4
26,12,0,-19
26,13,0,-10
26,14,0,-4
26,15,0,16
26,16,0,26
26,17,0,-17
26,18,0,-12
26,19,0,-15
26,20,0,-12
26,21,0,-4
26,22,0,-4
26,23,0,9
26,24,0,7
26,25,0,-4
26,26,0,108
26,27,0,-7
26,28,0,-12
26,29,0,6
26,30,0,-21
26,31,0,-4
26,32,0,18
26,33,0,-5
26,34,0,-7
26,35,0,-4
26,36,0,1
26,37,0,16
26,38,0,14
26,39,0,-15
26,40,0,20
26,41,0,-9
26,42,0,-17
26,43,0,11
26,44,0,-2
26,45,0,5
26,46,0,-7
26,47,0,-27
26,48,0,9
26,49,0,-9
26,50,0,6
26,51,0,-7
26,52,0,14
26,54,0,-26
26,55,0,7
26,56,0,-4
26,57,0,7
26,58,0,13
26,59,0,11
26,60,0,-3
26,61,0,7
26,62,0,18
26,63,0,-6
27,1,0,-8
27,3,0,-1
27,4,0,16
27,5,0,-2
27,6,0,7
27,8,0,11
27,9,0,2
27,10,0,24
27,11,0,-1
27,12,0,17
27,13,0,-14
27,14,0,11
27,15,0,-9
27,16,0,13
27,17,0,-1
27,18,0,4
27,19,0,-13
27,20,0,4
27,21,0,22
27,22,0,-34
27,23,0,13
27,25,0,22
27,26,0,-7
27,27,0,72
27,28,0,-5
27,29,0,-14
27,30,0,-7
27,31,0,-2
27,32,0,10
27,33,0,-22
27,34,0,-8
27,35,0,-9
27,36,0,-6
27,37,0,5
27,38,0,-8
27,39,0,7
27,40,0,-3
27,41,0,6
27,42,0,25
27,43,0,-6
27,44,0,-1
27,46,0,7
27,47,0,18
27,48,0,7
27,49,0,-5
27,51,0,5
27,52,0,-11
27,53,0,-8
27,54,0,18
27,55,0,5
27,56,0,-5
27,57,0,-6
27,58,0,-11
27,59,0,12
27,60,0,10
27,61,0,16
27,62,0,-11
27,63,0,-6
28,1,0,-20
28,2,0,12
28,3,0,6
28,4,0,10
28,5,0,-14
28,6,0,-2
28,7,0,1
28,8,0,-6
28,9,0,-25
28,10,0,-7
28,11,0,-5
28,12,0,-15
28,13,0,-31
28,14,0,-1
28,15,0,-5
28,16,0,-15
28,17,0,4
28,18,0,4
28,19,0,2
28,20,0,6
28,21,0,-3
28,22,0,-2
28,23,0,-10
28,24,0,-5
28,25,0,9
28,26,0,-12
28,27,0,-5
28,28,0,89
28,29,0,12
28,30,0,-1
28,31,0,-1
28,32,0,-3
28,33,0,-4
28,34,0,3
28,35,0,-3
28,36,0,-12
28,37,0,3
28,38,0,-4
28,39,0,7
28,40,0,29
28,41,0,-14
28,42,0,-20
28,43,0,3
28,45,0,-15
28,46,0,-3
28,47,0,-1
28,48,0,-7
28,49,0,1
28,50,0,-13
28,51,0,1
28,52,0,20
28,53,0,-4
28,54,0,14
28,55,0,-19
28,56,0,1
28,57,0,1
28,58,0,-8
28,59,0,-11
28,60,0,16
28,61,0,-29
28,62,0,-9
28,63,0,3
29,1,0,16
29,2,0,13
29,3,0,16
29,4,0,13
29,5,0,-13
29,6,0,-10
29,7,0,2
29,8,0,-22
29,9,0,16
29,10,0,5
29,11,0,18
29,12,0,19
29,13,0,5
29,14,0,-3
29,15,0,-1
29,16,0,4
29,17,0,-11
29,18,0,6
29,19,0,-9
29,20,0,-19
29,22,0,26
29,23,0,17
29,24,0,9
29,25,0,-20
29,26,0,6
29,27,0,-14
29,28,0,12
29,29,0,107
29,30,0,13
29,31,0,20
29,32,0,4
29,33,0,11
29,34,0,-1
29,35,0,10
29,36,0,13
29,37,0,-17
29,38,0,9
29,39,0,11
29,41,0,-4
29,42,0,-23
29,43,0,-1
29,44,0,4
29,45,0,14
29,46,0,-2
29,47,0,-3
29,48,0,-9
29,49,0,8
29,50,0,1
29,51,0,-24
29,52,0,-6
29,53,0,5
29,54,0,17
29,55,0,-10
29,56,0,6
29,57,0,-21
29,58,0,-4
29,59,0,-6
29,60,0,-26
29,61,0,-21
29,62,0,-6
29,63,0,8
30,1,0,5
30,2,0,2
30,3,0,-2
30,4,0,-6
30,5,0,-2
30,6,0,-7
30,7,0,6
30,9,0,13
30,10,0,-9
30,11,0,2
30,12,0,7
30,13,0,10
30,14,0,14
30,15,0,1
30,16,0,2
30,17,0,3
30,18,0,3
30,19,0,3
30,20,0,7
30,21,0,9
30,22,0,19
30,23,0,-2
30,24,0,3
30,25,0,9
30,26,0,-21
30,27,0,-7
30,28,0,-1
30,29,0,13
30,30,0,109
30,31,0,-13
30,32,0,-3
30,33,0,-21
30,34,0,29
30,35,0,-7
30,36,0,21
30,37,0,2
30,38,0,-6
30,39,0,3
30,40,0,-4
30,41,0,-1
30,42,0,7
30,43,0,22
30,44,0,7
30,45,0,-16
30,46,0,21
30,47,0,12
30,48,0,-15
30,49,0,7
30,50,0,14
30,51,0,9
30,52,0,5
30,53,0,-18
30,54,0,-23
30,55,0,-10
30,56,0,16
30,57,0,3
30,58,0,14
30,59,0,-5
30,60,0,14
30,61,0,-15
30,62,0,13
30,63,0,-6
31,1,0,17
31,2,0,14
31,3,0,-7
31,4,0,4
31,5,0,-14
31,6,0,-12
31,7,0,-22
31,8,0,-4
31,9,0,-11
31,10,0,16
31,11,0,-2
31,12,0,21
31,13,0,-5
31,14,0,-8
31,15,0,1
31,16,0,-12
31,17,0,-23
31,18,0,-20
31,19,0,-2
31,20,0,-3
31,21,0,-1
31,22,0,-5
31,23,0,6
31,24,0,-5
31,25,0,5
31,26,0,-4
31,27,0,-2
31,28,0,-1
31,29,0,20
31,30,0,-13
31,31,0,79
31,32,0,-18
31,34,0,8
31,35,0,-3
31,36,0,1
31,37,0,6
31,38,0,4
31,39,0,2
31,40,0,-9
31,41,0,-22
31,42,0,-13
31,43,0,-13
31,44,0,10
31,45,0,7
31,46,0,10
31,47,0,-12
31,48,0,-8
31,49,0,12
31,50,0,-6
31,51,0,-4
31,52,0,-9
31,53,0,7
31,54,0,13
31,55,0,18
31,56,0,9
31,57,0,-15
31,58,0,-5
31,60,0,-15
31,61,0,-3
31,62,0,-1
31,63,0,-6
32,1,0,-7
32,2,0,-22
32,3,0,-6
32,4,0,18
32,5,0,31
32,6,0,21
32,7,0,-1
32,8,0,18
32,9,0,10
32,10,0,-13
32,11,0,-4
32,12,0,1
32,13,0,-15
32,14,0,-4
32,15,0,5
32,16,0,25
32,17,0,7
32,18,0,6
32,19,0,-1
32,20,0,-3
32,21,0,-10
32,22,0,-14
32,23,0,14
32,24,0,26
32,25,0,1
32,26,0,18
32,27,0,10
32,28,0,-3
32,29,0,4
32,30,0,-3
32,31,0,-18
32,32,0,105
32,33,0,-11
32,34,0,14
32,35,0,-8
32,36,0,9
32,37,0,4
32,38,0,25
32,39,0,11
32,40,0,-2
32,41,0,-2
32,42,0,13
32,43,0,-16
32,44,0,4
32,45,0,-7
32,46,0,-10
32,47,0,9
32,48,0,4
32,49,0,-4
32,50,0,42
32,51,0,2
32,52,0,9
32,53,0,3
32,54,0,3
32,55,0,-5
32,56,0,-4
32,57,0,17
32,58,0,-6
32,59,0,-3
32,60,0,7
32,61,0,-8
32,62,0,-10
32,63,0,-6
33,1,0,-10
33,2,0,-5
33,4,0,-3
33,5,0,5
33,6,0,-3
33,7,0,11
33,8,0,11
33,10,0,5
33,11,0,12
33,12,0,-16
33,13,0,4
33,14,0,-8
33,15,0,12
33,16,0,5
33,17,0,12
33,18,0,26
33,19,0,9
33,20,0,-16
33,21,0,-25
33,22,0,34
33,23,0,4
33,24,0,10
33,25,0,-15
33,26,0,-5
33,27,0,-22
33,28,0,-4
33,29,0,11
33,30,0,-21
33,32,0,-11
33,33,0,93
33,34,0,-2
33,35,0,17
33,36,0,23
33,37,0,-12
33,38,0,7
33,39,0,-13
33,40,0,8
33,41,0,7
33,42,0,-12
33,43,0,-6
33,44,0,-12
33,45,0,-1
33,46,0,-12
33,47,0,11
33,48,0,-1
33,49,0,-2
33,50,0,-6
33,51,0,-4
33,52,0,-9
33,53,0,12
33,54,0,-10
33,55,0,-11
33,56,0,-4
33,58,0,11
33,59,0,-8
33,60,0,-23
33,61,0,-5
33,62,0,-5
33,63,0,8
34,1,0,4
34,2,0,-1
34,3,0,-14
34,4,0,6
34,5,0,6
34,6,0,13
34,7,0,8
34,8,0,-4
34,9,0,-7
34,10,0,-6
34,11,0,3
34,12,0,6
34,13,0,-8
34,14,0,5
34,15,0,9
34,16,0,-13
34,17,0,4
34,18,0,-2
34,19,0,8
34,20,0,9
34,21,0,-9
34,22,0,4
34,23,0,-3
34,25,0,9
34,26,0,-7
34,27,0,-8
34,28,0,3
34,29,0,-1
34,30,0,29
34,31,0,8
34,32,0,14
34,33,0,-2
34,34,0,89
34,35,0,2
34,36,0,-11
34,37,0,8
34,38,0,-3
34,39,0,-5
34,40,0,3
34,41,0,-24
34,43,0,-8
34,44,0,30
34,45,0,2
34,46,0,14
34,47,0,1
34,48,0,-9
34,49,0,13
34,50,0,17
34,51,0,18
34,52,0,15
34,53,0,-1
34,54,0,-22
34,55,0,3
34,56,0,2
34,57,0,21
34,58,0,15
34,59,0,7
34,60,0,15
34,61,0,5
34,62,0,-2
34,63,0,5
35,1,0,-11
35,2,0,4
35,3,0,3
35,4,0,-3
35,5,0,14
35,6,0,-14
35,7,0,-2
35,8,0,-2
35,9,0,-2
35,10,0,-14
35,11,0,24
35,12,0,-29
35,14,0,-1
35,15,0,5
35,16,0,-8
35,17,0,8
35,18,0,-15
35,19,0,-2
35,20,0,1
35,22,0,12
35,23,0,11
35,24,0,-3
35,25,0,-26
35,26,0,-4
35,27,0,-9
35,28,0,-3
35,29,0,10
35,30,0,-7
35,31,0,-3
35,32,0,-8
35,33,0,17
35,34,0,2
35,35,0,115
35,36,0,-6
35,37,0,-9
35,38,0,3
35,39,0,-18
35,40,0,-15
35,41,0,2
35,42,0,-10
35,43,0,-20
35,44,0,18
35,45,0,13
35,46,0,16
35,47,0,-20
35,48,0,12
35,49,0,-12
35,50,0,31
35,51,0,-24
35,52,0,19
35,53,0,-7
35,54,0,-11
35,55,0,38
35,56,0,8
35,57,0,7
35,58,0,7
35,59,0,-3
35,60,0,-6
35,61,0,22
35,62,0,-16
35,63,0,9
36,1,0,-7
36,2,0,-2
36,3,0,-7
36,4,0,-7
36,5,0,22
36,6,0,-13
36,8,0,23
36,9,0,13
36,10,0,3
36,11,0,3
36,12,0,3
36,13,0,10
36,14,0,-2
36,15,0,-10
36,16,0,24
36,17,0,7
36,18,0,10
36,19,0,-9
36,20,0,-17
36,21,0,-5
36,22,0,25
36,23,0,5
36,24,0,21
36,25,0,-6
36,26,0,1
36,27,0,-6
36,28,0,-12
36,29,0,13
36,30,0,21
36,31,0,1
36,32,0,9
36,33,0,23
36,34,0,-11
36,35,0,-6
36,36,0,84
36,37,0,11
36,38,0,11
36,39,0,-2
36,40,0,-4
36,41,0,2
36,42,0,10
36,43,0,12
36,44,0,-10
36,45,0,3
36,46,0,-6
36,47,0,-1
36,48,0,1
36,49,0,7
36,50,0,5
36,51,0,-2
36,52,0,-13
36,53,0,4
36,54,0,-6
36,55,0,-12
36,56,0,11
36,57,0,3
36,58,0,-3
36,59,0,2
36,60,0,-5
36,61,0,-2
36,62,0,8
36,63,0,-1
37,1,0,2
37,2,0,-17
37,3,0,-7
37,4,0,-5
37,5,0,7
37,6,0,4
37,7,0,-11
37,8,0,8
37,9,0,-8
37,10,0,-7
37,11,0,-10
37,12,0,-8
37,13,0,-2
37,14,0,-8
37,15,0,-2
37,16,0,3
37,17,0,8
37,18,0,-28
37,19,0,7
37,20,0,-11
37,21,0,1
37,22,0,-3
37,23,0,13
37,24,0,4
37,25,0,20
37,26,0,16
37,27,0,5
37,28,0,3
37,29,0,-17
37,30,0,2
37,31,0,6
37,32,0,4
37,33,0,-12
37,34,0,8
37,35,0,-9
37,36,0,11
37,37,0,98
37,38,0,3
37,39,0,-7
37,40,0,3
37,41,0,-5
37,42,0,3
37,43,0,10
37,44,0,-6
37,45,0,26
37,46,0,-5
37,47,0,-14
37,48,0,10
37,49,0,2
37,50,0,4
37,51,0,11
37,52,0,-11
37,53,0,-3
37,54,0,21
37,55,0,4
37,56,0,-5
37,57,0,8
37,58,0,3
37,59,0,6
37,60,0,29
37,61,0,7
37,62,0,-2
37,63,0,-6
38,1,0,13
38,2,0,-8
38,3,0,-6
38,4,0,-1
38,5,0,3
38,6,0,6
38,7,0,1
38,8,0,-6
38,9,0,-11
38,10,0,-12
38,11,0,15
38,12,0,-14
38,13,0,-6
38,14,0,10
38,15,0,2
38,16,0,13
38,17,0,2
38,18,0,-9
38,20,0,9
38,21,0,3
38,22,0,5
38,23,0,14
38,24,0,3
38,25,0,-9
38,26,0,14
38,27,0,-8
38,28,0,-4
38,29,0,9
38,30,0,-6
38,31,0,4
38,32,0,25
38,33,0,7
38,34,0,-3
38,35,0,3
38,36,0,11
38,37,0,3
38,38,0,60
38,39,0,3
38,40,0,-6
38,41,0,-1
38,42,0,-3
38,43,0,-2
38,44,0,2
38,45,0,8
38,46,0,-23
38,47,0,12
38,48,0,4
38,49,0,2
38,50,0,16
38,51,0,-8
38,52,0,10
38,53,0,15
38,54,0,-4
38,55,0,4
38,56,0,3
38,57,0,13
38,58,0,12
38,59,0,-10
38,60,0,-18
38,61,0,1
38,62,0,-3
38,63,0,3
39,1,0,-3
39,2,0,25
39,3,0,-5
39,4,0,-6
39,5,0,-7
39,6,0,-3
39,7,0,8
39,8,0,-19
39,9,0,-1
39,10,0,11
39,11,0,-6
39,12,0,15
39,13,0,1
39,14,0,1
39,15,0,2
39,16,0,-4
39,17,0,-6
39,18,0,-1
39,19,0,1
39,20,0,-11
39,21,0,18
39,22,0,-13
39,23,0,-9
39,24,0,10
39,25,0,8
39,26,0,-15
39,27,0,7
39,28,0,7
39,29,0,11
39,30,0,3
39,31,0,2
39,32,0,11
39,33,0,-13
39,34,0,-5
39,35,0,-18
39,36,0,-2
39,37,0,-7
39,38,0,3
39,39,0,69
39,40,0,-18
39,41,0,8
39,42,0,10
39,43,0,6
39,44,0,-3
39,45,0,-19
39,46,0,-6
39,47,0,-7
39,48,0,-14
39,49,0,11
39,50,0,-7
39,51,0,-3
39,52,0,-12
39,53,0,6
39,54,0,19
39,55,0,-8
39,56,0,9
39,59,0,-4
39,60,0,-10
39,61,0,5
39,62,0,2
39,63,0,19
40,1,0,-7
40,2,0,-2
40,3,0,1
40,4,0,-11
40,5,0,-3
40,6,0,9
40,7,0,6
40,8,0,4
40,9,0,-6
40,10,0,-5
40,11,0,13
40,12,0,-16
40,13,0,-24
40,14,0,-1
40,15,0,3
40,16,0,11
40,17,0,11
40,18,0,-4
40,19,0,-8
40,20,0,1
40,21,0,-9
40,22,0,-1
40,23,0,-24
40,24,0,-7
40,25,0,4
40,26,0,20
40,27,0,-3
40,28,0,29
40,30,0,-4
40,31,0,-9
40,32,0,-2
40,33,0,8
40,34,0,3
40,35,0,-15
40,36,0,-4
40,37,0,3
40,38,0,-6
40,39,0,-18
40,40,0,103
40,41,0,-4
40,42,0,-2
40,43,0,18
40,44,0,-9
40,45,0,-1
40,46,0,2
40,47,0,-14
40,48,0,-7
40,49,0,-7
40,50,0,-1
40,51,0,1
40,52,0,7
40,53,0,-26
40,54,0,-1
40,55,0,-21
40,56,0,3
40,57,0,5
40,58,0,-10
40,59,0,5
40,60,0,12
40,61,0,-26
40,62,0,27
40,63,0,1
41,1,0,7
41,2,0,12
41,3,0,-11
41,4,0,1
41,5,0,21
41,6,0,-5
41,7,0,1
41,8,0,13
41,9,0,-13
41,10,0,-3
41,11,0,10
41,12,0,-9
41,13,0,6
41,14,0,-2
41,15,0,-4
41,16,0,-11
41,17,0,2
41,19,0,-3
41,21,0,10
41,22,0,-13
41,23,0,-5
41,24,0,25
41,25,0,5
41,26,0,-9
41,27,0,6
41,28,0,-14
41,29,0,-4
41,30,0,-1
41,31,0,-22
41,32,0,-2
41,33,0,7
41,34,0,-24
41,35,0,2
41,36,0,2
41,37,0,-5
41,38,0,-1
41,39,0,8
41,40,0,-4
41,41,0,111
41,42,0,-1
41,43,0,-3
41,44,0,-19
41,45,0,6
41,46,0,-16
41,47,0,10
41,49,0,-5
41,50,0,17
41,51,0,9
41,52,0,16
41,53,0,13
41,54,0,-4
41,55,0,2
41,56,0,4
41,57,0,-21
41,58,0,26
41,59,0,12
41,60,0,-4
41,61,0,3
41,62,0,19
41,63,0,8
42,1,0,-23
42,2,0,5
42,3,0,-19
42,4,0,-19
42,5,0,6
42,6,0,7
42,7,0,14
42,8,0,-17
42,9,0,18
42,10,0,-4
42,11,0,10
42,12,0,15
42,13,0,22
42,14,0,-2
42,15,0,-10
42,16,0,27
42,17,0,15
42,18,0,17
42,19,0,-4
42,20,0,-3
42,21,0,6
42,22,0,-16
42,23,0,8
42,24,0,-13
42,25,0,13
42,26,0,-17
42,27,0,25
42,28,0,-20
42,29,0,-23
42,30,0,7
42,31,0,-13
42,32,0,13
42,33,0,-12
42,35,0,-10
42,36,0,10
42,37,0,3
42,38,0,-3
42,39,0,10
42,40,0,-2
42,41,0,-1
42,42,0,98
42,43,0,-3
42,44,0,12
42,45,0,-2
42,46,0,-8
42,47,0,12
42,48,0,19
42,49,0,-6
42,50,0,10
42,51,0,3
42,52,0,-15
42,53,0,-36
42,54,0,9
42,55,0,3
42,56,0,-4
42,57,0,-3
42,58,0,13
42,59,0,5
42,60,0,3
42,61,0,15
42,62,0,-10
42,63,0,10
43,1,0,-2
43,2,0,-1
43,3,0,-9
43,5,0,-28
43,6,0,-28
43,7,0,-1
43,8,0,-3
43,9,0,-5
43,10,0,-8
43,11,0,-20
43,12,0,-8
43,13,0,15
43,14,0,8
43,15,0,-17
43,16,0,16
43,17,0,4
43,18,0,22
43,19,0,7
43,20,0,-8
43,21,0,21
43,22,0,-8
43,23,0,-17
43,24,0,-6
43,25,0,8
43,26,0,11
43,27,0,-6
43,28,0,3
43,29,0,-1
43,30,0,22
43,31,0,-13
43,32,0,-16
43,33,0,-6
43,34,0,-8
43,35,0,-20
43,36,0,12
43,37,0,10
43,38,0,-2
43,39,0,6
43,40,0,18
43,41,0,-3
43,42,0,-3
43,43,0,90
43,44,0,-14
43,45,0,-11
43,46,0,7
43,47,0,-18
43,48,0,1
43,49,0,7
43,50,0,-29
43,51,0,7
43,52,0,-15
43,53,0,-5
43,55,0,-11
43,56,0,19
43,58,0,-3
43,59,0,-8
43,60,0,13
43,61,0,1
43,62,0,5
43,63,0,27
44,1,0,4
44,2,0,-4
44,3,0,-7
44,4,0,7
44,5,0,-6
44,6,0,1
44,7,0,6
44,8,0,-15
44,9,0,-1
44,10,0,1
44,11,0,-2
44,12,0,1
44,13,0,14
44,14,0,-8
44,15,0,-6
44,16,0,-8
44,17,0,5
44,18,0,-4
44,19,0,11
44,20,0,20
44,21,0,15
44,22,0,3
44,23,0,-7
44,24,0,3
44,25,0,-6
44,26,0,-2
44,27,0,-1
44,29,0,4
44,30,0,7
44,31,0,10
44,32,0,4
44,33,0,-12
44,34,0,30
44,35,0,18
44,36,0,-10
44,37,0,-6
44,38,0,2
44,39,0,-3
44,40,0,-9
44,41,0,-19
44,42,0,12
44,43,0,-14
44,44,0,92
44,45,0,9
44,46,0,12
44,47,0,-10
44,48,0,-7
44,49,0,6
44,50,0,8
44,51,0,-18
44,52,0,8
44,53,0,-15
44,54,0,-7
44,55,0,15
44,56,0,13
44,57,0,14
44,58,0,-10
44,59,0,-8
44,60,0,13
44,61,0,-8
44,62,0,-3
44,63,0,-8
45,1,0,12
45,2,0,12
45,3,0,4
45,4,0,10
45,5,0,19
45,6,0,1
45,8,0,-5
45,10,0,-1
45,11,0,24
45,12,0,16
45,13,0,-6
45,14,0,5
45,15,0,7
45,16,0,16
45,17,0,17
45,18,0,-4
45,19,0,12
45,20,0,-9
45,21,0,-2
45,22,0,-16
45,23,0,4
45,24,0,2
45,25,0,8
45,26,0,5
45,28,0,-15
45,29,0,14
45,30,0,-16
45,31,0,7
45,32,0,-7
45,33,0,-1
45,34,0,2
45,35,0,13
45,36,0,3
45,37,0,26
45,38,0,8
45,39,0,-19
45,40,0,-1
45,41,0,6
45,42,0,-2
45,43,0,-11
45,44,0,9
45,45,0,109
45,46,0,-8
45,47,0,2
45,48,0,15
45,49,0,4
45,50,0,22
45,51,0,5
45,52,0,-6
45,53,0,19
45,54,0,17
45,55,0,30
45,56,0,-2
45,57,0,-18
45,58,0,-12
45,59,0,16
45,60,0,2
45,61,0,5
45,62,0,4
45,63,0,1
46,1,0,-2
46,2,0,9
46,3,0,-3
46,4,0,-13
46,5,0,9
46,6,0,9
46,7,0,-5
46,8,0,1
46,9,0,14
46,10,0,-4
46,11,0,8
46,12,0,7
46,13,0,2
46,14,0,6
46,15,0,-3
46,16,0,-8
46,17,0,-12
46,18,0,9
46,19,0,5
46,20,0,12
46,21,0,1
46,22,0,-6
46,23,0,-9
46,24,0,-1
46,25,0,21
46,26,0,-7
46,27,0,7
46,28,0,-3
46,29,0,-2
46,30,0,21
46,31,0,10
46,32,0,-10
46,33,0,-12
46,34,0,14
46,35,0,16
46,36,0,-6
46,37,0,-5
46,38,0,-23
46,39,0,-6
46,40,0,2
46,41,0,-16
46,42,0,-8
46,43,0,7
46,44,0,12
46,45,0,-8
46,46,0,89
46,47,0,-8
46,48,0,-12
46,49,0,2
46,50,0,4
46,51,0,-22
46,52,0,6
46,53,0,-6
46,54,0,-5
46,55,0,20
46,56,0,13
46,57,0,-10
46,58,0,-7
46,59,0,12
46,60,0,6
46,61,0,-14
46,62,0,28
46,63,0,-21
47,2,0,8
47,3,0,7
47,4,0,-15
47,6,0,2
47,7,0,-1
47,8,0,-1
47,9,0,-3
47,10,0,11
47,11,0,10
47,12,0,4
47,13,0,-7
47,15,0,-2
47,16,0,-6
47,17,0,-5
47,18,0,18
47,19,0,2
47,20,0,17
47,21,0,-1
47,22,0,-23
47,23,0,5
47,24,0,4
47,25,0,-2
47,26,0,-27
47,27,0,18
47,28,0,-1
47,29,0,-3
47,30,0,12
47,31,0,-12
47,32,0,9
47,33,0,11
47,34,0,1
47,35,0,-20
47,36,0,-1
47,37,0,-14
47,38,0,12
47,39,0,-7
47,40,0,-14
47,41,0,10
47,42,0,12
47,43,0,-18
47,44,0,-10
47,45,0,2
47,46,0,-8
47,47,0,102
47,49,0,7
47,50,0,5
47,51,0,3
47,52,0,-4
47,53,0,6
47,54,0,-12
47,55,0,-14
47,56,0,19
47,57,0,-5
47,58,0,-7
47,59,0,12
47,60,0,-23
47,61,0,-24
47,62,0,-14
48,1,0,-14
48,2,0,9
48,3,0,-16
48,4,0,5
48,5,0,-4
48,6,0,-15
48,7,0,10
48,8,0,3
48,9,0,-4
48,10,0,-13
48,11,0,-26
48,12,0,-3
48,13,0,1
48,14,0,-7
48,15,0,-22
48,16,0,17
48,17,0,7
48,18,0,10
48,19,0,17
48,20,0,8
48,21,0,-2
48,22,0,-18
48,23,0,9
48,24,0,20
48,25,0,-6
48,26,0,9
48,27,0,7
48,28,0,-7
48,29,0,-9
48,30,0,-15
48,31,0,-8
48,32,0,4
48,33,0,-1
48,34,0,-9
48,35,0,12
48,36,0,1
48,37,0,10
48,38,0,4
48,39,0,-14
48,40,0,-7
48,42,0,19
48,43,0,1
48,44,0,-7
48,45,0,15
48,46,0,-12
48,48,0,97
48,49,0,-18
48,50,0,5
48,52,0,-10
48,53,0,-6
48,55,0,27
48,56,0,13
48,57,0,-7
48,58,0,2
48,59,0,-16
48,60,0,12
48,61,0,3
48,62,0,-4
48,63,0,1
49,1,0,-7
49,2,0,8
49,3,0,-9
49,4,0,-17
49,5,0,-19
49,6,0,3
49,7,0,9
49,8,0,-8
49,9,0,4
49,10,0,-8
49,11,0,-28
49,12,0,34
49,13,0,13
49,14,0,-12
49,15,0,-7
49,16,0,-1
49,17,0,-17
49,18,0,-8
49,19,0,10
49,20,0,6
49,21,0,15
49,22,0,6
49,23,0,4
49,24,0,-8
49,25,0,-12
49,26,0,-9
49,27,0,-5
49,28,0,1
49,29,0,8
49,30,0,7
49,31,0,12
49,32,0,-4
49,33,0,-2
49,34,0,13
49,35,0,-12
49,36,0,7
49,37,0,2
49,38,0,2
49,39,0,11
49,40,0,-7
49,41,0,-5
49,42,0,-6
49,43,0,7
49,44,0,6
49,45,0,4
49,46,0,2
49,47,0,7
49,48,0,-18
49,49,0,98
49,51,0,1
49,52,0,-8
49,53,0,25
49,54,0,13
49,55,0,-24
49,56,0,18
49,57,0,7
49,58,0,-9
49,59,0,-2
49,60,0,-20
49,61,0,6
49,62,0,2
49,63,0,11
50,2,0,15
50,3,0,-18
50,4,0,21
50,5,0,39
50,6,0,14
50,7,0,-16
50,8,0,2
50,9,0,1
50,10,0,-13
50,11,0,18
50,12,0,-9
50,13,0,-21
50,14,0,6
50,15,0,-10
50,16,0,3
50,17,0,2
50,18,0,-24
50,19,0,-1
50,20,0,-1
50,21,0,-15
50,22,0,-9
50,23,0,-4
50,24,0,6
50,25,0,-8
50,26,0,6
50,28,0,-13
50,29,0,1
50,30,0,14
50,31,0,-6
50,32,0,42
50,33,0,-6
50,34,0,17
50,35,0,31
50,36,0,5
50,37,0,4
50,38,0,16
50,39,0,-7
50,40,0,-1
50,41,0,17
50,42,0,10
50,43,0,-29
50,44,0,8
50,45,0,22
50,46,0,4
50,47,0,5
50,48,0,5
50,50,0,114
50,51,0,-21
50,52,0,1
50,53,0,-12
50,54,0,-1
50,55,0,14
50,56,0,-3
50,57,0,12
50,58,0,13
50,59,0,3
50,60,0,-5
50,61,0,12
50,62,0,9
50,63,0,-35
51,1,0,-13
51,2,0,7
51,3,0,-9
51,4,0,1
51,5,0,21
51,6,0,10
51,7,0,-7
51,8,0,38
51,9,0,-10
51,10,0,-3
51,11,0,-16
51,12,0,8
51,13,0,-2
51,14,0,2
51,15,0,-3
51,16,0,-10
51,17,0,15
51,18,0,19
51,19,0,-6
51,20,0,-10
51,21,0,-13
51,22,0,2
51,23,0,-8
51,24,0,-10
51,25,0,7
51,26,0,-7
51,27,0,5
51,28,0,1
51,29,0,-24
51,30,0,9
51,31,0,-4
51,32,0,2
51,33,0,-4
51,34,0,18
51,35,0,-24
51,36,0,-2
51,37,0,11
51,38,0,-8
51,39,0,-3
51,40,0,1
51,41,0,9
51,42,0,3
51,43,0,7
51,44,0,-18
51,45,0,5
51,46,0,-22
51,47,0,3
51,49,0,1
51,50,0,-21
51,51,0,95
51,52,0,-5
51,53,0,-3
51,54,0,-6
51,55,0,-10
51,56,0,1
51,57,0,-3
51,58,0,12
51,59,0,2
51,60,0,24
51,61,0,18
51,62,0,-7
51,63,0,2
52,1,0,15
52,2,0,-21
52,3,0,-1
52,4,0,14
52,5,0,12
52,6,0,10
52,8,0,1
52,9,0,-7
52,10,0,-5
52,11,0,26
52,12,0,-13
52,13,0,-20
52,14,0,-1
52,15,0,19
52,16,0,-1
52,17,0,-6
52,18,0,-7
52,19,0,9
52,20,0,19
52,21,0,-6
52,22,0,12
52,23,0,11
52,24,0,3
52,25,0,5
52,26,0,14
52,27,0,-11
52,28,0,20
52,29,0,-6
52,30,0,5
52,31,0,-9
52,32,0,9
52,33,0,-9
52,34,0,15
52,35,0,19
52,36,0,-13
52,37,0,-11
52,38,0,10
52,39,0,-12
52,40,0,7
52,41,0,16
52,42,0,-15
52,43,0,-15
52,44,0,8
52,45,0,-6
52,46,0,6
52,47,0,-4
52,48,0,-10
52,49,0,-8
52,50,0,1
52,51,0,-5
52,52,0,95
52,53,0,-3
52,54,0,-31
52,55,0,12
52,56,0,-4
52,58,0,2
52,59,0,3
52,60,0,6
52,61,0,5
52,62,0,-4
52,63,0,9
53,1,0,13
53,2,0,10
53,3,0,-4
53,4,0,8
53,5,0,2
53,6,0,-5
53,7,0,4
53,8,0,8
53,9,0,-9
53,10,0,4
53,11,0,-2
53,12,0,21
53,13,0,1
53,14,0,14
53,15,0,-3
53,17,0,-4
53,18,0,9
53,19,0,4
53,20,0,8
53,21,0,-18
53,22,0,-5
53,23,0,16
53,24,0,19
53,25,0,-6
53,27,0,-8
53,28,0,-4
53,29,0,5
53,30,0,-18
53,31,0,7
53,32,0,3
53,33,0,12
53,34,0,-1
53,35,0,-7
53,36,0,4
53,37,0,-3
53,38,0,15
53,39,0,6
53,40,0,-26
53,41,0,13
53,42,0,-36
53,43,0,-5
53,44,0,-15
53,45,0,19
53,46,0,-6
53,47,0,6
53,48,0,-6
53,49,0,25
53,50,0,-12
53,51,0,-3
53,52,0,-3
53,53,0,103
53,54,0,17
53,55,0,10
53,56,0,15
53,57,0,2
53,58,0,17
53,59,0,10
53,60,0,-19
53,61,0,8
53,62,0,16
53,63,0,-7
54,1,0,-18
54,2,0,5
54,3,0,-17
54,4,0,12
54,5,0,1
54,6,0,-2
54,7,0,4
54,8,0,-3
54,9,0,11
54,10,0,12
54,11,0,-11
54,12,0,30
54,13,0,2
54,14,0,3
54,15,0,-34
54,16,0,-6
54,17,0,15
54,18,0,-23
54,19,0,-10
54,20,0,-23
54,21,0,15
54,22,0,-5
54,23,0,15
54,24,0,-7
54,25,0,-5
54,26,0,-26
54,27,0,18
54,28,0,14
54,29,0,17
54,30,0,-23
54,31,0,13
54,32,0,3
54,33,0,-10
54,34,0,-22
54,35,0,-11
54,36,0,-6
54,37,0,21
54,38,0,-4
54,39,0,19
54,40,0,-1
54,41,0,-4
54,42,0,9
54,44,0,-7
54,45,0,17
54,46,0,-5
54,47,0,-12
54,49,0,13
54,50,0,-1
54,51,0,-6
54,52,0,-31
54,53,0,17
54,54,0,110
54,55,0,4
54,56,0,-13
54,57,0,-21
54,58,0,-5
54,59,0,-4
54,60,0,3
54,61,0,-6
54,62,0,-8
54,63,0,-15
55,1,0,11
55,2,0,8
55,3,0,-8
55,4,0,9
55,5,0,14
55,6,0,-11
55,7,0,-5
55,8,0,-10
55,9,0,1
55,11,0,17
55,12,0,-2
55,13,0,17
55,14,0,-1
55,15,0,1
55,16,0,1
55,17,0,-3
55,18,0,5
55,20,0,6
55,21,0,4
55,22,0,-9
55,23,0,1
55,24,0,-7
55,25,0,7
55,26,0,7
55,27,0,5
55,28,0,-19
55,29,0,-10
55,30,0,-10
55,31,0,18
55,32,0,-5
55,33,0,-11
55,34,0,3
55,35,0,38
55,36,0,-12
55,37,0,4
55,38,0,4
55,39,0,-8
55,40,0,-21
55,41,0,2
55,42,0,3
55,43,0,-11
55,44,0,15
55,45,0,30
55,46,0,20
55,47,0,-14
55,48,0,27
55,49,0,-24
55,50,0,14
55,51,0,-10
55,52,0,12
55,53,0,10
55,54,0,4
55,55,0,90
55,56,0,-4
55,57,0,-8
55,58,0,6
55,59,0,8
55,60,0,6
55,61,0,18
55,62,0,12
55,63,0,-10
56,1,0,-17
56,2,0,35
56,3,0,-7
56,4,0,-3
56,5,0,-16
56,6,0,-12
56,7,0,-10
56,8,0,11
56,9,0,-18
56,10,0,-3
56,11,0,-11
56,12,0,12
56,13,0,17
56,14,0,-17
56,15,0,-10
56,16,0,13
56,17,0,-14
56,18,0,6
56,19,0,19
56,21,0,-8
56,22,0,-24
56,23,0,-2
56,24,0,21
56,25,0,-27
56,26,0,-4
56,27,0,-5
56,28,0,1
56,29,0,6
56,30,0,16
56,31,0,9
56,32,0,-4
56,33,0,-4
56,34,0,2
56,35,0,8
56,36,0,11
56,37,0,-5
56,38,0,3
56,39,0,9
56,40,0,3
56,41,0,4
56,42,0,-4
56,43,0,19
56,44,0,13
56,45,0,-2
56,46,0,13
56,47,0,19
56,48,0,13
56,49,0,18
56,50,0,-3
56,51,0,1
56,52,0,-4
56,53,0,15
56,54,0,-13
56,55,0,-4
56,56,0,104
56,57,0,7
56,58,0,-2
56,59,0,-10
56,60,0,3
56,61,0,-17
56,62,0,7
56,63,0,21
57,1,0,-11
57,2,0,-8
57,3,0,-2
57,4,0,12
57,5,0,-3
57,6,0,16
57,7,0,16
57,8,0,-2
57,9,0,3
57,10,0,1
57,11,0,1
57,12,0,-19
57,13,0,6
57,14,0,9
57,15,0,7
57,16,0,12
57,17,0,9
57,18,0,-9
57,19,0,4
57,20,0,-6
57,21,0,-12
57,22,0,-6
57,23,0,-7
57,24,0,-5
57,25,0,-28
57,26,0,7
57,27,0,-6
57,28,0,1
57,29,0,-21
57,30,0,3
57,31,0,-15
57,32,0,17
57,34,0,21
57,35,0,7
57,36,0,3
57,37,0,8
57,38,0,13
57,40,0,5
57,41,0,-21
57,42,0,-3
57,44,0,14
57,45,0,-18
57,46,0,-10
57,47,0,-5
57,48,0,-7
57,49,0,7
57,50,0,12
57,51,0,-3
57,53,0,2
57,54,0,-21
57,55,0,-8
57,56,0,7
57,57,0,83
57,58,0,1
57,59,0,-1
57,60,0,-7
57,61,0,8
57,62,0,11
57,63,0,8
58,1,0,8
58,2,0,1
58,3,0,-19
58,4,0,-9
58,5,0,7
58,6,0,3
58,7,0,-1
58,8,0,6
58,10,0,-22
58,11,0,20
58,13,0,14
58,14,0,17
58,15,0,-8
58,16,0,-3
58,17,0,-2
58,18,0,4
58,19,0,-9
58,20,0,-7
58,22,0,7
58,23,0,9
58,24,0,-9
58,25,0,-6
58,26,0,13
58,27,0,-11
58,28,0,-8
58,29,0,-4
58,30,0,14
58,31,0,-5
58,32,0,-6
58,33,0,11
58,34,0,15
58,35,0,7
58,36,0,-3
58,37,0,3
58,38,0,12
58,40,0,-10
58,41,0,26
58,42,0,13
58,43,0,-3
58,44,0,-10
58,45,0,-12
58,46,0,-7
58,47,0,-7
58,48,0,2
58,49,0,-9
58,50,0,13
58,51,0,12
58,52,0,2
58,53,0,17
58,54,0,-5
58,55,0,6
58,56,0,-2
58,57,0,1
58,58,0,88
58,59,0,9
58,60,0,-11
58,61,0,14
58,62,0,16
58,63,0,-8
59,1,0,18
59,2,0,1
59,3,0,-3
59,4,0,9
59,5,0,8
59,6,0,-7
59,7,0,-4
59,8,0,17
59,9,0,12
59,10,0,-8
59,11,0,25
59,12,0,18
59,13,0,-15
59,14,0,-10
59,15,0,10
59,16,0,-9
59,17,0,-4
59,18,0,8
59,19,0,-21
59,20,0,-4
59,21,0,6
59,22,0,-6
59,23,0,2
59,24,0,-3
59,25,0,24
59,26,0,11
59,27,0,12
59,28,0,-11
59,29,0,-6
59,30,0,-5
59,32,0,-3
59,33,0,-8
59,34,0,7
59,35,0,-3
59,36,0,2
59,37,0,6
59,38,0,-10
59,39,0,-4
59,40,0,5
59,41,0,12
59,42,0,5
59,43,0,-8
59,44,0,-8
59,45,0,16
59,46,0,12
59,47,0,12
59,48,0,-16
59,49,0,-2
59,50,0,3
59,51,0,2
59,52,0,3
59,53,0,10
59,54,0,-4
59,55,0,8
59,56,0,-10
59,57,0,-1
59,58,0,9
59,59,0,82
59,60,0,-29
59,61,0,8
59,62,0,10
59,63,0,-1
60,1,0,-7
60,2,0,2
60,3,0,-9
60,4,0,10
60,5,0,2
60,6,0,-2
60,7,0,-22
60,8,0,24
60,9,0,-22
60,10,0,17
60,11,0,-7
60,12,0,-6
60,13,0,1
60,14,0,2
60,15,0,-7
60,16,0,7
60,17,0,14
60,18,0,7
60,19,0,13
60,20,0,1
60,21,0,15
60,22,0,-18
60,23,0,-3
60,24,0,5
60,25,0,2
60,26,0,-3
60,27,0,10
60,28,0,16
60,29,0,-26
60,30,0,14
60,31,0,-15
60,32,0,7
60,33,0,-23
60,34,0,15
60,35,0,-6
60,36,0,-5
60,37,0,29
60,38,0,-18
60,39,0,-10
60,40,0,12
60,41,0,-4
60,42,0,3
60,43,0,13
60,44,0,13
60,45,0,2
60,46,0,6
60,47,0,-23
60,48,0,12
60,49,0,-20
60,50,0,-5
60,51,0,24
60,52,0,6
60,53,0,-19
60,54,0,3
60,55,0,6
60,56,0,3
60,57,0,-7
60,58,0,-11
60,59,0,-29
60,60,0,101
60,61,0,1
60,62,0,-13
60,63,0,-1
61,1,0,-13
61,2,0,14
61,3,0,-13
61,4,0,2
61,5,0,6
61,6,0,7
61,7,0,-13
61,8,0,5
61,9,0,-4
61,10,0,-8
61,11,0,21
61,12,0,22
61,13,0,-2
61,14,0,14
61,15,0,9
61,16,0,11
61,17,0,-2
61,18,0,-8
61,19,0,-8
61,20,0,-12
61,21,0,2
61,22,0,-7
61,23,0,-5
61,24,0,-22
61,25,0,-5
61,26,0,7
61,27,0,16
61,28,0,-29
61,29,0,-21
61,30,0,-15
61,31,0,-3
61,32,0,-8
61,33,0,-5
61,34,0,5
61,35,0,22
61,36,0,-2
61,37,0,7
61,38,0,1
61,39,0,5
61,40,0,-26
61,41,0,3
61,42,0,15
61,43,0,1
61,44,0,-8
61,45,0,5
61,46,0,-14
61,47,0,-24
61,48,0,3
61,49,0,6
61,50,0,12
61,51,0,18
61,52,0,5
61,53,0,8
61,54,0,-6
61,55,0,18
61,56,0,-17
61,57,0,8
61,58,0,14
61,59,0,8
61,60,0,1
61,61,0,92
61,62,0,2
61,63,0,1
62,1,0,2
62,2,0,9
62,3,0,-9
62,4,0,-23
62,5,0,15
62,6,0,17
62,7,0,8
62,8,0,-5
62,9,0,10
62,10,0,-1
62,11,0,16
62,12,0,2
62,13,0,5
62,14,0,10
62,15,0,5
62,16,0,1
62,17,0,-4
62,18,0,-4
62,19,0,8
62,20,0,-2
62,21,0,3
62,22,0,-8
62,23,0,-17
62,24,0,2
62,25,0,-1
62,26,0,18
62,27,0,-11
62,28,0,-9
62,29,0,-6
62,30,0,13
62,31,0,-1
62,32,0,-10
62,33,0,-5
62,34,0,-2
62,35,0,-16
62,36,0,8
62,37,0,-2
62,38,0,-3
62,39,0,2
62,40,0,27
62,41,0,19
62,42,0,-10
62,43,0,5
62,44,0,-3
62,45,0,4
62,46,0,28
62,47,0,-14
62,48,0,-4
62,49,0,2
62,50,0,9
62,51,0,-7
62,52,0,-4
62,53,0,16
62,54,0,-8
62,55,0,12
62,56,0,7
62,57,0,11
62,58,0,16
62,59,0,10
62,60,0,-13
62,61,0,2
62,62,0,93
62,63,0,-21
63,1,0,-3
63,2,0,7
63,3,0,9
63,4,0,-6
63,5,0,-19
63,6,0,-12
63,7,0,21
63,8,0,-16
63,9,0,-6
63,10,0,6
63,12,0,2
63,13,0,2
63,14,0,-5
63,15,0,18
63,16,0,17
63,17,0,2
63,18,0,3
63,19,0,5
63,20,0,-11
63,21,0,13
63,23,0,6
63,24,0,13
63,25,0,-5
63,26,0,-6
63,27,0,-6
63,28,0,3
63,29,0,8
63,30,0,-6
63,31,0,-6
63,32,0,-6
63,33,0,8
63,34,0,5
63,35,0,9
63,36,0,-1
63,37,0,-6
63,38,0,3
63,39,0,19
63,40,0,1
63,41,0,8
63,42,0,10
63,43,0,27
63,44,0,-8
63,45,0,1
63,46,0,-21
63,48,0,1
63,49,0,11
63,50,0,-35
63,51,0,2
63,52,0,9
63,53,0,-7
63,54,0,-15
63,55,0,-10
63,56,0,21
63,57,0,8
63,58,0,-8
63,59,0,-1
63,60,0,-1
63,61,0,1
63,62,0,-21
63,63,0,83
64,1,0,-1
65,1,0,-1
66,1,0,-1
67,1,0,-1
68,1,0,-1
69,1,0,-1
70,1,0,-1
71,1,0,-1
72,1,0,-1
73,1,0,-1
74,1,0,-1
75,1,0,-1
76,1,0,-1
77,1,0,-1
78,1,0,-1
79,1,0,-1
80,1,0,-1
81,1,0,-1
82,1,0,-1
83,1,0,-1
84,1,0,-1
85,1,0,-1
86,1,0,-1
87,1,0,-1
88,1,0,-1
89,1,0,-1
90,1,0,-1
91,1,0,-1
92,1,0,-1
93,1,0,-1
94,1,0,-1
95,1,0,-1
96,1,0,-1
97,1,0,-1
98,1,0,-1
99,1,0,-1
100,1,0,-1
101,1,0,-1
102,1,0,-1
103,1,0,-1
104,1,0,-1
105,1,0,-1
106,1,0,-1
107,1,0,-1
108,1,0,-1
109,1,0,-1
110,1,0,-1
111,1,0,-1
112,1,0,-1
113,1,0,-1
114,1,0,-1
115,1,0,-1
116,1,0,-1
117,1,0,-1
118,1,0,-1
119,1,0,-1
120,1,0,-1
121,1,0,-1
122,1,0,-1
123,1,0,-1
124,1,0,-1
125,1,0,-1
126,1,0,-1
127,1,0,-1
128,1,0,-1
129,1,0,-1
130,1,0,-1
131,1,0,-1
132,1,0,-1
133,1,0,-1
134,1,0,-1
135,1,0,-1
136,1,0,-1
137,1,0,-1
137,137,0,5
137,137,1,1
138,2,0,-1
138,138,0,1
138,138,1,1
139,3,0,-1
139,139,0,5
140,4,0,-1
140,140,0,2
140,140,1,-1
141,5,0,-1
141,141,0,3
141,141,1,2
142,6,0,-1
142,142,0,1
142,142,1,1
143,7,0,-1
143,143,0,2
144,8,0,-1
144,144,0,4
145,9,0,-1
145,145,0,5
145,145,1,2
146,10,0,-1
146,146,0,2
146,146,1,1
147,11,0,-1
147,147,0,2
147,147,1,-2
148,12,0,-1
148,148,0,4
148,148,1,1
149,13,0,-1
149,149,0,5
149,149,1,-4
150,14,0,-1
150,150,0,2
150,150,1,-1

q_data
1,0,47
2,0,-568
3,0,176
4,0,-526
4,1,-79
5,0,-1236
6,0,-578
7,0,-481
8,0,-628
9,0,-641
10,0,-295
11,0,-518
11,1,-60
12,0,-694
12,1,-330
13,0,-298
14,0,-440
14,1,214
15,0,-132
16,0,-968
17,0,-668
17,1,276
18,0,-461
18,1,88
19,0,-328
20,0,365
20,1,-263
21,0,466
22,0,-556
22,1,539
23,0,-752
24,0,-870
24,1,-211
25,0,60
25,1,-20
26,0,-602
27,0,-109
27,1,-75
28,0,430
28,1,-17
29,0,-622
30,0,-909
31,0,142
31,1,118
32,0,-684
32,1,-635
33,0,-165
33,1,-144
34,0,-762
34,1,-680
35,0,-356
36,0,-980
37,0,-739
37,1,-186
38,0,-283
39,0,152
39,1,21
40,0,-167
41,0,106
41,1,80
42,0,-481
43,0,-331
44,0,-308
45,0,-852
46,0,-428
47,0,548
47,1,-443
48,0,-470
49,0,-58
50,0,-620
51,0,-256
51,1,52
52,0,-193
53,0,-189
53,1,51
54,0,-93
55,0,-712
56,0,-450
56,1,373
57,0,-293
58,0,-411
59,0,-44
60,0,-637
61,0,-373
62,0,-514
63,0,-190
70,0,5
70,1,-5
76,0,2
80,0,5
80,1,-2
95,0,1
103,0,3
104,0,3
110,0,1
113,0,2
125,0,5
125,1,2
126,0,1
137,0,-15
138,0,5
139,0,-19
139,1,-19
140,0,-8
141,0,5
142,0,3
143,0,-3
144,0,-13
145,0,-15
146,0,-4
147,0,-4
148,0,-17
148,1,-11
149,0,-1

Param_Space
1,1,-1
2,1,1

Param_Space_RHS
0
1

END
