LCP


h
125

k
1

M_data
1,1,0,91
1,2,0,-7
1,3,0,-7
1,4,0,17
1,5,0,-10
1,6,0,-10
1,7,0,12
1,8,0,11
1,9,0,-2
1,10,0,-4
1,11,0,5
1,12,0,8
1,13,0,-8
1,14,0,18
1,15,0,-3
1,16,0,-14
1,17,0,-9
1,18,0,-9
1,19,0,10
1,20,0,-27
1,21,0,23
1,22,0,3
1,23,0,10
1,24,0,18
1,25,0,12
1,26,0,-1
1,27,0,-2
1,28,0,-11
1,29,0,-10
1,30,0,14
1,31,0,10
1,32,0,-10
1,33,0,-9
1,34,0,-20
1,35,0,-9
1,36,0,-19
1,37,0,-3
1,38,0,19
1,39,0,19
1,40,0,-10
1,41,0,-1
1,42,0,-34
1,43,0,7
1,44,0,-2
1,45,0,17
1,46,0,11
1,47,0,-15
1,48,0,-14
1,49,0,4
1,50,0,-9
1,51,0,-23
1,52,0,-6
1,53,0,10
1,54,0,12
1,55,0,10
1,56,0,-3
1,57,0,-1
1,58,0,-7
1,59,0,-25
1,60,0,1
1,61,0,1
1,62,0,1
1,63,0,1
1,64,0,1
1,65,0,1
1,66,0,1
1,67,0,1
1,68,0,1
1,69,0,1
1,70,0,1
1,71,0,1
1,72,0,1
1,73,0,1
2,1,0,-7
2,2,0,85
2,3,0,9
2,4,0,7
2,5,0,-8
2,6,0,2
2,7,0,17
2,8,0,8
2,9,0,-5
2,10,0,28
2,11,0,11
2,12,0,-9
2,13,0,7
2,14,0,31
2,16,0,6
2,17,0,3
2,18,0,6
2,19,0,9
2,20,0,-19
2,21,0,13
2,22,0,27
2,23,0,8
2,24,0,-12
2,25,0,-17
2,26,0,2
2,27,0,-6
2,28,0,2
2,29,0,-2
2,30,0,-4
2,31,0,2
2,32,0,-7
2,33,0,-12
2,34,0,14
2,35,0,-5
2,36,0,-8
2,37,0,-8
2,38,0,12
2,39,0,1
2,40,0,-1
2,41,0,6
2,42,0,10
2,43,0,11
2,44,0,-6
2,45,0,12
2,46,0,17
2,47,0,1
2,48,0,6
2,49,0,10
2,50,0,22
2,51,0,-4
2,52,0,2
2,53,0,3
2,54,0,13
2,55,0,-6
2,56,0,11
2,57,0,-4
2,58,0,15
2,59,0,-7
2,74,0,1
3,1,0,-7
3,2,0,9
3,3,0,81
3,4,0,-3
3,5,0,-12
3,6,0,1
3,7,0,7
3,8,0,-2
3,9,0,18
3,10,0,16
3,11,0,6
3,12,0,15
3,13,0,18
3,14,0,-3
3,15,0,12
3,16,0,-7
3,17,0,13
3,18,0,10
3,19,0,-10
3,20,0,-12
3,21,0,5
3,22,0,-7
3,23,0,17
3,24,0,-30
3,25,0,-7
3,26,0,-17
3,27,0,1
3,28,0,2
3,29,0,20
3,30,0,-27
3,31,0,-9
3,32,0,14
3,33,0,8
3,34,0,5
3,35,0,10
3,36,0,-2
3,37,0,9
3,38,0,10
3,39,0,-19
3,40,0,-7
3,41,0,11
3,42,0,11
3,43,0,19
3,44,0,-19
3,45,0,4
3,46,0,5
3,47,0,10
3,48,0,-20
3,49,0,11
3,50,0,11
3,51,0,9
3,52,0,-3
3,53,0,-1
3,54,0,-1
3,55,0,-2
3,56,0,2
3,57,0,-4
3,58,0,18
3,59,0,-1
3,75,0,1
4,1,0,17
4,2,0,7
4,3,0,-3
4,4,0,66
4,5,0,8
4,6,0,-8
4,7,0,15
4,8,0,6
4,9,0,19
4,10,0,-2
4,11,0,11
4,12,0,11
4,13,0,4
4,14,0,-5
4,15,0,-10
4,16,0,4
4,17,0,-10
4,18,0,-2
4,20,0,5
4,21,0,-20
4,22,0,11
4,23,0,-18
4,24,0,8
4,25,0,11
4,26,0,10
4,27,0,3
4,29,0,-17
4,30,0,-6
4,31,0,-12
4,32,0,-5
4,33,0,6
4,34,0,9
4,35,0,5
4,36,0,1
4,38,0,7
4,39,0,18
4,40,0,-19
4,41,0,14
4,42,0,-9
4,43,0,2
4,44,0,11
4,45,0,-8
4,47,0,-12
4,48,0,-6
4,49,0,5
4,50,0,14
4,51,0,7
4,52,0,-8
4,53,0,2
4,54,0,1
4,55,0,3
4,56,0,4
4,57,0,16
4,58,0,-4
4,59,0,-8
4,76,0,1
5,1,0,-10
5,2,0,-8
5,3,0,-12
5,4,0,8
5,5,0,95
5,6,0,6
5,7,0,-15
5,8,0,-8
5,9,0,3
5,10,0,-2
5,11,0,-5
5,12,0,-15
5,14,0,6
5,15,0,-20
5,16,0,-5
5,17,0,27
5,18,0,-6
5,19,0,-10
5,20,0,5
5,21,0,-14
5,22,0,-2
5,23,0,-6
5,24,0,9
5,25,0,18
5,26,0,9
5,27,0,15
5,28,0,-14
5,29,0,-11
5,30,0,6
5,31,0,-12
5,32,0,-3
5,33,0,-4
5,34,0,3
5,35,0,-20
5,36,0,17
5,37,0,16
5,38,0,-26
5,39,0,-15
5,40,0,4
5,42,0,14
5,43,0,-8
5,44,0,8
5,45,0,10
5,46,0,-15
5,47,0,-3
5,48,0,8
5,50,0,1
5,51,0,-14
5,52,0,-10
5,53,0,4
5,54,0,-9
5,55,0,8
5,56,0,10
5,57,0,20
5,58,0,10
5,59,0,-2
5,77,0,1
6,1,0,-10
6,2,0,2
6,3,0,1
6,4,0,-8
6,5,0,6
6,6,0,91
6,7,0,1
6,8,0,-18
6,9,0,8
6,10,0,-10
6,11,0,-5
6,12,0,3
6,13,0,10
6,14,0,-2
6,15,0,-5
6,16,0,-12
6,17,0,8
6,18,0,24
6,19,0,4
6,20,0,-3
6,22,0,18
6,23,0,-2
6,24,0,-2
6,25,0,11
6,26,0,-18
6,27,0,-1
6,28,0,21
6,29,0,-10
6,30,0,10
6,31,0,-8
6,32,0,-1
6,33,0,-7
6,34,0,-8
6,35,0,-4
6,36,0,8
6,37,0,-7
6,38,0,3
6,39,0,-6
6,40,0,3
6,41,0,29
6,42,0,10
6,43,0,-17
6,44,0,12
6,45,0,-3
6,46,0,-6
6,47,0,13
6,48,0,2
6,49,0,1
6,50,0,-2
6,51,0,-2
6,52,0,10
6,53,0,4
6,54,0,2
6,55,0,-10
6,56,0,8
6,57,0,20
6,58,0,-1
6,59,0,7
6,78,0,1
7,1,0,12
7,2,0,17
7,3,0,7
7,4,0,15
7,5,0,-15
7,6,0,1
7,7,0,86
7,8,0,6
7,9,0,19
7,10,0,8
7,11,0,-5
7,12,0,8
7,13,0,-4
7,14,0,5
7,15,0,18
7,16,0,11
7,17,0,-4
7,18,0,11
7,19,0,4
7,20,0,3
7,21,0,10
7,22,0,7
7,23,0,4
7,24,0,17
7,25,0,-10
7,26,0,-2
7,27,0,14
7,28,0,5
7,29,0,6
7,30,0,-9
7,31,0,3
7,32,0,-23
7,33,0,-9
7,34,0,8
7,35,0,2
7,36,0,-2
7,37,0,-15
7,38,0,27
7,40,0,-3
7,41,0,9
7,42,0,-19
7,43,0,5
7,45,0,3
7,46,0,26
7,47,0,-10
7,48,0,17
7,49,0,2
7,50,0,6
7,51,0,-5
7,52,0,-2
7,53,0,-9
7,54,0,10
7,55,0,3
7,56,0,-29
7,57,0,-12
7,58,0,23
7,59,0,9
7,79,0,1
8,1,0,11
8,2,0,8
8,3,0,-2
8,4,0,6
8,5,0,-8
8,6,0,-18
8,7,0,6
8,8,0,96
8,9,0,13
8,10,0,8
8,11,0,20
8,12,0,2
8,13,0,24
8,14,0,8
8,15,0,-11
8,16,0,7
8,17,0,-13
8,18,0,-6
8,19,0,3
8,20,0,-3
8,21,0,2
8,22,0,9
8,23,0,-4
8,25,0,-23
8,26,0,15
8,27,0,-8
8,28,0,-27
8,29,0,-14
8,30,0,-8
8,31,0,8
8,32,0,-6
8,33,0,3
8,34,0,-8
8,36,0,-14
8,37,0,-10
8,38,0,7
8,39,0,12
8,40,0,-20
8,41,0,7
8,42,0,4
8,43,0,5
8,44,0,14
8,45,0,22
8,46,0,16
8,47,0,-2
8,48,0,-3
8,49,0,5
8,51,0,-7
8,52,0,19
8,53,0,7
8,54,0,6
8,55,0,-7
8,56,0,-6
8,57,0,-13
8,58,0,-14
8,59,0,-8
8,80,0,1
9,1,0,-2
9,2,0,-5
9,3,0,18
9,4,0,19
9,5,0,3
9,6,0,8
9,7,0,19
9,8,0,13
9,9,0,103
9,11,0,4
9,12,0,-10
9,13,0,-2
9,14,0,17
9,15,0,-16
9,16,0,8
9,17,0,-9
9,18,0,10
9,19,0,-20
9,20,0,-5
9,21,0,-6
9,22,0,-14
9,23,0,-26
9,24,0,-1
9,25,0,-10
9,26,0,10
9,27,0,1
9,28,0,-1
9,29,0,-16
9,30,0,-38
9,31,0,-11
9,32,0,-7
9,33,0,-6
9,34,0,14
9,35,0,29
9,36,0,1
9,37,0,1
9,38,0,12
9,39,0,25
9,40,0,4
9,41,0,15
9,42,0,-5
9,43,0,-18
9,44,0,17
9,45,0,13
9,46,0,-1
9,47,0,10
9,48,0,-15
9,49,0,7
9,50,0,-12
9,51,0,11
9,52,0,7
9,53,0,-4
9,54,0,-6
9,55,0,-19
9,56,0,-3
9,57,0,26
9,58,0,-12
9,59,0,1
9,81,0,1
10,1,0,-4
10,2,0,28
10,3,0,16
10,4,0,-2
10,5,0,-2
10,6,0,-10
10,7,0,8
10,8,0,8
10,10,0,91
10,11,0,17
10,12,0,11
10,13,0,-14
10,14,0,2
10,15,0,-7
10,16,0,-11
10,17,0,8
10,18,0,-9
10,19,0,20
10,20,0,14
10,21,0,-9
10,22,0,3
10,23,0,-1
10,24,0,10
10,25,0,-3
10,26,0,-16
10,27,0,10
10,28,0,-25
10,29,0,14
10,30,0,5
10,31,0,1
10,32,0,-17
10,33,0,-15
10,34,0,-12
10,35,0,16
10,36,0,-12
10,37,0,12
10,38,0,3
10,39,0,-4
10,40,0,-9
10,41,0,-6
10,42,0,-6
10,43,0,11
10,44,0,-7
10,45,0,14
10,46,0,5
10,47,0,-6
10,48,0,-11
10,49,0,3
10,50,0,19
10,51,0,7
10,52,0,-24
10,54,0,12
10,55,0,-3
10,56,0,6
10,57,0,-5
10,58,0,2
10,59,0,-8
10,82,0,1
11,1,0,5
11,2,0,11
11,3,0,6
11,4,0,11
11,5,0,-5
11,6,0,-5
11,7,0,-5
11,8,0,20
11,9,0,4
11,10,0,17
11,11,0,106
11,12,0,7
11,13,0,1
11,14,0,8
11,15,0,-18
11,16,0,-2
11,17,0,-9
11,18,0,4
11,19,0,17
11,20,0,6
11,21,0,3
11,22,0,-6
11,23,0,-13
11,24,0,7
11,25,0,-39
11,26,0,-10
11,28,0,12
11,29,0,-14
11,30,0,-11
11,31,0,10
11,32,0,-16
11,33,0,-6
11,34,0,-36
11,35,0,20
11,36,0,-32
11,37,0,14
11,38,0,-9
11,39,0,15
11,40,0,-15
11,41,0,2
11,42,0,-6
11,43,0,-6
11,44,0,-2
11,45,0,7
11,46,0,-10
11,47,0,-6
11,48,0,-17
11,49,0,20
11,50,0,-5
11,51,0,8
11,52,0,-33
11,53,0,1
11,54,0,10
11,55,0,-1
11,56,0,38
11,57,0,-10
11,58,0,-2
11,59,0,12
11,83,0,1
12,1,0,8
12,2,0,-9
12,3,0,15
12,4,0,11
12,5,0,-15
12,6,0,3
12,7,0,8
12,8,0,2
12,9,0,-10
12,10,0,11
12,11,0,7
12,12,0,77
12,13,0,-4
12,14,0,-21
12,15,0,-7
12,16,0,-10
12,17,0,9
12,18,0,7
12,19,0,16
12,20,0,1
12,21,0,-18
12,22,0,4
12,23,0,-2
12,25,0,6
12,26,0,-7
12,27,0,5
12,28,0,-7
12,29,0,-6
12,30,0,14
12,31,0,-12
12,32,0,-3
12,33,0,2
12,34,0,-3
12,35,0,-1
12,36,0,-6
12,37,0,-11
12,39,0,11
12,40,0,-15
12,41,0,3
12,42,0,-22
12,43,0,16
12,44,0,-6
12,45,0,-5
12,46,0,9
12,47,0,4
12,48,0,-3
12,49,0,-4
12,51,0,15
12,52,0,-4
12,53,0,-12
12,54,0,14
12,55,0,-7
12,56,0,-3
12,57,0,16
12,58,0,8
12,59,0,-10
12,84,0,1
13,1,0,-8
13,2,0,7
13,3,0,18
13,4,0,4
13,6,0,10
13,7,0,-4
13,8,0,24
13,9,0,-2
13,10,0,-14
13,11,0,1
13,12,0,-4
13,13,0,100
13,14,0,-5
13,15,0,6
13,16,0,1
13,17,0,-5
13,18,0,-1
13,19,0,-6
13,20,0,-16
13,21,0,-10
13,22,0,12
13,23,0,2
13,24,0,-16
13,25,0,-4
13,26,0,17
13,27,0,-30
13,28,0,23
13,29,0,-6
13,30,0,-21
13,31,0,8
13,32,0,13
13,33,0,16
13,34,0,6
13,35,0,17
13,36,0,-1
13,37,0,-6
13,38,0,-3
13,39,0,-3
13,40,0,-11
13,41,0,-1
13,42,0,26
13,43,0,22
13,44,0,-8
13,45,0,-2
13,46,0,-3
13,47,0,13
13,48,0,-2
13,49,0,-15
13,50,0,10
13,51,0,3
13,52,0,8
13,53,0,34
13,54,0,-19
13,55,0,-10
13,56,0,-7
13,57,0,2
13,58,0,5
13,59,0,2
13,85,0,1
14,1,0,18
14,2,0,31
14,3,0,-3
14,4,0,-5
14,5,0,6
14,6,0,-2
14,7,0,5
14,8,0,8
14,9,0,17
14,10,0,2
14,11,0,8
14,12,0,-21
14,13,0,-5
14,14,0,98
14,15,0,-5
14,16,0,5
14,17,0,-1
14,18,0,4
14,19,0,-26
14,20,0,-25
14,21,0,22
14,22,0,4
14,23,0,24
14,24,0,6
14,25,0,-12
14,26,0,26
14,27,0,-13
14,28,0,-4
14,29,0,6
14,30,0,-13
14,31,0,-8
14,32,0,8
14,33,0,-8
14,34,0,-16
14,35,0,-26
14,36,0,-15
14,37,0,23
14,38,0,6
14,39,0,16
14,40,0,3
14,41,0,5
14,42,0,-1
14,43,0,-3
14,44,0,3
14,45,0,13
14,46,0,-3
14,47,0,5
14,48,0,15
14,49,0,10
14,50,0,-7
14,51,0,-1
14,52,0,12
14,53,0,11
14,54,0,3
14,55,0,-13
14,56,0,5
14,57,0,10
14,58,0,22
14,59,0,-6
14,86,0,1
15,1,0,-3
15,3,0,12
15,4,0,-10
15,5,0,-20
15,6,0,-5
15,7,0,18
15,8,0,-11
15,9,0,-16
15,10,0,-7
15,11,0,-18
15,12,0,-7
15,13,0,6
15,14,0,-5
15,15,0,85
15,16,0,1
15,17,0,8
15,18,0,-4
15,19,0,-12
15,20,0,-3
15,21,0,-8
15,22,0,1
15,23,0,27
15,24,0,-23
15,25,0,-24
15,26,0,-17
15,27,0,9
15,28,0,18
15,29,0,27
15,31,0,-9
15,32,0,14
15,33,0,24
15,34,0,7
15,35,0,9
15,36,0,13
15,37,0,10
15,38,0,3
15,39,0,12
15,40,0,-7
15,41,0,1
15,42,0,-14
15,43,0,8
15,44,0,-29
15,45,0,19
15,46,0,24
15,48,0,-1
15,49,0,-9
15,50,0,-14
15,51,0,-5
15,52,0,8
15,53,0,7
15,54,0,-7
15,55,0,17
15,56,0,-19
15,57,0,-37
15,58,0,7
15,59,0,3
15,87,0,1
16,1,0,-14
16,2,0,6
16,3,0,-7
16,4,0,4
16,5,0,-5
16,6,0,-12
16,7,0,11
16,8,0,7
16,9,0,8
16,10,0,-11
16,11,0,-2
16,12,0,-10
16,13,0,1
16,14,0,5
16,15,0,1
16,16,0,69
16,17,0,-5
16,18,0,8
16,19,0,-5
16,20,0,5
16,21,0,-4
16,22,0,1
16,23,0,18
16,24,0,5
16,25,0,3
16,26,0,11
16,27,0,-1
16,28,0,7
16,29,0,-11
16,30,0,6
16,31,0,11
16,32,0,-20
16,33,0,-3
16,34,0,21
16,35,0,-1
16,36,0,7
16,37,0,-5
16,38,0,-6
16,39,0,-1
16,40,0,-4
16,41,0,-23
16,42,0,5
16,43,0,12
16,44,0,24
16,45,0,-5
16,46,0,-6
16,47,0,12
16,48,0,7
16,49,0,20
16,50,0,-12
16,51,0,-3
16,52,0,13
16,53,0,-8
16,54,0,16
16,55,0,-3
16,56,0,-7
16,57,0,-10
16,58,0,13
16,59,0,-14
16,88,0,1
17,1,0,-9
17,2,0,3
17,3,0,13
17,4,0,-10
17,5,0,27
17,6,0,8
17,7,0,-4
17,8,0,-13
17,9,0,-9
17,10,0,8
17,11,0,-9
17,12,0,9
17,13,0,-5
17,14,0,-1
17,15,0,8
17,16,0,-5
17,17,0,108
17,18,0,12
17,19,0,-9
17,20,0,-3
17,21,0,16
17,22,0,2
17,23,0,23
17,24,0,5
17,25,0,18
17,26,0,3
17,27,0,-6
17,28,0,-23
17,29,0,20
17,30,0,-11
17,31,0,7
17,32,0,-9
17,33,0,2
17,34,0,-18
17,35,0,-5
17,36,0,9
17,37,0,5
17,38,0,-27
17,39,0,-25
17,40,0,18
17,41,0,-12
17,42,0,8
17,43,0,3
17,44,0,-7
17,45,0,7
17,46,0,-3
17,47,0,10
17,48,0,-1
17,49,0,14
17,50,0,-12
17,51,0,-12
17,52,0,16
17,53,0,-21
17,54,0,-12
17,55,0,7
17,56,0,2
17,57,0,11
17,58,0,6
17,59,0,-1
17,89,0,1
18,1,0,-9
18,2,0,6
18,3,0,10
18,4,0,-2
18,5,0,-6
18,6,0,24
18,7,0,11
18,8,0,-6
18,9,0,10
18,10,0,-9
18,11,0,4
18,12,0,7
18,13,0,-1
18,14,0,4
18,15,0,-4
18,16,0,8
18,17,0,12
18,18,0,71
18,19,0,11
18,20,0,-11
18,21,0,-8
18,22,0,7
18,23,0,13
18,24,0,-19
18,26,0,-8
18,27,0,-7
18,28,0,17
18,29,0,-3
18,30,0,1
18,31,0,11
18,32,0,1
18,33,0,-12
18,34,0,7
18,35,0,1
18,36,0,7
18,37,0,15
18,38,0,-1
18,40,0,21
18,41,0,5
18,42,0,5
18,43,0,11
18,44,0,2
18,45,0,1
18,46,0,3
18,47,0,19
18,48,0,11
18,49,0,24
18,50,0,-7
18,51,0,7
18,52,0,-10
18,53,0,-16
18,54,0,5
18,55,0,-9
18,57,0,5
18,58,0,4
18,59,0,3
18,90,0,1
19,1,0,10
19,2,0,9
19,3,0,-10
19,5,0,-10
19,6,0,4
19,7,0,4
19,8,0,3
19,9,0,-20
19,10,0,20
19,11,0,17
19,12,0,16
19,13,0,-6
19,14,0,-26
19,15,0,-12
19,16,0,-5
19,17,0,-9
19,18,0,11
19,19,0,92
19,20,0,-21
19,21,0,1
19,22,0,7
19,23,0,-13
19,24,0,-9
19,25,0,-2
19,26,0,-10
19,27,0,6
19,28,0,2
19,29,0,16
19,30,0,3
19,31,0,15
19,32,0,-29
19,33,0,-16
19,34,0,-4
19,35,0,-4
19,36,0,3
19,37,0,-20
19,38,0,-11
19,39,0,3
19,40,0,11
19,41,0,-6
19,42,0,2
19,43,0,26
19,44,0,26
19,45,0,5
19,46,0,-3
19,47,0,-13
19,48,0,8
19,49,0,9
19,50,0,12
19,51,0,2
19,52,0,-25
19,53,0,-12
19,54,0,12
19,55,0,9
19,57,0,7
19,58,0,-8
19,59,0,-12
19,91,0,1
20,1,0,-27
20,2,0,-19
20,3,0,-12
20,4,0,5
20,5,0,5
20,6,0,-3
20,7,0,3
20,8,0,-3
20,9,0,-5
20,10,0,14
20,11,0,6
20,12,0,1
20,13,0,-16
20,14,0,-25
20,15,0,-3
20,16,0,5
20,17,0,-3
20,18,0,-11
20,19,0,-21
20,20,0,100
20,21,0,-3
20,22,0,1
20,23,0,-12
20,24,0,6
20,25,0,-14
20,27,0,11
20,28,0,-19
20,29,0,-13
20,30,0,-4
20,31,0,-17
20,32,0,-14
20,33,0,10
20,34,0,-8
20,35,0,9
20,36,0,9
20,37,0,7
20,38,0,-19
20,39,0,-14
20,40,0,-16
20,41,0,8
20,42,0,3
20,43,0,-8
20,44,0,1
20,45,0,-18
20,46,0,-3
20,47,0,-6
20,48,0,-7
20,49,0,-12
20,50,0,-10
20,52,0,-21
20,53,0,1
20,54,0,6
20,55,0,2
20,56,0,2
20,57,0,-10
20,58,0,-33
20,59,0,32
20,92,0,1
21,1,0,23
21,2,0,13
21,3,0,5
21,4,0,-20
21,5,0,-14
21,7,0,10
21,8,0,2
21,9,0,-6
21,10,0,-9
21,11,0,3
21,12,0,-18
21,13,0,-10
21,14,0,22
21,15,0,-8
21,16,0,-4
21,17,0,16
21,18,0,-8
21,19,0,1
21,20,0,-3
21,21,0,93
21,22,0,-5
21,23,0,15
21,24,0,4
21,25,0,-5
21,26,0,14
21,27,0,-1
21,28,0,-10
21,29,0,15
21,30,0,-8
21,31,0,23
21,32,0,-18
21,33,0,1
21,34,0,-15
21,35,0,-13
21,36,0,-12
21,37,0,-6
21,38,0,9
21,39,0,-17
21,40,0,14
21,41,0,-3
21,42,0,4
21,43,0,-3
21,44,0,6
21,45,0,4
21,46,0,-7
21,47,0,-9
21,48,0,-18
21,49,0,-4
21,50,0,-7
21,51,0,-28
21,52,0,9
21,53,0,-1
21,54,0,6
21,55,0,1
21,56,0,17
21,57,0,-12
21,58,0,-5
21,59,0,14
21,93,0,1
22,1,0,3
22,2,0,27
22,3,0,-7
22,4,0,11
22,5,0,-2
22,6,0,18
22,7,0,7
22,8,0,9
22,9,0,-14
22,10,0,3
22,11,0,-6
22,12,0,4
22,13,0,12
22,14,0,4
22,15,0,1
22,16,0,1
22,17,0,2
22,18,0,7
22,19,0,7
22,20,0,1
22,21,0,-5
22,22,0,92
22,23,0,-10
22,24,0,-7
22,25,0,3
22,26,0,-6
22,27,0,-3
22,28,0,1
22,29,0,-7
22,30,0,15
22,31,0,-11
22,32,0,-11
22,33,0,-16
22,34,0,18
22,35,0,-9
22,36,0,9
22,37,0,-2
22,38,0,8
22,40,0,-5
22,41,0,18
22,42,0,6
22,43,0,6
22,44,0,-3
22,45,0,-2
22,46,0,21
22,47,0,12
22,48,0,5
22,49,0,-18
22,50,0,12
22,51,0,5
22,52,0,-9
22,53,0,5
22,54,0,39
22,55,0,-13
22,56,0,-3
22,57,0,6
22,58,0,-5
22,59,0,-6
22,94,0,1
23,1,0,10
23,2,0,8
23,3,0,17
23,4,0,-18
23,5,0,-6
23,6,0,-2
23,7,0,4
23,8,0,-4
23,9,0,-26
23,10,0,-1
23,11,0,-13
23,12,0,-2
23,13,0,2
23,14,0,24
23,15,0,27
23,16,0,18
23,17,0,23
23,18,0,13
23,19,0,-13
23,20,0,-12
23,21,0,15
23,22,0,-10
23,23,0,125
23,24,0,-11
23,25,0,4
23,26,0,1
23,27,0,-11
23,28,0,-15
23,29,0,3
23,30,0,24
23,31,0,-2
23,32,0,9
23,33,0,-9
23,34,0,-12
23,35,0,-17
23,36,0,-1
23,37,0,10
23,38,0,9
23,39,0,-8
23,40,0,-12
23,41,0,-15
23,42,0,-3
23,43,0,12
23,44,0,-27
23,45,0,14
23,46,0,1
23,47,0,22
23,48,0,-2
23,49,0,30
23,50,0,-33
23,51,0,-16
23,52,0,-4
23,53,0,5
23,54,0,13
23,55,0,-14
23,56,0,-5
23,57,0,-11
23,58,0,28
23,59,0,15
23,95,0,1
24,1,0,18
24,2,0,-12
24,3,0,-30
24,4,0,8
24,5,0,9
24,6,0,-2
24,7,0,17
24,9,0,-1
24,10,0,10
24,11,0,7
24,13,0,-16
24,14,0,6
24,15,0,-23
24,16,0,5
24,17,0,5
24,18,0,-19
24,19,0,-9
24,20,0,6
24,21,0,4
24,22,0,-7
24,23,0,-11
24,24,0,79
24,25,0,17
24,26,0,15
24,27,0,-1
24,28,0,-7
24,29,0,-21
24,30,0,14
24,31,0,12
24,32,0,-14
24,33,0,-21
24,34,0,-14
24,35,0,-1
24,36,0,-9
24,37,0,-9
24,38,0,12
24,39,0,7
24,40,0,5
24,41,0,-7
24,42,0,-24
24,43,0,-7
24,44,0,6
24,45,0,-6
24,46,0,-13
24,47,0,-9
24,48,0,8
24,49,0,-8
24,50,0,-11
24,51,0,-22
24,52,0,10
24,53,0,3
24,54,0,12
24,55,0,-4
24,56,0,-2
24,57,0,5
24,58,0,-7
24,96,0,1
25,1,0,12
25,2,0,-17
25,3,0,-7
25,4,0,11
25,5,0,18
25,6,0,11
25,7,0,-10
25,8,0,-23
25,9,0,-10
25,10,0,-3
25,11,0,-39
25,12,0,6
25,13,0,-4
25,14,0,-12
25,15,0,-24
25,16,0,3
25,17,0,18
25,19,0,-2
25,20,0,-14
25,21,0,-5
25,22,0,3
25,23,0,4
25,24,0,17
25,25,0,80
25,26,0,5
25,27,0,-10
25,28,0,-11
25,29,0,-1
25,30,0,15
25,31,0,-10
25,32,0,1
25,33,0,-1
25,34,0,-2
25,35,0,-6
25,36,0,9
25,37,0,-8
25,39,0,-12
25,40,0,9
25,41,0,-2
25,42,0,-6
25,43,0,20
25,44,0,10
25,45,0,-3
25,46,0,-19
25,47,0,1
25,48,0,6
25,49,0,-2
25,50,0,10
25,51,0,13
25,53,0,-7
25,54,0,-2
25,55,0,12
25,56,0,-15
25,57,0,17
25,58,0,11
25,59,0,-13
25,97,0,1
26,1,0,-1
26,2,0,2
26,3,0,-17
26,4,0,10
26,5,0,9
26,6,0,-18
26,7,0,-2
26,8,0,15
26,9,0,10
26,10,0,-16
26,11,0,-10
26,12,0,-7
26,13,0,17
26,14,0,26
26,15,0,-17
26,16,0,11
26,17,0,3
26,18,0,-8
26,19,0,-10
26,21,0,14
26,22,0,-6
26,23,0,1
26,24,0,15
26,25,0,5
26,26,0,93
26,27,0,-28
26,28,0,-4
26,29,0,-11
26,30,0,-22
26,31,0,-3
26,33,0,-3
26,34,0,-1
26,35,0,-11
26,36,0,3
26,37,0,6
26,38,0,10
26,39,0,-1
26,40,0,3
26,41,0,-20
26,42,0,16
26,43,0,19
26,44,0,9
26,45,0,-2
26,46,0,-37
26,47,0,-6
26,48,0,25
26,49,0,-8
26,50,0,-13
26,51,0,-3
26,52,0,23
26,53,0,3
26,54,0,-1
26,55,0,-6
26,56,0,-14
26,57,0,1
26,58,0,-4
26,59,0,8
26,98,0,1
27,1,0,-2
27,2,0,-6
27,3,0,1
27,4,0,3
27,5,0,15
27,6,0,-1
27,7,0,14
27,8,0,-8
27,9,0,1
27,10,0,10
27,12,0,5
27,13,0,-30
27,14,0,-13
27,15,0,9
27,16,0,-1
27,17,0,-6
27,18,0,-7
27,19,0,6
27,20,0,11
27,21,0,-1
27,22,0,-3
27,23,0,-11
27,24,0,-1
27,25,0,-10
27,26,0,-28
27,27,0,74
27,28,0,-1
27,29,0,27
27,30,0,9
27,31,0,10
27,32,0,-10
27,33,0,-13
27,34,0,-3
27,35,0,-1
27,36,0,-4
27,39,0,-15
27,40,0,-4
27,41,0,13
27,42,0,2
27,43,0,-12
27,44,0,-16
27,45,0,-3
27,46,0,17
27,47,0,-21
27,48,0,-8
27,49,0,-8
27,50,0,-2
27,51,0,-3
27,52,0,-15
27,53,0,-4
27,54,0,-3
27,55,0,23
27,56,0,6
27,57,0,-10
27,58,0,4
27,59,0,2
27,99,0,1
28,1,0,-11
28,2,0,2
28,3,0,2
28,5,0,-14
28,6,0,21
28,7,0,5
28,8,0,-27
28,9,0,-1
28,10,0,-25
28,11,0,12
28,12,0,-7
28,13,0,23
28,14,0,-4
28,15,0,18
28,16,0,7
28,17,0,-23
28,18,0,17
28,19,0,2
28,20,0,-19
28,21,0,-10
28,22,0,1
28,23,0,-15
28,24,0,-7
28,25,0,-11
28,26,0,-4
28,27,0,-1
28,28,0,107
28,29,0,-2
28,30,0,9
28,31,0,21
28,32,0,-5
28,33,0,-1
28,34,0,16
28,35,0,12
28,36,0,17
28,37,0,11
28,38,0,8
28,39,0,15
28,40,0,12
28,41,0,18
28,42,0,23
28,43,0,-3
28,44,0,-25
28,45,0,-7
28,46,0,-1
28,47,0,-2
28,48,0,19
28,49,0,-19
28,50,0,-8
28,51,0,11
28,52,0,6
28,53,0,2
28,54,0,-16
28,55,0,-3
28,56,0,-6
28,58,0,7
28,59,0,3
28,100,0,1
29,1,0,-10
29,2,0,-2
29,3,0,20
29,4,0,-17
29,5,0,-11
29,6,0,-10
29,7,0,6
29,8,0,-14
29,9,0,-16
29,10,0,14
29,11,0,-14
29,12,0,-6
29,13,0,-6
29,14,0,6
29,15,0,27
29,16,0,-11
29,17,0,20
29,18,0,-3
29,19,0,16
29,20,0,-13
29,21,0,15
29,22,0,-7
29,23,0,3
29,24,0,-21
29,25,0,-1
29,26,0,-11
29,27,0,27
29,28,0,-2
29,29,0,98
29,30,0,-14
29,31,0,10
29,32,0,15
29,33,0,9
29,34,0,-23
29,35,0,5
29,36,0,6
29,37,0,2
29,38,0,-3
29,39,0,-15
29,40,0,13
29,41,0,-10
29,42,0,22
29,43,0,8
29,44,0,-17
29,45,0,11
29,46,0,7
29,47,0,-7
29,48,0,10
29,49,0,-14
29,50,0,17
29,51,0,14
29,53,0,-21
29,54,0,-10
29,55,0,20
29,56,0,-11
29,57,0,-8
29,58,0,22
29,59,0,2
29,101,0,1
30,1,0,14
30,2,0,-4
30,3,0,-27
30,4,0,-6
30,5,0,6
30,6,0,10
30,7,0,-9
30,8,0,-8
30,9,0,-38
30,10,0,5
30,11,0,-11
30,12,0,14
30,13,0,-21
30,14,0,-13
30,16,0,6
30,17,0,-11
30,18,0,1
30,19,0,3
30,20,0,-4
30,21,0,-8
30,22,0,15
30,23,0,24
30,24,0,14
30,25,0,15
30,26,0,-22
30,27,0,9
30,28,0,9
30,29,0,-14
30,30,0,103
30,31,0,7
30,32,0,-13
30,33,0,-9
30,34,0,-1
30,35,0,-16
30,36,0,6
30,37,0,1
30,38,0,-6
30,39,0,6
30,40,0,-9
30,41,0,-1
30,42,0,-21
30,43,0,-13
30,44,0,5
30,45,0,-13
30,46,0,5
30,47,0,1
30,48,0,14
30,50,0,-3
30,51,0,-5
30,52,0,-14
30,53,0,2
30,54,0,16
30,55,0,-6
30,56,0,12
30,57,0,1
30,58,0,15
30,59,0,-14
30,102,0,1
31,1,0,10
31,2,0,2
31,3,0,-9
31,4,0,-12
31,5,0,-12
31,6,0,-8
31,7,0,3
31,8,0,8
31,9,0,-11
31,10,0,1
31,11,0,10
31,12,0,-12
31,13,0,8
31,14,0,-8
31,15,0,-9
31,16,0,11
31,17,0,7
31,18,0,11
31,19,0,15
31,20,0,-17
31,21,0,23
31,22,0,-11
31,23,0,-2
31,24,0,12
31,25,0,-10
31,26,0,-3
31,27,0,10
31,28,0,21
31,29,0,10
31,30,0,7
31,31,0,102
31,32,0,-19
31,33,0,-2
31,34,0,-12
31,35,0,-3
31,36,0,-8
31,37,0,-7
31,38,0,9
31,39,0,-11
31,40,0,9
31,41,0,-19
31,42,0,24
31,43,0,5
31,44,0,-2
31,45,0,2
31,46,0,-6
31,47,0,3
31,48,0,-8
31,49,0,-9
31,50,0,-8
31,51,0,-34
31,52,0,-19
31,53,0,-8
31,54,0,-3
31,55,0,-8
31,56,0,10
31,57,0,-12
31,58,0,14
31,59,0,3
31,103,0,1
32,1,0,-10
32,2,0,-7
32,3,0,14
32,4,0,-5
32,5,0,-3
32,6,0,-1
32,7,0,-23
32,8,0,-6
32,9,0,-7
32,10,0,-17
32,11,0,-16
32,12,0,-3
32,13,0,13
32,14,0,8
32,15,0,14
32,16,0,-20
32,17,0,-9
32,18,0,1
32,19,0,-29
32,20,0,-14
32,21,0,-18
32,22,0,-11
32,23,0,9
32,24,0,-14
32,25,0,1
32,27,0,-10
32,28,0,-5
32,29,0,15
32,30,0,-13
32,31,0,-19
32,32,0,97
32,33,0,15
32,34,0,-3
32,35,0,-9
32,36,0,-9
32,37,0,5
32,38,0,1
32,39,0,17
32,40,0,-15
32,41,0,3
32,42,0,5
32,43,0,1
32,44,0,-31
32,45,0,5
32,46,0,-8
32,47,0,11
32,48,0,-8
32,49,0,8
32,50,0,15
32,51,0,7
32,52,0,22
32,53,0,-13
32,54,0,-25
32,55,0,-15
32,56,0,-6
32,57,0,8
32,58,0,10
32,59,0,10
32,104,0,1
33,1,0,-9
33,2,0,-12
33,3,0,8
33,4,0,6
33,5,0,-4
33,6,0,-7
33,7,0,-9
33,8,0,3
33,9,0,-6
33,10,0,-15
33,11,0,-6
33,12,0,2
33,13,0,16
33,14,0,-8
33,15,0,24
33,16,0,-3
33,17,0,2
33,18,0,-12
33,19,0,-16
33,20,0,10
33,21,0,1
33,22,0,-16
33,23,0,-9
33,24,0,-21
33,25,0,-1
33,26,0,-3
33,27,0,-13
33,28,0,-1
33,29,0,9
33,30,0,-9
33,31,0,-2
33,32,0,15
33,33,0,70
33,34,0,7
33,35,0,-2
33,36,0,8
33,37,0,-1
33,38,0,-15
33,39,0,8
33,40,0,-12
33,41,0,-3
33,42,0,4
33,43,0,-7
33,44,0,9
33,45,0,-1
33,46,0,2
33,47,0,-1
33,48,0,-26
33,49,0,-20
33,50,0,6
33,51,0,12
33,52,0,5
33,53,0,2
33,54,0,-16
33,55,0,15
33,56,0,-1
33,57,0,-2
33,58,0,3
33,59,0,4
33,105,0,1
34,1,0,-20
34,2,0,14
34,3,0,5
34,4,0,9
34,5,0,3
34,6,0,-8
34,7,0,8
34,8,0,-8
34,9,0,14
34,10,0,-12
34,11,0,-36
34,12,0,-3
34,13,0,6
34,14,0,-16
34,15,0,7
34,16,0,21
34,17,0,-18
34,18,0,7
34,19,0,-4
34,20,0,-8
34,21,0,-15
34,22,0,18
34,23,0,-12
34,24,0,-14
34,25,0,-2
34,26,0,-1
34,27,0,-3
34,28,0,16
34,29,0,-23
34,30,0,-1
34,31,0,-12
34,32,0,-3
34,33,0,7
34,34,0,86
34,35,0,-4
34,36,0,9
34,37,0,-9
34,38,0,13
34,39,0,-3
34,40,0,5
34,41,0,-11
34,42,0,-6
34,43,0,10
34,44,0,10
34,45,0,-1
34,46,0,20
34,47,0,6
34,48,0,-11
34,49,0,-4
34,50,0,6
34,51,0,2
34,52,0,25
34,53,0,-1
34,54,0,16
34,55,0,-4
34,56,0,-18
34,58,0,2
34,59,0,-14
34,106,0,1
35,1,0,-9
35,2,0,-5
35,3,0,10
35,4,0,5
35,5,0,-20
35,6,0,-4
35,7,0,2
35,9,0,29
35,10,0,16
35,11,0,20
35,12,0,-1
35,13,0,17
35,14,0,-26
35,15,0,9
35,16,0,-1
35,17,0,-5
35,18,0,1
35,19,0,-4
35,20,0,9
35,21,0,-13
35,22,0,-9
35,23,0,-17
35,24,0,-1
35,25,0,-6
35,26,0,-11
35,27,0,-1
35,28,0,12
35,29,0,5
35,30,0,-16
35,31,0,-3
35,32,0,-9
35,33,0,-2
35,34,0,-4
35,35,0,100
35,36,0,-4
35,37,0,-2
35,38,0,-6
35,39,0,20
35,41,0,7
35,42,0,10
35,43,0,-9
35,44,0,-19
35,45,0,7
35,46,0,16
35,47,0,-6
35,48,0,-8
35,49,0,-5
35,50,0,-9
35,51,0,23
35,52,0,-20
35,53,0,2
35,55,0,10
35,56,0,9
35,57,0,-6
35,58,0,-24
35,59,0,18
35,107,0,1
36,1,0,-19
36,2,0,-8
36,3,0,-2
36,4,0,1
36,5,0,17
36,6,0,8
36,7,0,-2
36,8,0,-14
36,9,0,1
36,10,0,-12
36,11,0,-32
36,12,0,-6
36,13,0,-1
36,14,0,-15
36,15,0,13
36,16,0,7
36,17,0,9
36,18,0,7
36,19,0,3
36,20,0,9
36,21,0,-12
36,22,0,9
36,23,0,-1
36,24,0,-9
36,25,0,9
36,26,0,3
36,27,0,-4
36,28,0,17
36,29,0,6
36,30,0,6
36,31,0,-8
36,32,0,-9
36,33,0,8
36,34,0,9
36,35,0,-4
36,36,0,64
36,37,0,15
36,38,0,-6
36,39,0,-4
36,40,0,22
36,41,0,17
36,42,0,9
36,43,0,-1
36,44,0,1
36,45,0,2
36,46,0,-13
36,47,0,7
36,48,0,15
36,49,0,-4
36,50,0,1
36,51,0,2
36,52,0,-3
36,53,0,-3
36,54,0,-1
36,55,0,-1
36,56,0,-1
36,57,0,6
36,58,0,-7
36,59,0,3
36,108,0,1
37,1,0,-3
37,2,0,-8
37,3,0,9
37,5,0,16
37,6,0,-7
37,7,0,-15
37,8,0,-10
37,9,0,1
37,10,0,12
37,11,0,14
37,12,0,-11
37,13,0,-6
37,14,0,23
37,15,0,10
37,16,0,-5
37,17,0,5
37,18,0,15
37,19,0,-20
37,20,0,7
37,21,0,-6
37,22,0,-2
37,23,0,10
37,24,0,-9
37,25,0,-8
37,26,0,6
37,28,0,11
37,29,0,2
37,30,0,1
37,31,0,-7
37,32,0,5
37,33,0,-1
37,34,0,-9
37,35,0,-2
37,36,0,15
37,37,0,70
37,38,0,-1
37,39,0,-2
37,40,0,13
37,41,0,11
37,42,0,3
37,43,0,1
37,44,0,-23
37,45,0,4
37,46,0,-6
37,47,0,2
37,48,0,1
37,49,0,14
37,50,0,-2
37,51,0,12
37,52,0,-13
37,53,0,7
37,54,0,5
37,55,0,-4
37,56,0,23
37,57,0,-6
37,58,0,2
37,59,0,2
37,109,0,1
38,1,0,19
38,2,0,12
38,3,0,10
38,4,0,7
38,5,0,-26
38,6,0,3
38,7,0,27
38,8,0,7
38,9,0,12
38,10,0,3
38,11,0,-9
38,13,0,-3
38,14,0,6
38,15,0,3
38,16,0,-6
38,17,0,-27
38,18,0,-1
38,19,0,-11
38,20,0,-19
38,21,0,9
38,22,0,8
38,23,0,9
38,24,0,12
38,26,0,10
38,28,0,8
38,29,0,-3
38,30,0,-6
38,31,0,9
38,32,0,1
38,33,0,-15
38,34,0,13
38,35,0,-6
38,36,0,-6
38,37,0,-1
38,38,0,65
38,39,0,3
38,40,0,-5
38,41,0,8
38,42,0,-8
38,43,0,1
38,44,0,-19
38,45,0,6
38,46,0,5
38,47,0,-6
38,48,0,-5
38,49,0,-9
38,50,0,4
38,51,0,-13
38,52,0,13
38,53,0,4
38,54,0,12
38,55,0,-15
38,56,0,-7
38,57,0,-16
38,58,0,8
38,59,0,2
38,110,0,1
39,1,0,19
39,2,0,1
39,3,0,-19
39,4,0,18
39,5,0,-15
39,6,0,-6
39,8,0,12
39,9,0,25
39,10,0,-4
39,11,0,15
39,12,0,11
39,13,0,-3
39,14,0,16
39,15,0,12
39,16,0,-1
39,17,0,-25
39,19,0,3
39,20,0,-14
39,21,0,-17
39,23,0,-8
39,24,0,7
39,25,0,-12
39,26,0,-1
39,27,0,-15
39,28,0,15
39,29,0,-15
39,30,0,6
39,31,0,-11
39,32,0,17
39,33,0,8
39,34,0,-3
39,35,0,20
39,36,0,-4
39,37,0,-2
39,38,0,3
39,39,0,92
39,40,0,-7
39,41,0,-3
39,42,0,-21
39,43,0,-2
39,44,0,5
39,45,0,13
39,46,0,2
39,47,0,-2
39,48,0,-5
39,49,0,-17
39,50,0,-16
39,51,0,5
39,52,0,9
39,53,0,6
39,54,0,-7
39,55,0,-9
39,57,0,15
39,58,0,-7
39,59,0,-11
39,111,0,1
40,1,0,-10
40,2,0,-1
40,3,0,-7
40,4,0,-19
40,5,0,4
40,6,0,3
40,7,0,-3
40,8,0,-20
40,9,0,4
40,10,0,-9
40,11,0,-15
40,12,0,-15
40,13,0,-11
40,14,0,3
40,15,0,-7
40,16,0,-4
40,17,0,18
40,18,0,21
40,19,0,11
40,20,0,-16
40,21,0,14
40,22,0,-5
40,23,0,-12
40,24,0,5
40,25,0,9
40,26,0,3
40,27,0,-4
40,28,0,12
40,29,0,13
40,30,0,-9
40,31,0,9
40,32,0,-15
40,33,0,-12
40,34,0,5
40,36,0,22
40,37,0,13
40,38,0,-5
40,39,0,-7
40,40,0,77
40,41,0,-12
40,42,0,3
40,43,0,10
40,44,0,5
40,45,0,-1
40,46,0,-4
40,47,0,2
40,48,0,14
40,49,0,-15
40,50,0,-3
40,51,0,5
40,52,0,6
40,53,0,5
40,54,0,-14
40,55,0,15
40,56,0,2
40,57,0,-13
40,59,0,15
40,112,0,1
41,1,0,-1
41,2,0,6
41,3,0,11
41,4,0,14
41,6,0,29
41,7,0,9
41,8,0,7
41,9,0,15
41,10,0,-6
41,11,0,2
41,12,0,3
41,13,0,-1
41,14,0,5
41,15,0,1
41,16,0,-23
41,17,0,-12
41,18,0,5
41,19,0,-6
41,20,0,8
41,21,0,-3
41,22,0,18
41,23,0,-15
41,24,0,-7
41,25,0,-2
41,26,0,-20
41,27,0,13
41,28,0,18
41,29,0,-10
41,30,0,-1
41,31,0,-19
41,32,0,3
41,33,0,-3
41,34,0,-11
41,35,0,7
41,36,0,17
41,37,0,11
41,38,0,8
41,39,0,-3
41,40,0,-12
41,41,0,93
41,42,0,4
41,43,0,-29
41,44,0,-17
41,45,0,-5
41,46,0,19
41,47,0,-12
41,48,0,10
41,49,0,7
41,50,0,15
41,51,0,5
41,52,0,-8
41,53,0,15
41,54,0,10
41,55,0,-3
41,56,0,14
41,57,0,4
41,58,0,-10
41,59,0,14
41,113,0,1
42,1,0,-34
42,2,0,10
42,3,0,11
42,4,0,-9
42,5,0,14
42,6,0,10
42,7,0,-19
42,8,0,4
42,9,0,-5
42,10,0,-6
42,11,0,-6
42,12,0,-22
42,13,0,26
42,14,0,-1
42,15,0,-14
42,16,0,5
42,17,0,8
42,18,0,5
42,19,0,2
42,20,0,3
42,21,0,4
42,22,0,6
42,23,0,-3
42,24,0,-24
42,25,0,-6
42,26,0,16
42,27,0,2
42,28,0,23
42,29,0,22
42,30,0,-21
42,31,0,24
42,32,0,5
42,33,0,4
42,34,0,-6
42,35,0,10
42,36,0,9
42,37,0,3
42,38,0,-8
42,39,0,-21
42,40,0,3
42,41,0,4
42,42,0,86
42,43,0,-13
42,44,0,-9
42,45,0,-18
42,46,0,-14
42,48,0,6
42,49,0,-14
42,50,0,10
42,51,0,7
42,52,0,3
42,53,0,-3
42,54,0,-19
42,55,0,6
42,56,0,7
42,57,0,15
42,58,0,-6
42,59,0,9
42,114,0,1
43,1,0,7
43,2,0,11
43,3,0,19
43,4,0,2
43,5,0,-8
43,6,0,-17
43,7,0,5
43,8,0,5
43,9,0,-18
43,10,0,11
43,11,0,-6
43,12,0,16
43,13,0,22
43,14,0,-3
43,15,0,8
43,16,0,12
43,17,0,3
43,18,0,11
43,19,0,26
43,20,0,-8
43,21,0,-3
43,22,0,6
43,23,0,12
43,24,0,-7
43,25,0,20
43,26,0,19
43,27,0,-12
43,28,0,-3
43,29,0,8
43,30,0,-13
43,31,0,5
43,32,0,1
43,33,0,-7
43,34,0,10
43,35,0,-9
43,36,0,-1
43,37,0,1
43,38,0,1
43,39,0,-2
43,40,0,10
43,41,0,-29
43,42,0,-13
43,43,0,90
43,44,0,8
43,45,0,11
43,46,0,-11
43,47,0,6
43,48,0,-3
43,49,0,4
43,50,0,-8
43,51,0,5
43,52,0,-8
43,53,0,-2
43,54,0,7
43,55,0,7
43,56,0,-29
43,57,0,-16
43,58,0,3
43,59,0,-6
43,115,0,1
44,1,0,-2
44,2,0,-6
44,3,0,-19
44,4,0,11
44,5,0,8
44,6,0,12
44,8,0,14
44,9,0,17
44,10,0,-7
44,11,0,-2
44,12,0,-6
44,13,0,-8
44,14,0,3
44,15,0,-29
44,16,0,24
44,17,0,-7
44,18,0,2
44,19,0,26
44,20,0,1
44,21,0,6
44,22,0,-3
44,23,0,-27
44,24,0,6
44,25,0,10
44,26,0,9
44,27,0,-16
44,28,0,-25
44,29,0,-17
44,30,0,5
44,31,0,-2
44,32,0,-31
44,33,0,9
44,34,0,10
44,35,0,-19
44,36,0,1
44,37,0,-23
44,38,0,-19
44,39,0,5
44,40,0,5
44,41,0,-17
44,42,0,-9
44,43,0,8
44,44,0,108
44,45,0,-16
44,46,0,-11
44,47,0,-9
44,48,0,-11
44,49,0,7
44,50,0,4
44,51,0,-6
44,52,0,9
44,53,0,9
44,54,0,-2
44,55,0,10
44,56,0,-5
44,57,0,10
44,58,0,-11
44,59,0,-32
44,116,0,1
45,1,0,17
45,2,0,12
45,3,0,4
45,4,0,-8
45,5,0,10
45,6,0,-3
45,7,0,3
45,8,0,22
45,9,0,13
45,10,0,14
45,11,0,7
45,12,0,-5
45,13,0,-2
45,14,0,13
45,15,0,19
45,16,0,-5
45,17,0,7
45,18,0,1
45,19,0,5
45,20,0,-18
45,21,0,4
45,22,0,-2
45,23,0,14
45,24,0,-6
45,25,0,-3
45,26,0,-2
45,27,0,-3
45,28,0,-7
45,29,0,11
45,30,0,-13
45,31,0,2
45,32,0,5
45,33,0,-1
45,34,0,-1
45,35,0,7
45,36,0,2
45,37,0,4
45,38,0,6
45,39,0,13
45,40,0,-1
45,41,0,-5
45,42,0,-18
45,43,0,11
45,44,0,-16
45,45,0,71
45,46,0,16
45,47,0,9
45,48,0,6
45,49,0,2
45,50,0,-3
45,51,0,-8
45,52,0,1
45,53,0,-5
45,54,0,11
45,55,0,-1
45,56,0,-6
45,57,0,-10
45,58,0,14
45,59,0,-1
45,117,0,1
46,1,0,11
46,2,0,17
46,3,0,5
46,5,0,-15
46,6,0,-6
46,7,0,26
46,8,0,16
46,9,0,-1
46,10,0,5
46,11,0,-10
46,12,0,9
46,13,0,-3
46,14,0,-3
46,15,0,24
46,16,0,-6
46,17,0,-3
46,18,0,3
46,19,0,-3
46,20,0,-3
46,21,0,-7
46,22,0,21
46,23,0,1
46,24,0,-13
46,25,0,-19
46,26,0,-37
46,27,0,17
46,28,0,-1
46,29,0,7
46,30,0,5
46,31,0,-6
46,32,0,-8
46,33,0,2
46,34,0,20
46,35,0,16
46,36,0,-13
46,37,0,-6
46,38,0,5
46,39,0,2
46,40,0,-4
46,41,0,19
46,42,0,-14
46,43,0,-11
46,44,0,-11
46,45,0,16
46,46,0,101
46,47,0,1
46,48,0,8
46,49,0,-8
46,50,0,18
46,51,0,8
46,52,0,5
46,53,0,12
46,54,0,7
46,55,0,-10
46,56,0,-10
46,58,0,16
46,59,0,-4
46,118,0,1
47,1,0,-15
47,2,0,1
47,3,0,10
47,4,0,-12
47,5,0,-3
47,6,0,13
47,7,0,-10
47,8,0,-2
47,9,0,10
47,10,0,-6
47,11,0,-6
47,12,0,4
47,13,0,13
47,14,0,5
47,16,0,12
47,17,0,10
47,18,0,19
47,19,0,-13
47,20,0,-6
47,21,0,-9
47,22,0,12
47,23,0,22
47,24,0,-9
47,25,0,1
47,26,0,-6
47,27,0,-21
47,28,0,-2
47,29,0,-7
47,30,0,1
47,31,0,3
47,32,0,11
47,33,0,-1
47,34,0,6
47,35,0,-6
47,36,0,7
47,37,0,2
47,38,0,-6
47,39,0,-2
47,40,0,2
47,41,0,-12
47,43,0,6
47,44,0,-9
47,45,0,9
47,46,0,1
47,47,0,58
47,48,0,-6
47,49,0,12
47,50,0,-8
47,51,0,8
47,52,0,3
47,53,0,-5
47,54,0,21
47,55,0,-29
47,56,0,-4
47,57,0,16
47,58,0,6
47,59,0,1
47,119,0,1
48,1,0,-14
48,2,0,6
48,3,0,-20
48,4,0,-6
48,5,0,8
48,6,0,2
48,7,0,17
48,8,0,-3
48,9,0,-15
48,10,0,-11
48,11,0,-17
48,12,0,-3
48,13,0,-2
48,14,0,15
48,15,0,-1
48,16,0,7
48,17,0,-1
48,18,0,11
48,19,0,8
48,20,0,-7
48,21,0,-18
48,22,0,5
48,23,0,-2
48,24,0,8
48,25,0,6
48,26,0,25
48,27,0,-8
48,28,0,19
48,29,0,10
48,30,0,14
48,31,0,-8
48,32,0,-8
48,33,0,-26
48,34,0,-11
48,35,0,-8
48,36,0,15
48,37,0,1
48,38,0,-5
48,39,0,-5
48,40,0,14
48,41,0,10
48,42,0,6
48,43,0,-3
48,44,0,-11
48,45,0,6
48,46,0,8
48,47,0,-6
48,48,0,98
48,49,0,1
48,50,0,14
48,51,0,5
48,52,0,3
48,53,0,-4
48,54,0,-1
48,55,0,-11
48,56,0,-15
48,57,0,11
48,58,0,29
48,59,0,5
48,120,0,1
49,1,0,4
49,2,0,10
49,3,0,11
49,4,0,5
49,6,0,1
49,7,0,2
49,8,0,5
49,9,0,7
49,10,0,3
49,11,0,20
49,12,0,-4
49,13,0,-15
49,14,0,10
49,15,0,-9
49,16,0,20
49,17,0,14
49,18,0,24
49,19,0,9
49,20,0,-12
49,21,0,-4
49,22,0,-18
49,23,0,30
49,24,0,-8
49,25,0,-2
49,26,0,-8
49,27,0,-8
49,28,0,-19
49,29,0,-14
49,31,0,-9
49,32,0,8
49,33,0,-20
49,34,0,-4
49,35,0,-5
49,36,0,-4
49,37,0,14
49,38,0,-9
49,39,0,-17
49,40,0,-15
49,41,0,7
49,42,0,-14
49,43,0,4
49,44,0,7
49,45,0,2
49,46,0,-8
49,47,0,12
49,48,0,1
49,49,0,107
49,50,0,-4
49,51,0,-23
49,52,0,-13
49,53,0,-20
49,54,0,4
49,55,0,-5
49,56,0,11
49,57,0,13
49,58,0,5
49,59,0,-17
49,121,0,1
50,1,0,-9
50,2,0,22
50,3,0,11
50,4,0,14
50,5,0,1
50,6,0,-2
50,7,0,6
50,9,0,-12
50,10,0,19
50,11,0,-5
50,13,0,10
50,14,0,-7
50,15,0,-14
50,16,0,-12
50,17,0,-12
50,18,0,-7
50,19,0,12
50,20,0,-10
50,21,0,-7
50,22,0,12
50,23,0,-33
50,24,0,-11
50,25,0,10
50,26,0,-13
50,27,0,-2
50,28,0,-8
50,29,0,17
50,30,0,-3
50,31,0,-8
50,32,0,15
50,33,0,6
50,34,0,6
50,35,0,-9
50,36,0,1
50,37,0,-2
50,38,0,4
50,39,0,-16
50,40,0,-3
50,41,0,15
50,42,0,10
50,43,0,-8
50,44,0,4
50,45,0,-3
50,46,0,18
50,47,0,-8
50,48,0,14
50,49,0,-4
50,50,0,83
50,51,0,21
50,52,0,-3
50,53,0,-5
50,54,0,3
50,55,0,-3
50,56,0,12
50,57,0,12
50,58,0,27
50,59,0,-3
50,122,0,1
51,1,0,-23
51,2,0,-4
51,3,0,9
51,4,0,7
51,5,0,-14
51,6,0,-2
51,7,0,-5
51,8,0,-7
51,9,0,11
51,10,0,7
51,11,0,8
51,12,0,15
51,13,0,3
51,14,0,-1
51,15,0,-5
51,16,0,-3
51,17,0,-12
51,18,0,7
51,19,0,2
51,21,0,-28
51,22,0,5
51,23,0,-16
51,24,0,-22
51,25,0,13
51,26,0,-3
51,27,0,-3
51,28,0,11
51,29,0,14
51,30,0,-5
51,31,0,-34
51,32,0,7
51,33,0,12
51,34,0,2
51,35,0,23
51,36,0,2
51,37,0,12
51,38,0,-13
51,39,0,5
51,40,0,5
51,41,0,5
51,42,0,7
51,43,0,5
51,44,0,-6
51,45,0,-8
51,46,0,8
51,47,0,8
51,48,0,5
51,49,0,-23
51,50,0,21
51,51,0,97
51,52,0,-4
51,53,0,-8
51,54,0,-2
51,55,0,5
51,56,0,5
51,57,0,4
51,58,0,13
51,59,0,19
51,123,0,1
52,1,0,-6
52,2,0,2
52,3,0,-3
52,4,0,-8
52,5,0,-10
52,6,0,10
52,7,0,-2
52,8,0,19
52,9,0,7
52,10,0,-24
52,11,0,-33
52,12,0,-4
52,13,0,8
52,14,0,12
52,15,0,8
52,16,0,13
52,17,0,16
52,18,0,-10
52,19,0,-25
52,20,0,-21
52,21,0,9
52,22,0,-9
52,23,0,-4
52,24,0,10
52,26,0,23
52,27,0,-15
52,28,0,6
52,30,0,-14
52,31,0,-19
52,32,0,22
52,33,0,5
52,34,0,25
52,35,0,-20
52,36,0,-3
52,37,0,-13
52,38,0,13
52,39,0,9
52,40,0,6
52,41,0,-8
52,42,0,3
52,43,0,-8
52,44,0,9
52,45,0,1
52,46,0,5
52,47,0,3
52,48,0,3
52,49,0,-13
52,50,0,-3
52,51,0,-4
52,52,0,94
52,53,0,2
52,54,0,-8
52,55,0,-3
52,56,0,-23
52,57,0,-2
52,58,0,-4
52,59,0,-19
52,124,0,1
53,1,0,10
53,2,0,3
53,3,0,-1
53,4,0,2
53,5,0,4
53,6,0,4
53,7,0,-9
53,8,0,7
53,9,0,-4
53,11,0,1
53,12,0,-12
53,13,0,34
53,14,0,11
53,15,0,7
53,16,0,-8
53,17,0,-21
53,18,0,-16
53,19,0,-12
53,20,0,1
53,21,0,-1
53,22,0,5
53,23,0,5
53,24,0,3
53,25,0,-7
53,26,0,3
53,27,0,-4
53,28,0,2
53,29,0,-21
53,30,0,2
53,31,0,-8
53,32,0,-13
53,33,0,2
53,34,0,-1
53,35,0,2
53,36,0,-3
53,37,0,7
53,38,0,4
53,39,0,6
53,40,0,5
53,41,0,15
53,42,0,-3
53,43,0,-2
53,44,0,9
53,45,0,-5
53,46,0,12
53,47,0,-5
53,48,0,-4
53,49,0,-20
53,50,0,-5
53,51,0,-8
53,52,0,2
53,53,0,81
53,54,0,-6
53,55,0,11
53,56,0,-4
53,57,0,-16
53,58,0,1
53,59,0,-11
53,125,0,1
54,1,0,12
54,2,0,13
54,3,0,-1
54,4,0,1
54,5,0,-9
54,6,0,2
54,7,0,10
54,8,0,6
54,9,0,-6
54,10,0,12
54,11,0,10
54,12,0,14
54,13,0,-19
54,14,0,3
54,15,0,-7
54,16,0,16
54,17,0,-12
54,18,0,5
54,19,0,12
54,20,0,6
54,21,0,6
54,22,0,39
54,23,0,13
54,24,0,12
54,25,0,-2
54,26,0,-1
54,27,0,-3
54,28,0,-16
54,29,0,-10
54,30,0,16
54,31,0,-3
54,32,0,-25
54,33,0,-16
54,34,0,16
54,36,0,-1
54,37,0,5
54,38,0,12
54,39,0,-7
54,40,0,-14
54,41,0,10
54,42,0,-19
54,43,0,7
54,44,0,-2
54,45,0,11
54,46,0,7
54,47,0,21
54,48,0,-1
54,49,0,4
54,50,0,3
54,51,0,-2
54,52,0,-8
54,53,0,-6
54,54,0,99
54,55,0,-11
54,56,0,-3
54,57,0,-1
54,58,0,-8
54,59,0,-2
55,1,0,10
55,2,0,-6
55,3,0,-2
55,4,0,3
55,5,0,8
55,6,0,-10
55,7,0,3
55,8,0,-7
55,9,0,-19
55,10,0,-3
55,11,0,-1
55,12,0,-7
55,13,0,-10
55,14,0,-13
55,15,0,17
55,16,0,-3
55,17,0,7
55,18,0,-9
55,19,0,9
55,20,0,2
55,21,0,1
55,22,0,-13
55,23,0,-14
55,24,0,-4
55,25,0,12
55,26,0,-6
55,27,0,23
55,28,0,-3
55,29,0,20
55,30,0,-6
55,31,0,-8
55,32,0,-15
55,33,0,15
55,34,0,-4
55,35,0,10
55,36,0,-1
55,37,0,-4
55,38,0,-15
55,39,0,-9
55,40,0,15
55,41,0,-3
55,42,0,6
55,43,0,7
55,44,0,10
55,45,0,-1
55,46,0,-10
55,47,0,-29
55,48,0,-11
55,49,0,-5
55,50,0,-3
55,51,0,5
55,52,0,-3
55,53,0,11
55,54,0,-11
55,55,0,79
55,56,0,-13
55,57,0,-33
55,58,0,-5
55,59,0,-3
56,1,0,-3
56,2,0,11
56,3,0,2
56,4,0,4
56,5,0,10
56,6,0,8
56,7,0,-29
56,8,0,-6
56,9,0,-3
56,10,0,6
56,11,0,38
56,12,0,-3
56,13,0,-7
56,14,0,5
56,15,0,-19
56,16,0,-7
56,17,0,2
56,20,0,2
56,21,0,17
56,22,0,-3
56,23,0,-5
56,24,0,-2
56,25,0,-15
56,26,0,-14
56,27,0,6
56,28,0,-6
56,29,0,-11
56,30,0,12
56,31,0,10
56,32,0,-6
56,33,0,-1
56,34,0,-18
56,35,0,9
56,36,0,-1
56,37,0,23
56,38,0,-7
56,40,0,2
56,41,0,14
56,42,0,7
56,43,0,-29
56,44,0,-5
56,45,0,-6
56,46,0,-10
56,47,0,-4
56,48,0,-15
56,49,0,11
56,50,0,12
56,51,0,5
56,52,0,-23
56,53,0,-4
56,54,0,-3
56,55,0,-13
56,56,0,86
56,57,0,-1
56,58,0,-3
56,59,0,19
57,1,0,-1
57,2,0,-4
57,3,0,-4
57,4,0,16
57,5,0,20
57,6,0,20
57,7,0,-12
57,8,0,-13
57,9,0,26
57,10,0,-5
57,11,0,-10
57,12,0,16
57,13,0,2
57,14,0,10
57,15,0,-37
57,16,0,-10
57,17,0,11
57,18,0,5
57,19,0,7
57,20,0,-10
57,21,0,-12
57,22,0,6
57,23,0,-11
57,24,0,5
57,25,0,17
57,26,0,1
57,27,0,-10
57,29,0,-8
57,30,0,1
57,31,0,-12
57,32,0,8
57,33,0,-2
57,35,0,-6
57,36,0,6
57,37,0,-6
57,38,0,-16
57,39,0,15
57,40,0,-13
57,41,0,4
57,42,0,15
57,43,0,-16
57,44,0,10
57,45,0,-10
57,47,0,16
57,48,0,11
57,49,0,13
57,50,0,12
57,51,0,4
57,52,0,-2
57,53,0,-16
57,54,0,-1
57,55,0,-33
57,56,0,-1
57,57,0,92
57,58,0,-4
57,59,0,-16
58,1,0,-7
58,2,0,15
58,3,0,18
58,4,0,-4
58,5,0,10
58,6,0,-1
58,7,0,23
58,8,0,-14
58,9,0,-12
58,10,0,2
58,11,0,-2
58,12,0,8
58,13,0,5
58,14,0,22
58,15,0,7
58,16,0,13
58,17,0,6
58,18,0,4
58,19,0,-8
58,20,0,-33
58,21,0,-5
58,22,0,-5
58,23,0,28
58,24,0,-7
58,25,0,11
58,26,0,-4
58,27,0,4
58,28,0,7
58,29,0,22
58,30,0,15
58,31,0,14
58,32,0,10
58,33,0,3
58,34,0,2
58,35,0,-24
58,36,0,-7
58,37,0,2
58,38,0,8
58,39,0,-7
58,41,0,-10
58,42,0,-6
58,43,0,3
58,44,0,-11
58,45,0,14
58,46,0,16
58,47,0,6
58,48,0,29
58,49,0,5
58,50,0,27
58,51,0,13
58,52,0,-4
58,53,0,1
58,54,0,-8
58,55,0,-5
58,56,0,-3
58,57,0,-4
58,58,0,93
58,59,0,6
59,1,0,-25
59,2,0,-7
59,3,0,-1
59,4,0,-8
59,5,0,-2
59,6,0,7
59,7,0,9
59,8,0,-8
59,9,0,1
59,10,0,-8
59,11,0,12
59,12,0,-10
59,13,0,2
59,14,0,-6
59,15,0,3
59,16,0,-14
59,17,0,-1
59,18,0,3
59,19,0,-12
59,20,0,32
59,21,0,14
59,22,0,-6
59,23,0,15
59,25,0,-13
59,26,0,8
59,27,0,2
59,28,0,3
59,29,0,2
59,30,0,-14
59,31,0,3
59,32,0,10
59,33,0,4
59,34,0,-14
59,35,0,18
59,36,0,3
59,37,0,2
59,38,0,2
59,39,0,-11
59,40,0,15
59,41,0,14
59,42,0,9
59,43,0,-6
59,44,0,-32
59,45,0,-1
59,46,0,-4
59,47,0,1
59,48,0,5
59,49,0,-17
59,50,0,-3
59,51,0,19
59,52,0,-19
59,53,0,-11
59,54,0,-2
59,55,0,-3
59,56,0,19
59,57,0,-16
59,58,0,6
59,59,0,93
60,1,0,-1
61,1,0,-1
62,1,0,-1
63,1,0,-1
64,1,0,-1
65,1,0,-1
66,1,0,-1
67,1,0,-1
68,1,0,-1
69,1,0,-1
70,1,0,-1
71,1,0,-1
72,1,0,-1
73,1,0,-1
73,73,0,4
74,2,0,-1
74,74,0,3
75,3,0,-1
75,75,0,1
76,4,0,-1
76,76,0,2
76,76,1,1
77,5,0,-1
77,77,0,5
77,77,1,-2
78,6,0,-1
78,78,0,3
79,7,0,-1
79,79,0,4
79,79,1,-1
80,8,0,-1
80,80,0,4
81,9,0,-1
81,81,0,4
82,10,0,-1
82,82,0,3
82,82,1,-2
83,11,0,-1
83,83,0,4
84,12,0,-1
84,84,0,4
84,84,1,4
85,13,0,-1
85,85,0,1
86,14,0,-1
86,86,0,4
86,86,1,-1
87,15,0,-1
87,87,0,5
88,16,0,-1
88,88,0,5
89,17,0,-1
89,89,0,3
90,18,0,-1
90,90,0,3
90,90,1,-3
91,19,0,-1
91,91,0,4
91,91,1,-1
92,20,0,-1
92,92,0,2
92,92,1,1
93,21,0,-1
93,93,0,4
94,22,0,-1
94,94,0,3
95,23,0,-1
95,95,0,2
95,95,1,-1
96,24,0,-1
96,96,0,3
97,25,0,-1
97,97,0,5
98,26,0,-1
98,98,0,2
98,98,1,1
99,27,0,-1
99,99,0,2
100,28,0,-1
100,100,0,3
100,100,1,1
101,29,0,-1
101,101,0,3
102,30,0,-1
102,102,0,2
103,31,0,-1
103,103,0,4
104,32,0,-1
104,104,0,5
104,104,1,2
105,33,0,-1
105,105,0,1
106,34,0,-1
106,106,0,5
106,106,1,3
107,35,0,-1
107,107,0,5
108,36,0,-1
108,108,0,1
109,37,0,-1
109,109,0,5
110,38,0,-1
110,110,0,4
110,110,1,3
111,39,0,-1
111,111,0,1
112,40,0,-1
112,112,0,3
113,41,0,-1
113,113,0,2
114,42,0,-1
114,114,0,1
114,114,1,-1
115,43,0,-1
115,115,0,4
115,115,1,1
116,44,0,-1
116,116,0,4
117,45,0,-1
117,117,0,4
117,117,1,3
118,46,0,-1
118,118,0,4
118,118,1,2
119,47,0,-1
119,119,0,5
120,48,0,-1
120,120,0,1
121,49,0,-1
121,121,0,5
121,121,1,1
122,50,0,-1
122,122,0,1
123,51,0,-1
123,123,0,3
123,123,1,-3
124,52,0,-1
124,124,0,1
124,124,1,-1
125,53,0,-1
125,125,0,5

q_data
1,0,-313
2,0,-853
3,0,-515
4,0,-533
4,1,-385
5,0,-89
5,1,-44
6,0,-540
7,0,-584
8,0,-496
8,1,425
9,0,-654
10,0,-502
11,0,-261
12,0,-193
13,0,-441
14,0,-921
15,0,-18
16,0,-121
17,0,-76
18,0,-425
19,0,-192
20,0,570
21,0,-61
22,0,-494
23,0,-70
23,1,-40
24,0,-42
24,1,8
25,0,68
25,1,45
26,0,-214
27,0,51
27,1,-43
28,0,-79
29,0,-130
30,0,170
31,0,208
32,0,13
32,1,2
33,0,219
33,1,78
34,0,98
35,0,-29
36,0,-97
37,0,-364
38,0,-238
39,0,-531
40,0,17
40,1,16
41,0,-675
42,0,45
43,0,-426
44,0,-261
45,0,-553
46,0,-339
47,0,-123
48,0,-186
48,1,-128
49,0,-330
50,0,-411
51,0,-123
52,0,-169
53,0,-395
54,0,-328
55,0,164
56,0,-192
57,0,-322
58,0,-496
59,0,184
60,0,2
61,0,2
62,0,2
63,0,2
63,1,1
64,0,2
65,0,2
66,0,2
67,0,2
68,0,2
69,0,2
69,1,1
70,0,2
70,1,1
71,0,2
71,1,-2
72,0,3
73,0,-2
74,0,5
75,0,1
77,0,-19
78,0,-3
78,1,1
79,0,-5
80,0,-15
81,0,8
82,0,9
83,0,-18
84,0,8
84,1,5
85,0,1
86,0,-11
87,0,7
88,0,-13
89,0,-9
90,0,-10
91,0,-8
92,0,7
93,0,-11
94,0,-9
95,0,-4
95,1,2
96,0,-5
97,0,-8
98,0,-5
99,0,8
100,0,-6
101,0,-1
102,0,1
103,0,-10
104,0,7
105,0,-2
106,0,-25
106,1,14
107,0,-19
109,0,-12
109,1,6
110,0,-3
111,0,3
111,1,-2
112,0,-8
113,0,-1
114,0,-2
116,0,-11
117,0,-4
118,0,-2
119,0,-1
120,0,-4
121,0,-17
122,0,1
122,1,1
123,0,-3
124,0,1
125,0,-20

Param_Space
1,1,-1
2,1,1

Param_Space_RHS
0
1

END
