LCP


h
75

k
1

M_data
1,1,0,115
1,2,0,4
1,3,0,-2
1,4,0,-24
1,5,0,26
1,6,0,3
1,7,0,9
1,8,0,-8
1,9,0,14
1,10,0,5
1,11,0,21
1,12,0,-19
1,13,0,20
1,14,0,-16
1,15,0,16
1,17,0,-4
1,18,0,-13
1,19,0,-1
1,20,0,-7
1,21,0,-11
1,22,0,35
1,23,0,17
1,24,0,11
1,25,0,25
1,27,0,5
1,28,0,-11
1,29,0,25
1,30,0,-2
1,31,0,6
1,32,0,17
1,33,0,9
1,34,0,6
1,35,0,-5
1,36,0,-13
1,37,0,6
1,38,0,6
1,39,0,-1
1,40,0,-15
1,41,0,-8
1,42,0,1
1,43,0,9
1,44,0,-12
1,45,0,2
1,46,0,-9
1,47,0,-17
1,48,0,-1
1,49,0,-21
1,50,0,-12
1,51,0,3
1,52,0,-15
1,53,0,10
1,54,0,3
1,55,0,-15
1,56,0,-14
1,57,0,-15
1,58,0,7
1,59,0,-4
1,60,0,-12
1,61,0,-17
1,62,0,-1
1,63,0,-6
1,64,0,1
1,65,0,1
1,66,0,1
1,67,0,1
1,68,0,1
1,69,0,1
1,70,0,1
1,71,0,1
2,1,0,4
2,2,0,110
2,3,0,2
2,4,0,-1
2,5,0,4
2,6,0,-8
2,7,0,10
2,8,0,5
2,9,0,-3
2,10,0,-23
2,11,0,-9
2,12,0,19
2,13,0,3
2,14,0,-11
2,15,0,-15
2,16,0,4
2,17,0,-7
2,18,0,-12
2,19,0,12
2,20,0,-22
2,21,0,-4
2,22,0,14
2,23,0,12
2,24,0,1
2,25,0,-16
2,26,0,-13
2,27,0,24
2,28,0,16
2,29,0,6
2,31,0,-12
2,32,0,2
2,33,0,13
2,35,0,12
2,36,0,3
2,37,0,-28
2,38,0,12
2,39,0,-7
2,40,0,13
2,41,0,5
2,42,0,-2
2,43,0,-10
2,44,0,-3
2,45,0,-12
2,46,0,-9
2,47,0,-21
2,48,0,-13
2,49,0,-6
2,51,0,-1
2,52,0,-5
2,53,0,1
2,54,0,-28
2,55,0,20
2,56,0,-12
2,57,0,4
2,58,0,11
2,59,0,5
2,60,0,18
2,61,0,28
2,62,0,2
2,63,0,-6
2,72,0,1
3,1,0,-2
3,2,0,2
3,3,0,106
3,4,0,12
3,5,0,-18
3,6,0,-17
3,7,0,-12
3,8,0,12
3,9,0,-10
3,10,0,14
3,11,0,19
3,12,0,-16
3,13,0,-3
3,14,0,-4
3,15,0,8
3,16,0,17
3,17,0,9
3,18,0,14
3,19,0,5
3,20,0,3
3,21,0,-4
3,22,0,5
3,23,0,-2
3,24,0,-9
3,25,0,20
3,26,0,-7
3,27,0,-5
3,28,0,4
3,29,0,-20
3,30,0,12
3,31,0,18
3,32,0,4
3,33,0,-29
3,34,0,2
3,35,0,-37
3,36,0,-1
3,37,0,14
3,38,0,8
3,39,0,-21
3,40,0,8
3,41,0,-24
3,43,0,-4
3,44,0,-14
3,45,0,2
3,46,0,2
3,47,0,5
3,48,0,10
3,49,0,10
3,50,0,15
3,52,0,9
3,54,0,-15
3,55,0,11
3,56,0,10
3,57,0,-2
3,58,0,3
3,59,0,10
3,60,0,10
3,61,0,-21
3,62,0,19
3,63,0,-6
3,73,0,1
4,1,0,-24
4,2,0,-1
4,3,0,12
4,4,0,101
4,5,0,8
4,6,0,4
4,7,0,-9
4,8,0,4
4,9,0,2
4,10,0,14
4,11,0,-7
4,12,0,-3
4,13,0,-5
4,14,0,5
4,15,0,-15
4,16,0,2
4,17,0,17
4,18,0,7
4,19,0,12
4,20,0,13
4,21,0,9
4,22,0,1
4,23,0,1
4,24,0,11
4,25,0,-20
4,26,0,-17
4,27,0,-12
4,28,0,12
4,29,0,2
4,30,0,-2
4,31,0,21
4,32,0,-9
4,33,0,-22
4,34,0,-7
4,35,0,-7
4,36,0,9
4,37,0,-4
4,38,0,3
4,39,0,-8
4,40,0,7
4,41,0,11
4,42,0,14
4,43,0,-12
4,44,0,8
4,46,0,9
4,47,0,12
4,48,0,-2
4,49,0,10
4,50,0,10
4,51,0,-2
4,52,0,14
4,53,0,3
4,54,0,8
4,55,0,16
4,56,0,6
4,57,0,-3
4,58,0,-6
4,59,0,8
4,60,0,-16
4,61,0,8
4,62,0,2
4,63,0,5
4,74,0,1
5,1,0,26
5,2,0,4
5,3,0,-18
5,4,0,8
5,5,0,106
5,6,0,-5
5,7,0,-9
5,8,0,-19
5,9,0,22
5,10,0,10
5,11,0,-18
5,12,0,-4
5,13,0,23
5,14,0,1
5,15,0,-14
5,16,0,-11
5,17,0,-9
5,18,0,-2
5,19,0,-7
5,20,0,5
5,21,0,-16
5,22,0,-26
5,23,0,23
5,24,0,3
5,25,0,2
5,26,0,4
5,27,0,-13
5,28,0,8
5,29,0,-6
5,30,0,1
5,31,0,10
5,32,0,-1
5,33,0,-3
5,34,0,-18
5,35,0,-6
5,36,0,27
5,37,0,6
5,38,0,7
5,39,0,-8
5,40,0,-11
5,41,0,-2
5,42,0,-7
5,43,0,-6
5,44,0,-3
5,45,0,-5
5,46,0,-13
5,47,0,-2
5,48,0,-5
5,49,0,14
5,50,0,10
5,51,0,-1
5,52,0,7
5,53,0,-22
5,54,0,-10
5,55,0,9
5,56,0,7
5,57,0,12
5,58,0,6
5,59,0,-4
5,60,0,-5
5,61,0,-17
5,62,0,-4
5,63,0,5
5,75,0,1
6,1,0,3
6,2,0,-8
6,3,0,-17
6,4,0,4
6,5,0,-5
6,6,0,114
6,7,0,-2
6,8,0,5
6,9,0,-12
6,10,0,7
6,11,0,12
6,12,0,10
6,13,0,15
6,14,0,8
6,15,0,16
6,16,0,-8
6,17,0,-9
6,18,0,12
6,19,0,21
6,20,0,-13
6,21,0,-6
6,23,0,32
6,24,0,10
6,25,0,1
6,26,0,1
6,27,0,16
6,28,0,-6
6,29,0,12
6,30,0,-2
6,31,0,3
6,32,0,2
6,33,0,22
6,34,0,11
6,35,0,11
6,36,0,-6
6,37,0,-9
6,38,0,6
6,39,0,20
6,40,0,21
6,41,0,9
6,42,0,4
6,43,0,-9
6,44,0,2
6,45,0,-25
6,46,0,3
6,47,0,-12
6,48,0,16
6,49,0,-9
6,50,0,7
6,51,0,5
6,52,0,7
6,53,0,17
6,54,0,12
6,55,0,2
6,56,0,-22
6,57,0,8
6,58,0,7
6,59,0,7
6,60,0,-9
6,61,0,17
6,62,0,11
6,63,0,15
7,1,0,9
7,2,0,10
7,3,0,-12
7,4,0,-9
7,5,0,-9
7,6,0,-2
7,7,0,72
7,8,0,-6
7,9,0,10
7,10,0,1
7,11,0,-6
7,12,0,-5
7,13,0,2
7,14,0,-14
7,15,0,-7
7,17,0,-10
7,18,0,-12
7,19,0,2
7,21,0,-4
7,22,0,9
7,23,0,4
7,24,0,4
7,25,0,2
7,26,0,-7
7,27,0,2
7,28,0,-2
7,29,0,3
7,30,0,11
7,31,0,-2
7,32,0,-5
7,33,0,1
7,34,0,-7
7,35,0,-2
7,36,0,-9
7,37,0,6
7,38,0,3
7,39,0,6
7,40,0,2
7,41,0,-1
7,42,0,-7
7,43,0,2
7,45,0,-2
7,46,0,2
7,47,0,4
7,48,0,8
7,49,0,-4
7,50,0,-22
7,51,0,15
7,52,0,-9
7,53,0,-9
7,54,0,-14
7,55,0,-3
7,56,0,1
7,58,0,-2
7,59,0,6
7,60,0,-11
7,61,0,-16
7,62,0,-8
8,1,0,-8
8,2,0,5
8,3,0,12
8,4,0,4
8,5,0,-19
8,6,0,5
8,7,0,-6
8,8,0,79
8,9,0,3
8,10,0,-6
8,11,0,-7
8,12,0,3
8,13,0,-25
8,14,0,-5
8,15,0,-2
8,16,0,-24
8,17,0,2
8,18,0,10
8,19,0,-3
8,20,0,6
8,21,0,12
8,22,0,6
8,23,0,11
8,24,0,-10
8,25,0,10
8,26,0,11
8,27,0,-3
8,28,0,5
8,29,0,4
8,30,0,12
8,31,0,-9
8,32,0,-11
8,33,0,-8
8,34,0,-12
8,35,0,-2
8,36,0,-9
8,37,0,-5
8,38,0,-15
8,39,0,21
8,40,0,-14
8,41,0,14
8,42,0,8
8,43,0,11
8,44,0,-15
8,45,0,-18
8,46,0,11
8,47,0,6
8,48,0,5
8,49,0,-12
8,50,0,4
8,51,0,-7
8,52,0,-13
8,53,0,-7
8,54,0,-3
8,55,0,-15
8,56,0,11
8,57,0,-15
8,58,0,-9
8,59,0,-21
8,60,0,-5
8,61,0,15
8,62,0,-5
8,63,0,6
9,1,0,14
9,2,0,-3
9,3,0,-10
9,4,0,2
9,5,0,22
9,6,0,-12
9,7,0,10
9,8,0,3
9,9,0,95
9,10,0,10
9,11,0,1
9,12,0,5
9,13,0,6
9,14,0,1
9,15,0,11
9,16,0,-3
9,17,0,7
9,18,0,-4
9,19,0,12
9,20,0,17
9,21,0,-9
9,22,0,6
9,23,0,1
9,25,0,25
9,26,0,20
9,27,0,-11
9,28,0,-12
9,29,0,-15
9,30,0,1
9,31,0,-9
9,32,0,-14
9,33,0,8
9,34,0,-3
9,35,0,-10
9,36,0,-5
9,37,0,-13
9,38,0,-6
9,39,0,-9
9,40,0,-20
9,41,0,-4
9,42,0,-15
9,43,0,-11
9,44,0,2
9,45,0,1
9,46,0,-20
9,47,0,19
9,48,0,-18
9,49,0,-1
9,50,0,6
9,51,0,-9
9,52,0,-11
9,53,0,-23
9,54,0,-14
9,55,0,-11
9,56,0,23
9,57,0,-23
9,58,0,6
9,59,0,8
9,60,0,-24
9,61,0,-12
9,62,0,-17
9,63,0,10
10,1,0,5
10,2,0,-23
10,3,0,14
10,4,0,14
10,5,0,10
10,6,0,7
10,7,0,1
10,8,0,-6
10,9,0,10
10,10,0,63
10,11,0,-3
10,12,0,-7
10,13,0,5
10,14,0,7
10,15,0,17
10,17,0,8
10,18,0,26
10,19,0,-3
10,20,0,5
10,21,0,4
10,22,0,-17
10,23,0,-11
10,24,0,9
10,25,0,22
10,26,0,7
10,27,0,-4
10,28,0,-6
10,29,0,-17
10,30,0,5
10,31,0,-9
10,32,0,-9
10,33,0,-11
10,34,0,3
10,35,0,-13
10,36,0,-4
10,37,0,14
10,38,0,1
10,39,0,-12
10,40,0,3
10,41,0,-13
10,42,0,-4
10,43,0,-16
10,44,0,1
10,45,0,3
10,46,0,13
10,47,0,11
10,48,0,18
10,49,0,3
10,50,0,25
10,51,0,10
10,52,0,22
10,53,0,-1
10,54,0,8
10,55,0,2
10,56,0,8
10,57,0,-7
10,58,0,-14
10,59,0,-10
10,60,0,-1
10,61,0,-9
10,62,0,16
10,63,0,-1
11,1,0,21
11,2,0,-9
11,3,0,19
11,4,0,-7
11,5,0,-18
11,6,0,12
11,7,0,-6
11,8,0,-7
11,9,0,1
11,10,0,-3
11,11,0,109
11,12,0,9
11,13,0,9
11,14,0,19
11,15,0,13
11,16,0,9
11,18,0,5
11,19,0,11
11,20,0,-3
11,21,0,-23
11,22,0,4
11,23,0,12
11,24,0,-1
11,25,0,-4
11,26,0,2
11,27,0,26
11,28,0,-3
11,29,0,14
11,30,0,5
11,31,0,-9
11,32,0,-11
11,33,0,-9
11,34,0,11
11,35,0,-15
11,36,0,-21
11,37,0,-8
11,38,0,5
11,39,0,-2
11,40,0,-12
11,41,0,8
11,42,0,9
11,43,0,-1
11,44,0,-10
11,45,0,-6
11,46,0,11
11,47,0,2
11,48,0,7
11,49,0,-22
11,50,0,5
11,51,0,-9
11,52,0,-4
11,53,0,26
11,54,0,-3
11,55,0,-2
11,56,0,3
11,57,0,11
11,58,0,14
11,59,0,10
11,60,0,-5
11,62,0,4
11,63,0,-8
12,1,0,-19
12,2,0,19
12,3,0,-16
12,4,0,-3
12,5,0,-4
12,6,0,10
12,7,0,-5
12,8,0,3
12,9,0,5
12,10,0,-7
12,11,0,9
12,12,0,93
12,13,0,10
12,14,0,9
12,15,0,24
12,16,0,-2
12,17,0,18
12,18,0,7
12,19,0,2
12,20,0,3
12,21,0,-4
12,22,0,-10
12,23,0,6
12,24,0,3
12,25,0,-23
12,26,0,-2
12,27,0,22
12,28,0,-9
12,29,0,8
12,30,0,1
12,31,0,-6
12,32,0,22
12,33,0,5
12,34,0,7
12,35,0,31
12,36,0,-2
12,38,0,-11
12,39,0,9
12,40,0,-10
12,41,0,13
12,42,0,-9
12,43,0,-20
12,44,0,-10
12,45,0,10
12,46,0,-12
12,47,0,-6
12,48,0,-2
12,49,0,-6
12,50,0,20
12,51,0,2
12,52,0,-9
12,53,0,26
12,54,0,14
12,55,0,9
12,56,0,10
12,57,0,-10
12,58,0,3
12,59,0,-11
12,60,0,16
12,61,0,-2
12,62,0,-11
12,63,0,1
13,1,0,20
13,2,0,3
13,3,0,-3
13,4,0,-5
13,5,0,23
13,6,0,15
13,7,0,2
13,8,0,-25
13,9,0,6
13,10,0,5
13,11,0,9
13,12,0,10
13,13,0,100
13,15,0,4
13,16,0,5
13,17,0,8
13,18,0,-20
13,20,0,5
13,21,0,-17
13,22,0,-20
13,23,0,7
13,24,0,20
13,25,0,-9
13,26,0,-1
13,27,0,29
13,28,0,25
13,29,0,-17
13,30,0,-5
13,31,0,8
13,32,0,18
13,33,0,3
13,34,0,-8
13,35,0,1
13,36,0,13
13,37,0,-5
13,38,0,5
13,39,0,6
13,40,0,-15
13,41,0,-1
13,42,0,-12
13,43,0,-28
13,44,0,-5
13,45,0,-3
13,47,0,19
13,48,0,-11
13,49,0,-17
13,50,0,7
13,51,0,-8
13,52,0,-2
13,53,0,10
13,54,0,-9
13,55,0,8
13,56,0,1
13,57,0,13
13,58,0,14
13,59,0,2
13,60,0,-7
13,61,0,-10
13,62,0,3
13,63,0,-2
14,1,0,-16
14,2,0,-11
14,3,0,-4
14,4,0,5
14,5,0,1
14,6,0,8
14,7,0,-14
14,8,0,-5
14,9,0,1
14,10,0,7
14,11,0,19
14,12,0,9
14,14,0,80
14,15,0,-5
14,16,0,-1
14,17,0,-9
14,18,0,28
14,19,0,9
14,20,0,16
14,21,0,-3
14,22,0,-8
14,23,0,4
14,24,0,-1
14,25,0,6
14,26,0,-3
14,27,0,9
14,28,0,-13
14,29,0,-13
14,30,0,15
14,31,0,13
14,32,0,-10
14,33,0,-10
14,34,0,5
14,35,0,8
14,36,0,9
14,37,0,-6
14,38,0,20
14,39,0,5
14,40,0,3
14,41,0,-4
14,42,0,21
14,43,0,-15
14,44,0,24
14,45,0,22
14,46,0,4
14,47,0,12
14,48,0,13
14,49,0,-4
14,50,0,6
14,51,0,17
14,52,0,5
14,53,0,-3
14,54,0,12
14,55,0,16
14,56,0,-2
14,57,0,11
14,58,0,-4
14,59,0,3
14,60,0,-1
14,61,0,14
14,62,0,-9
14,63,0,18
15,1,0,16
15,2,0,-15
15,3,0,8
15,4,0,-15
15,5,0,-14
15,6,0,16
15,7,0,-7
15,8,0,-2
15,9,0,11
15,10,0,17
15,11,0,13
15,12,0,24
15,13,0,4
15,14,0,-5
15,15,0,92
15,16,0,6
15,17,0,18
15,18,0,16
15,19,0,24
15,21,0,-13
15,22,0,3
15,23,0,-14
15,24,0,11
15,25,0,-3
15,26,0,3
15,27,0,16
15,28,0,-11
15,29,0,5
15,30,0,-3
15,31,0,-16
15,32,0,4
15,33,0,14
15,34,0,1
15,35,0,10
15,36,0,-23
15,37,0,3
15,38,0,-11
15,39,0,7
15,40,0,-26
15,41,0,-3
15,42,0,-18
15,43,0,-4
15,44,0,-17
15,45,0,-9
15,46,0,-8
15,47,0,-6
15,48,0,1
15,49,0,-9
15,50,0,14
15,51,0,17
15,52,0,7
15,53,0,17
15,54,0,26
15,56,0,-30
15,57,0,-14
15,58,0,3
15,59,0,-3
15,60,0,20
15,61,0,-16
15,62,0,-4
15,63,0,7
16,2,0,4
16,3,0,17
16,4,0,2
16,5,0,-11
16,6,0,-8
16,8,0,-24
16,9,0,-3
16,11,0,9
16,12,0,-2
16,13,0,5
16,14,0,-1
16,15,0,6
16,16,0,98
16,17,0,15
16,18,0,11
16,19,0,-3
16,20,0,16
16,21,0,-4
16,22,0,9
16,23,0,-2
16,24,0,5
16,25,0,-13
16,26,0,12
16,27,0,8
16,28,0,-3
16,29,0,1
16,30,0,13
16,31,0,-11
16,32,0,20
16,33,0,-21
16,34,0,22
16,35,0,8
16,36,0,3
16,37,0,-9
16,38,0,21
16,39,0,-5
16,40,0,12
16,41,0,7
16,42,0,10
16,43,0,-9
16,44,0,-6
16,45,0,2
16,46,0,-19
16,47,0,4
16,49,0,3
16,50,0,-20
16,51,0,-3
16,52,0,12
16,53,0,11
16,54,0,-1
16,55,0,5
16,56,0,-9
16,57,0,-3
16,58,0,10
16,59,0,23
16,60,0,12
16,61,0,2
16,62,0,3
16,63,0,-2
17,1,0,-4
17,2,0,-7
17,3,0,9
17,4,0,17
17,5,0,-9
17,6,0,-9
17,7,0,-10
17,8,0,2
17,9,0,7
17,10,0,8
17,12,0,18
17,13,0,8
17,14,0,-9
17,15,0,18
17,16,0,15
17,17,0,95
17,18,0,21
17,19,0,12
17,20,0,10
17,21,0,8
17,22,0,-10
17,23,0,-10
17,24,0,2
17,25,0,-10
17,26,0,2
17,27,0,16
17,29,0,11
17,30,0,16
17,31,0,15
17,32,0,-1
17,33,0,-17
17,34,0,39
17,35,0,3
17,36,0,-7
17,37,0,-9
17,38,0,-18
17,39,0,2
17,40,0,-17
17,41,0,-11
17,42,0,-1
17,43,0,-25
17,44,0,10
17,45,0,-9
17,46,0,-12
17,47,0,-9
17,48,0,-9
17,49,0,-3
17,50,0,15
17,52,0,-1
17,53,0,-2
17,54,0,7
17,55,0,5
17,56,0,-11
17,57,0,-1
17,58,0,11
17,59,0,-6
17,60,0,-1
17,61,0,-12
17,62,0,1
17,63,0,-2
18,1,0,-13
18,2,0,-12
18,3,0,14
18,4,0,7
18,5,0,-2
18,6,0,12
18,7,0,-12
18,8,0,10
18,9,0,-4
18,10,0,26
18,11,0,5
18,12,0,7
18,13,0,-20
18,14,0,28
18,15,0,16
18,16,0,11
18,17,0,21
18,18,0,85
18,19,0,14
18,20,0,5
18,21,0,7
18,22,0,-10
18,23,0,-20
18,24,0,-6
18,25,0,14
18,26,0,7
18,27,0,9
18,28,0,-16
18,29,0,-5
18,30,0,7
18,31,0,4
18,32,0,-5
18,33,0,-23
18,34,0,16
18,35,0,5
18,36,0,5
18,37,0,20
18,38,0,-9
18,39,0,-10
18,40,0,-7
18,41,0,-7
18,42,0,8
18,43,0,-20
18,44,0,3
18,45,0,9
18,46,0,-2
18,47,0,-4
18,48,0,22
18,49,0,18
18,50,0,1
18,51,0,2
18,52,0,9
18,53,0,-23
18,54,0,10
18,55,0,-5
18,56,0,-6
18,57,0,4
18,58,0,-8
18,59,0,-9
18,60,0,-5
18,61,0,19
18,62,0,3
18,63,0,6
19,1,0,-1
19,2,0,12
19,3,0,5
19,4,0,12
19,5,0,-7
19,6,0,21
19,7,0,2
19,8,0,-3
19,9,0,12
19,10,0,-3
19,11,0,11
19,12,0,2
19,14,0,9
19,15,0,24
19,16,0,-3
19,17,0,12
19,18,0,14
19,19,0,100
19,20,0,-9
19,21,0,-6
19,22,0,-4
19,23,0,7
19,24,0,-3
19,25,0,-7
19,26,0,7
19,27,0,10
19,28,0,-12
19,29,0,9
19,30,0,2
19,31,0,6
19,32,0,-13
19,33,0,-4
19,34,0,12
19,35,0,-1
19,36,0,-14
19,37,0,10
19,38,0,-17
19,39,0,2
19,40,0,2
19,41,0,8
19,42,0,-20
19,44,0,3
19,45,0,-3
19,46,0,-8
19,47,0,-6
19,48,0,-9
19,49,0,-26
19,50,0,-4
19,52,0,-1
19,53,0,1
19,54,0,8
19,55,0,19
19,56,0,-26
19,57,0,5
19,58,0,9
19,59,0,7
19,60,0,-4
19,61,0,8
19,62,0,-14
19,63,0,7
20,1,0,-7
20,2,0,-22
20,3,0,3
20,4,0,13
20,5,0,5
20,6,0,-13
20,8,0,6
20,9,0,17
20,10,0,5
20,11,0,-3
20,12,0,3
20,13,0,5
20,14,0,16
20,16,0,16
20,17,0,10
20,18,0,5
20,19,0,-9
20,20,0,99
20,21,0,-3
20,22,0,-4
20,23,0,1
20,24,0,9
20,25,0,16
20,26,0,-2
20,27,0,-15
20,28,0,-5
20,29,0,-8
20,30,0,27
20,31,0,-10
20,32,0,-3
20,33,0,-3
20,34,0,7
20,35,0,-3
20,36,0,12
20,37,0,5
20,38,0,-10
20,39,0,11
20,40,0,4
20,41,0,-12
20,42,0,9
20,43,0,-7
20,44,0,-13
20,45,0,5
20,46,0,-4
20,47,0,17
20,48,0,-7
20,49,0,-12
20,50,0,-1
20,51,0,12
20,52,0,20
20,53,0,18
20,54,0,1
20,55,0,14
20,56,0,-12
20,57,0,9
20,58,0,-17
20,60,0,4
20,61,0,-14
20,62,0,8
20,63,0,24
21,1,0,-11
21,2,0,-4
21,3,0,-4
21,4,0,9
21,5,0,-16
21,6,0,-6
21,7,0,-4
21,8,0,12
21,9,0,-9
21,10,0,4
21,11,0,-23
21,12,0,-4
21,13,0,-17
21,14,0,-3
21,15,0,-13
21,16,0,-4
21,17,0,8
21,18,0,7
21,19,0,-6
21,20,0,-3
21,21,0,86
21,22,0,-10
21,23,0,12
21,24,0,-3
21,25,0,-10
21,26,0,-14
21,27,0,-2
21,28,0,-7
21,29,0,-23
21,30,0,-14
21,31,0,1
21,32,0,-9
21,33,0,1
21,34,0,-8
21,35,0,11
21,36,0,7
21,37,0,2
21,38,0,-7
21,39,0,-4
21,40,0,5
21,41,0,-3
21,42,0,-2
21,43,0,-1
21,44,0,5
21,45,0,-3
21,46,0,3
21,47,0,-10
21,48,0,-2
21,49,0,2
21,51,0,7
21,52,0,-12
21,53,0,3
21,54,0,-7
21,56,0,-13
21,57,0,-24
21,58,0,-5
21,59,0,-4
21,60,0,8
21,61,0,17
21,62,0,16
21,63,0,6
22,1,0,35
22,2,0,14
22,3,0,5
22,4,0,1
22,5,0,-26
22,7,0,9
22,8,0,6
22,9,0,6
22,10,0,-17
22,11,0,4
22,12,0,-10
22,13,0,-20
22,14,0,-8
22,15,0,3
22,16,0,9
22,17,0,-10
22,18,0,-10
22,19,0,-4
22,20,0,-4
22,21,0,-10
22,22,0,99
22,23,0,-7
22,24,0,12
22,25,0,4
22,26,0,-16
22,27,0,-16
22,28,0,-20
22,29,0,14
22,30,0,-12
22,31,0,5
22,32,0,1
22,33,0,15
22,34,0,6
22,35,0,8
22,36,0,-3
22,37,0,-15
22,38,0,3
22,39,0,-3
22,40,0,-13
22,41,0,1
22,42,0,26
22,43,0,27
22,44,0,-2
22,45,0,15
22,46,0,-25
22,48,0,-7
22,49,0,-10
22,50,0,-22
22,51,0,-3
22,52,0,-8
22,53,0,2
22,54,0,-1
22,55,0,-7
22,56,0,-3
22,57,0,-15
22,58,0,-1
22,59,0,-15
22,60,0,-16
22,61,0,3
22,62,0,14
22,63,0,9
23,1,0,17
23,2,0,12
23,3,0,-2
23,4,0,1
23,5,0,23
23,6,0,32
23,7,0,4
23,8,0,11
23,9,0,1
23,10,0,-11
23,11,0,12
23,12,0,6
23,13,0,7
23,14,0,4
23,15,0,-14
23,16,0,-2
23,17,0,-10
23,18,0,-20
23,19,0,7
23,20,0,1
23,21,0,12
23,22,0,-7
23,23,0,110
23,24,0,15
23,25,0,-12
23,26,0,-23
23,27,0,20
23,28,0,-4
23,29,0,-8
23,30,0,11
23,31,0,10
23,32,0,7
23,33,0,6
23,34,0,-12
23,35,0,10
23,36,0,12
23,37,0,1
23,38,0,3
23,40,0,22
23,41,0,14
23,43,0,2
23,44,0,-7
23,45,0,-15
23,46,0,12
23,47,0,-25
23,49,0,-10
23,50,0,10
23,51,0,-9
23,52,0,-11
23,53,0,15
23,54,0,-11
23,55,0,30
23,56,0,11
23,57,0,-13
23,58,0,21
23,59,0,7
23,60,0,4
23,61,0,16
23,62,0,-5
23,63,0,9
24,1,0,11
24,2,0,1
24,3,0,-9
24,4,0,11
24,5,0,3
24,6,0,10
24,7,0,4
24,8,0,-10
24,10,0,9
24,11,0,-1
24,12,0,3
24,13,0,20
24,14,0,-1
24,15,0,11
24,16,0,5
24,17,0,2
24,18,0,-6
24,19,0,-3
24,20,0,9
24,21,0,-3
24,22,0,12
24,23,0,15
24,24,0,96
24,25,0,4
24,26,0,8
24,27,0,10
24,28,0,10
24,29,0,-7
24,30,0,1
24,31,0,4
24,32,0,2
24,33,0,13
24,34,0,11
24,35,0,-9
24,36,0,9
24,37,0,-2
24,39,0,-5
24,40,0,3
24,41,0,5
24,42,0,-5
24,44,0,12
24,45,0,-8
24,46,0,10
24,48,0,-5
24,49,0,-4
24,50,0,4
24,51,0,-1
24,52,0,2
24,53,0,22
24,54,0,4
24,55,0,10
24,56,0,12
24,57,0,-3
24,58,0,-14
24,59,0,-3
24,60,0,9
24,61,0,-6
24,62,0,-9
24,63,0,8
25,1,0,25
25,2,0,-16
25,3,0,20
25,4,0,-20
25,5,0,2
25,6,0,1
25,7,0,2
25,8,0,10
25,9,0,25
25,10,0,22
25,11,0,-4
25,12,0,-23
25,13,0,-9
25,14,0,6
25,15,0,-3
25,16,0,-13
25,17,0,-10
25,18,0,14
25,19,0,-7
25,20,0,16
25,21,0,-10
25,22,0,4
25,23,0,-12
25,24,0,4
25,25,0,88
25,26,0,24
25,27,0,-22
25,28,0,-9
25,29,0,-16
25,30,0,7
25,31,0,-1
25,32,0,-12
25,33,0,-1
25,34,0,3
25,35,0,-26
25,36,0,-18
25,37,0,6
25,38,0,-5
25,39,0,-18
25,40,0,7
25,41,0,-21
25,42,0,1
25,43,0,-6
25,44,0,-8
25,45,0,-1
25,46,0,4
25,47,0,14
25,48,0,2
25,49,0,-10
25,50,0,1
25,51,0,-6
25,52,0,4
25,53,0,-23
25,54,0,1
25,55,0,-17
25,56,0,3
25,57,0,-7
25,58,0,-7
25,59,0,-10
25,60,0,1
25,61,0,-22
25,62,0,5
25,63,0,7
26,2,0,-13
26,3,0,-7
26,4,0,-17
26,5,0,4
26,6,0,1
26,7,0,-7
26,8,0,11
26,9,0,20
26,10,0,7
26,11,0,2
26,12,0,-2
26,13,0,-1
26,14,0,-3
26,15,0,3
26,16,0,12
26,17,0,2
26,18,0,7
26,19,0,7
26,20,0,-2
26,21,0,-14
26,22,0,-16
26,23,0,-23
26,24,0,8
26,25,0,24
26,26,0,98
26,27,0,6
26,28,0,2
26,29,0,10
26,30,0,25
26,31,0,-8
26,32,0,-14
26,33,0,7
26,34,0,11
26,35,0,-11
26,36,0,-5
26,37,0,9
26,38,0,2
26,39,0,5
26,40,0,-16
26,41,0,6
26,42,0,-1
26,43,0,5
26,44,0,2
26,45,0,12
26,46,0,-5
26,47,0,20
26,48,0,1
26,50,0,12
26,51,0,-2
26,52,0,-8
26,53,0,-18
26,54,0,-8
26,55,0,-11
26,56,0,-8
26,58,0,-13
26,59,0,13
26,60,0,14
26,61,0,2
26,62,0,-6
26,63,0,-7
27,1,0,5
27,2,0,24
27,3,0,-5
27,4,0,-12
27,5,0,-13
27,6,0,16
27,7,0,2
27,8,0,-3
27,9,0,-11
27,10,0,-4
27,11,0,26
27,12,0,22
27,13,0,29
27,14,0,9
27,15,0,16
27,16,0,8
27,17,0,16
27,18,0,9
27,19,0,10
27,20,0,-15
27,21,0,-2
27,22,0,-16
27,23,0,20
27,24,0,10
27,25,0,-22
27,26,0,6
27,27,0,96
27,28,0,16
27,29,0,-1
27,30,0,17
27,31,0,2
27,32,0,8
27,33,0,-5
27,34,0,12
27,35,0,12
27,36,0,4
27,37,0,-10
27,38,0,-8
27,39,0,13
27,40,0,6
27,41,0,5
27,42,0,-12
27,43,0,-5
27,44,0,2
27,45,0,3
27,47,0,-9
27,48,0,20
27,49,0,-12
27,50,0,20
27,51,0,-12
27,52,0,-12
27,53,0,14
27,54,0,11
27,55,0,25
27,56,0,-23
27,57,0,-4
27,59,0,18
27,60,0,5
27,61,0,23
27,62,0,-5
27,63,0,2
28,1,0,-11
28,2,0,16
28,3,0,4
28,4,0,12
28,5,0,8
28,6,0,-6
28,7,0,-2
28,8,0,5
28,9,0,-12
28,10,0,-6
28,11,0,-3
28,12,0,-9
28,13,0,25
28,14,0,-13
28,15,0,-11
28,16,0,-3
28,18,0,-16
28,19,0,-12
28,20,0,-5
28,21,0,-7
28,22,0,-20
28,23,0,-4
28,24,0,10
28,25,0,-9
28,26,0,2
28,27,0,16
28,28,0,86
28,29,0,-6
28,30,0,-6
28,31,0,-5
28,32,0,-1
28,33,0,-7
28,34,0,-31
28,35,0,2
28,36,0,1
28,37,0,-17
28,38,0,2
28,39,0,2
28,40,0,12
28,41,0,21
28,42,0,-9
28,43,0,-17
28,44,0,-14
28,45,0,-33
28,46,0,14
28,47,0,5
28,48,0,8
28,49,0,-22
28,50,0,12
28,51,0,-3
28,52,0,1
28,53,0,-2
28,54,0,-17
28,55,0,-10
28,56,0,13
28,57,0,-3
28,58,0,-9
28,59,0,15
28,60,0,4
28,61,0,-3
28,62,0,-7
28,63,0,-13
29,1,0,25
29,2,0,6
29,3,0,-20
29,4,0,2
29,5,0,-6
29,6,0,12
29,7,0,3
29,8,0,4
29,9,0,-15
29,10,0,-17
29,11,0,14
29,12,0,8
29,13,0,-17
29,14,0,-13
29,15,0,5
29,16,0,1
29,17,0,11
29,18,0,-5
29,19,0,9
29,20,0,-8
29,21,0,-23
29,22,0,14
29,23,0,-8
29,24,0,-7
29,25,0,-16
29,26,0,10
29,27,0,-1
29,28,0,-6
29,29,0,101
29,30,0,5
29,32,0,24
29,33,0,24
29,34,0,24
29,35,0,-2
29,36,0,-6
29,37,0,-1
29,38,0,-5
29,39,0,12
29,40,0,-4
29,41,0,12
29,42,0,10
29,43,0,25
29,44,0,4
29,45,0,6
29,46,0,12
29,47,0,-32
29,48,0,-8
29,49,0,-13
29,50,0,-1
29,51,0,-17
29,52,0,-8
29,53,0,7
29,54,0,27
29,55,0,-5
29,56,0,-10
29,58,0,8
29,59,0,2
29,60,0,-7
29,61,0,4
29,62,0,-12
29,63,0,-33
30,1,0,-2
30,3,0,12
30,4,0,-2
30,5,0,1
30,6,0,-2
30,7,0,11
30,8,0,12
30,9,0,1
30,10,0,5
30,11,0,5
30,12,0,1
30,13,0,-5
30,14,0,15
30,15,0,-3
30,16,0,13
30,17,0,16
30,18,0,7
30,19,0,2
30,20,0,27
30,21,0,-14
30,22,0,-12
30,23,0,11
30,24,0,1
30,25,0,7
30,26,0,25
30,27,0,17
30,28,0,-6
30,29,0,5
30,30,0,90
30,31,0,5
30,32,0,-9
30,33,0,-18
30,34,0,16
30,35,0,-1
30,36,0,1
30,37,0,-2
30,38,0,-13
30,39,0,10
30,40,0,9
30,41,0,-29
30,42,0,25
30,43,0,-1
30,44,0,4
30,45,0,6
30,46,0,-6
30,47,0,10
30,48,0,11
30,49,0,4
30,50,0,16
30,52,0,-3
30,53,0,1
30,54,0,11
30,55,0,11
30,56,0,-22
30,57,0,7
30,58,0,-13
30,59,0,24
30,60,0,1
30,61,0,1
30,62,0,-3
30,63,0,5
31,1,0,6
31,2,0,-12
31,3,0,18
31,4,0,21
31,5,0,10
31,6,0,3
31,7,0,-2
31,8,0,-9
31,9,0,-9
31,10,0,-9
31,11,0,-9
31,12,0,-6
31,13,0,8
31,14,0,13
31,15,0,-16
31,16,0,-11
31,17,0,15
31,18,0,4
31,19,0,6
31,20,0,-10
31,21,0,1
31,22,0,5
31,23,0,10
31,24,0,4
31,25,0,-1
31,26,0,-8
31,27,0,2
31,28,0,-5
31,30,0,5
31,31,0,89
31,32,0,13
31,33,0,-16
31,35,0,3
31,36,0,13
31,38,0,15
31,39,0,3
31,40,0,-3
31,41,0,-16
31,42,0,21
31,43,0,10
31,44,0,11
31,45,0,20
31,46,0,5
31,47,0,-1
31,48,0,4
31,49,0,15
31,50,0,-3
31,51,0,-18
31,52,0,-28
31,53,0,-14
31,54,0,5
31,55,0,24
31,57,0,9
31,58,0,4
31,59,0,-3
31,60,0,-16
31,61,0,-7
31,62,0,-21
31,63,0,-12
32,1,0,17
32,2,0,2
32,3,0,4
32,4,0,-9
32,5,0,-1
32,6,0,2
32,7,0,-5
32,8,0,-11
32,9,0,-14
32,10,0,-9
32,11,0,-11
32,12,0,22
32,13,0,18
32,14,0,-10
32,15,0,4
32,16,0,20
32,17,0,-1
32,18,0,-5
32,19,0,-13
32,20,0,-3
32,21,0,-9
32,22,0,1
32,23,0,7
32,24,0,2
32,25,0,-12
32,26,0,-14
32,27,0,8
32,28,0,-1
32,29,0,24
32,30,0,-9
32,31,0,13
32,32,0,78
32,33,0,10
32,34,0,1
32,35,0,17
32,36,0,4
32,37,0,9
32,38,0,24
32,40,0,8
32,41,0,-6
32,42,0,-1
32,43,0,4
32,44,0,-18
32,45,0,-2
32,46,0,7
32,47,0,-9
32,48,0,3
32,49,0,13
32,50,0,2
32,51,0,-19
32,52,0,2
32,53,0,12
32,54,0,22
32,55,0,9
32,56,0,18
32,57,0,-5
32,58,0,-1
32,59,0,4
32,60,0,1
32,61,0,-2
32,62,0,-7
32,63,0,-13
33,1,0,9
33,2,0,13
33,3,0,-29
33,4,0,-22
33,5,0,-3
33,6,0,22
33,7,0,1
33,8,0,-8
33,9,0,8
33,10,0,-11
33,11,0,-9
33,12,0,5
33,13,0,3
33,14,0,-10
33,15,0,14
33,16,0,-21
33,17,0,-17
33,18,0,-23
33,19,0,-4
33,20,0,-3
33,21,0,1
33,22,0,15
33,23,0,6
33,24,0,13
33,25,0,-1
33,26,0,7
33,27,0,-5
33,28,0,-7
33,29,0,24
33,30,0,-18
33,31,0,-16
33,32,0,10
33,33,0,110
33,34,0,-2
33,35,0,7
33,36,0,-3
33,37,0,-21
33,38,0,2
33,39,0,-9
33,40,0,14
33,41,0,21
33,42,0,-17
33,43,0,-7
33,44,0,7
33,45,0,8
33,46,0,8
33,47,0,-3
33,48,0,-31
33,49,0,-6
33,51,0,-3
33,52,0,-9
33,53,0,-1
33,54,0,-16
33,56,0,-8
33,57,0,-13
33,58,0,-2
33,60,0,-6
33,61,0,-4
33,62,0,-7
33,63,0,6
34,1,0,6
34,3,0,2
34,4,0,-7
34,5,0,-18
34,6,0,11
34,7,0,-7
34,8,0,-12
34,9,0,-3
34,10,0,3
34,11,0,11
34,12,0,7
34,13,0,-8
34,14,0,5
34,15,0,1
34,16,0,22
34,17,0,39
34,18,0,16
34,19,0,12
34,20,0,7
34,21,0,-8
34,22,0,6
34,23,0,-12
34,24,0,11
34,25,0,3
34,26,0,11
34,27,0,12
34,28,0,-31
34,29,0,24
34,30,0,16
34,32,0,1
34,33,0,-2
34,34,0,106
34,35,0,10
34,36,0,1
34,37,0,-19
34,38,0,-16
34,39,0,23
34,40,0,10
34,41,0,-5
34,42,0,-5
34,43,0,1
34,44,0,30
34,45,0,21
34,46,0,-6
34,47,0,-12
34,48,0,-4
34,49,0,11
34,50,0,13
34,51,0,14
34,52,0,2
34,53,0,17
34,54,0,21
34,55,0,1
34,56,0,-4
34,58,0,17
34,59,0,19
34,60,0,3
34,61,0,-6
34,62,0,5
34,63,0,7
35,1,0,-5
35,2,0,12
35,3,0,-37
35,4,0,-7
35,5,0,-6
35,6,0,11
35,7,0,-2
35,8,0,-2
35,9,0,-10
35,10,0,-13
35,11,0,-15
35,12,0,31
35,13,0,1
35,14,0,8
35,15,0,10
35,16,0,8
35,17,0,3
35,18,0,5
35,19,0,-1
35,20,0,-3
35,21,0,11
35,22,0,8
35,23,0,10
35,24,0,-9
35,25,0,-26
35,26,0,-11
35,27,0,12
35,28,0,2
35,29,0,-2
35,30,0,-1
35,31,0,3
35,32,0,17
35,33,0,7
35,34,0,10
35,35,0,96
35,36,0,2
35,37,0,-27
35,38,0,11
35,39,0,30
35,40,0,-12
35,41,0,-1
35,42,0,13
35,43,0,-1
35,44,0,25
35,45,0,7
35,46,0,-13
35,47,0,2
35,48,0,14
35,50,0,4
35,51,0,3
35,52,0,-8
35,53,0,14
35,54,0,15
35,55,0,-5
35,56,0,-14
35,57,0,-2
35,58,0,7
35,59,0,2
35,60,0,9
35,61,0,19
35,62,0,-1
35,63,0,3
36,1,0,-13
36,2,0,3
36,3,0,-1
36,4,0,9
36,5,0,27
36,6,0,-6
36,7,0,-9
36,8,0,-9
36,9,0,-5
36,10,0,-4
36,11,0,-21
36,12,0,-2
36,13,0,13
36,14,0,9
36,15,0,-23
36,16,0,3
36,17,0,-7
36,18,0,5
36,19,0,-14
36,20,0,12
36,21,0,7
36,22,0,-3
36,23,0,12
36,24,0,9
36,25,0,-18
36,26,0,-5
36,27,0,4
36,28,0,1
36,29,0,-6
36,30,0,1
36,31,0,13
36,32,0,4
36,33,0,-3
36,34,0,1
36,35,0,2
36,36,0,77
36,37,0,-13
36,38,0,8
36,39,0,11
36,40,0,3
36,41,0,3
36,42,0,3
36,43,0,6
36,44,0,27
36,45,0,23
36,46,0,11
36,47,0,-10
36,48,0,5
36,49,0,13
36,50,0,8
36,51,0,-9
36,52,0,-13
36,53,0,-7
36,54,0,-7
36,55,0,-2
36,56,0,18
36,57,0,12
36,58,0,2
36,59,0,2
36,60,0,-4
36,61,0,19
36,62,0,16
36,63,0,15
37,1,0,6
37,2,0,-28
37,3,0,14
37,4,0,-4
37,5,0,6
37,6,0,-9
37,7,0,6
37,8,0,-5
37,9,0,-13
37,10,0,14
37,11,0,-8
37,13,0,-5
37,14,0,-6
37,15,0,3
37,16,0,-9
37,17,0,-9
37,18,0,20
37,19,0,10
37,20,0,5
37,21,0,2
37,22,0,-15
37,23,0,1
37,24,0,-2
37,25,0,6
37,26,0,9
37,27,0,-10
37,28,0,-17
37,29,0,-1
37,30,0,-2
37,32,0,9
37,33,0,-21
37,34,0,-19
37,35,0,-27
37,36,0,-13
37,37,0,99
37,38,0,-12
37,39,0,-16
37,40,0,-8
37,41,0,-14
37,42,0,3
37,43,0,6
37,44,0,-30
37,45,0,14
37,46,0,6
37,47,0,-11
37,49,0,18
37,50,0,-10
37,51,0,13
37,52,0,21
37,53,0,4
37,54,0,11
37,55,0,16
37,56,0,1
37,57,0,-7
37,58,0,-20
37,59,0,-7
37,60,0,8
37,61,0,-12
37,62,0,18
37,63,0,-10
38,1,0,6
38,2,0,12
38,3,0,8
38,4,0,3
38,5,0,7
38,6,0,6
38,7,0,3
38,8,0,-15
38,9,0,-6
38,10,0,1
38,11,0,5
38,12,0,-11
38,13,0,5
38,14,0,20
38,15,0,-11
38,16,0,21
38,17,0,-18
38,18,0,-9
38,19,0,-17
38,20,0,-10
38,21,0,-7
38,22,0,3
38,23,0,3
38,25,0,-5
38,26,0,2
38,27,0,-8
38,28,0,2
38,29,0,-5
38,30,0,-13
38,31,0,15
38,32,0,24
38,33,0,2
38,34,0,-16
38,35,0,11
38,36,0,8
38,37,0,-12
38,38,0,89
38,40,0,1
38,41,0,-8
38,42,0,22
38,43,0,7
38,44,0,13
38,45,0,7
38,46,0,-3
38,47,0,20
38,48,0,12
38,49,0,14
38,50,0,-6
38,51,0,-1
38,52,0,4
38,53,0,-7
38,54,0,-9
38,55,0,11
38,56,0,5
38,58,0,-1
38,59,0,8
38,60,0,4
38,62,0,17
38,63,0,-17
39,1,0,-1
39,2,0,-7
39,3,0,-21
39,4,0,-8
39,5,0,-8
39,6,0,20
39,7,0,6
39,8,0,21
39,9,0,-9
39,10,0,-12
39,11,0,-2
39,12,0,9
39,13,0,6
39,14,0,5
39,15,0,7
39,16,0,-5
39,17,0,2
39,18,0,-10
39,19,0,2
39,20,0,11
39,21,0,-4
39,22,0,-3
39,24,0,-5
39,25,0,-18
39,26,0,5
39,27,0,13
39,28,0,2
39,29,0,12
39,30,0,10
39,31,0,3
39,33,0,-9
39,34,0,23
39,35,0,30
39,36,0,11
39,37,0,-16
39,39,0,88
39,40,0,-15
39,41,0,12
39,42,0,21
39,43,0,22
39,44,0,3
39,45,0,-4
39,46,0,-4
39,47,0,-5
39,48,0,17
39,49,0,8
39,50,0,21
39,51,0,3
39,52,0,-11
39,53,0,15
39,54,0,11
39,55,0,-5
39,56,0,-17
39,57,0,28
39,58,0,-4
39,59,0,6
39,60,0,3
39,61,0,3
39,62,0,-6
39,63,0,13
40,1,0,-15
40,2,0,13
40,3,0,8
40,4,0,7
40,5,0,-11
40,6,0,21
40,7,0,2
40,8,0,-14
40,9,0,-20
40,10,0,3
40,11,0,-12
40,12,0,-10
40,13,0,-15
40,14,0,3
40,15,0,-26
40,16,0,12
40,17,0,-17
40,18,0,-7
40,19,0,2
40,20,0,4
40,21,0,5
40,22,0,-13
40,23,0,22
40,24,0,3
40,25,0,7
40,26,0,-16
40,27,0,6
40,28,0,12
40,29,0,-4
40,30,0,9
40,31,0,-3
40,32,0,8
40,33,0,14
40,34,0,10
40,35,0,-12
40,36,0,3
40,37,0,-8
40,38,0,1
40,39,0,-15
40,40,0,99
40,41,0,13
40,42,0,-7
40,43,0,-16
40,44,0,5
40,45,0,-10
40,46,0,17
40,47,0,-5
40,48,0,-1
40,49,0,4
40,50,0,6
40,51,0,2
40,52,0,18
40,53,0,12
40,54,0,-3
40,55,0,14
40,56,0,1
40,57,0,3
40,58,0,3
40,59,0,12
40,60,0,9
40,61,0,10
40,62,0,-2
40,63,0,-5
41,1,0,-8
41,2,0,5
41,3,0,-24
41,4,0,11
41,5,0,-2
41,6,0,9
41,7,0,-1
41,8,0,14
41,9,0,-4
41,10,0,-13
41,11,0,8
41,12,0,13
41,13,0,-1
41,14,0,-4
41,15,0,-3
41,16,0,7
41,17,0,-11
41,18,0,-7
41,19,0,8
41,20,0,-12
41,21,0,-3
41,22,0,1
41,23,0,14
41,24,0,5
41,25,0,-21
41,26,0,6
41,27,0,5
41,28,0,21
41,29,0,12
41,30,0,-29
41,31,0,-16
41,32,0,-6
41,33,0,21
41,34,0,-5
41,35,0,-1
41,36,0,3
41,37,0,-14
41,38,0,-8
41,39,0,12
41,40,0,13
41,41,0,94
41,42,0,-23
41,43,0,-17
41,44,0,-13
41,45,0,11
41,46,0,10
41,47,0,5
41,48,0,-9
41,49,0,-13
41,50,0,-8
41,51,0,-9
41,52,0,-13
41,53,0,-2
41,54,0,-14
41,55,0,-1
41,56,0,21
41,57,0,-11
41,58,0,11
41,59,0,1
41,60,0,7
41,61,0,14
41,62,0,-32
41,63,0,-3
42,1,0,1
42,2,0,-2
42,4,0,14
42,5,0,-7
42,6,0,4
42,7,0,-7
42,8,0,8
42,9,0,-15
42,10,0,-4
42,11,0,9
42,12,0,-9
42,13,0,-12
42,14,0,21
42,15,0,-18
42,16,0,10
42,17,0,-1
42,18,0,8
42,19,0,-20
42,20,0,9
42,21,0,-2
42,22,0,26
42,24,0,-5
42,25,0,1
42,26,0,-1
42,27,0,-12
42,28,0,-9
42,29,0,10
42,30,0,25
42,31,0,21
42,32,0,-1
42,33,0,-17
42,34,0,-5
42,35,0,13
42,36,0,3
42,37,0,3
42,38,0,22
42,39,0,21
42,40,0,-7
42,41,0,-23
42,42,0,85
42,43,0,16
42,44,0,7
42,45,0,8
42,46,0,-9
42,47,0,-1
42,48,0,13
42,49,0,18
42,50,0,11
42,51,0,-16
42,52,0,-7
42,53,0,8
42,54,0,12
42,55,0,10
42,56,0,-14
42,57,0,18
42,59,0,-1
42,60,0,-12
42,61,0,9
42,62,0,20
42,63,0,-5
43,1,0,9
43,2,0,-10
43,3,0,-4
43,4,0,-12
43,5,0,-6
43,6,0,-9
43,7,0,2
43,8,0,11
43,9,0,-11
43,10,0,-16
43,11,0,-1
43,12,0,-20
43,13,0,-28
43,14,0,-15
43,15,0,-4
43,16,0,-9
43,17,0,-25
43,18,0,-20
43,20,0,-7
43,21,0,-1
43,22,0,27
43,23,0,2
43,25,0,-6
43,26,0,5
43,27,0,-5
43,28,0,-17
43,29,0,25
43,30,0,-1
43,31,0,10
43,32,0,4
43,33,0,-7
43,34,0,1
43,35,0,-1
43,36,0,6
43,37,0,6
43,38,0,7
43,39,0,22
43,40,0,-16
43,41,0,-17
43,42,0,16
43,43,0,83
43,44,0,3
43,45,0,2
43,46,0,6
43,47,0,-15
43,48,0,4
43,49,0,4
43,50,0,-2
43,51,0,-11
43,52,0,-4
43,53,0,8
43,54,0,16
43,55,0,6
43,56,0,-9
43,57,0,-6
43,58,0,-13
43,60,0,-9
43,61,0,10
43,62,0,1
43,63,0,3
44,1,0,-12
44,2,0,-3
44,3,0,-14
44,4,0,8
44,5,0,-3
44,6,0,2
44,8,0,-15
44,9,0,2
44,10,0,1
44,11,0,-10
44,12,0,-10
44,13,0,-5
44,14,0,24
44,15,0,-17
44,16,0,-6
44,17,0,10
44,18,0,3
44,19,0,3
44,20,0,-13
44,21,0,5
44,22,0,-2
44,23,0,-7
44,24,0,12
44,25,0,-8
44,26,0,2
44,27,0,2
44,28,0,-14
44,29,0,4
44,30,0,4
44,31,0,11
44,32,0,-18
44,33,0,7
44,34,0,30
44,35,0,25
44,36,0,27
44,37,0,-30
44,38,0,13
44,39,0,3
44,40,0,5
44,41,0,-13
44,42,0,7
44,43,0,3
44,44,0,110
44,45,0,23
44,46,0,-2
44,47,0,5
44,48,0,-2
44,49,0,12
44,50,0,4
44,51,0,3
44,52,0,-10
44,53,0,7
44,54,0,-1
44,55,0,-6
44,56,0,9
44,57,0,17
44,58,0,11
44,59,0,16
44,60,0,-13
44,61,0,23
44,62,0,3
44,63,0,1
45,1,0,2
45,2,0,-12
45,3,0,2
45,5,0,-5
45,6,0,-25
45,7,0,-2
45,8,0,-18
45,9,0,1
45,10,0,3
45,11,0,-6
45,12,0,10
45,13,0,-3
45,14,0,22
45,15,0,-9
45,16,0,2
45,17,0,-9
45,18,0,9
45,19,0,-3
45,20,0,5
45,21,0,-3
45,22,0,15
45,23,0,-15
45,24,0,-8
45,25,0,-1
45,26,0,12
45,27,0,3
45,28,0,-33
45,29,0,6
45,30,0,6
45,31,0,20
45,32,0,-2
45,33,0,8
45,34,0,21
45,35,0,7
45,36,0,23
45,37,0,14
45,38,0,7
45,39,0,-4
45,40,0,-10
45,41,0,11
45,42,0,8
45,43,0,2
45,44,0,23
45,45,0,105
45,46,0,-22
45,47,0,4
45,48,0,8
45,49,0,8
45,50,0,-2
45,51,0,-9
45,52,0,-6
45,53,0,-6
45,54,0,7
45,55,0,20
45,56,0,4
45,57,0,-8
45,58,0,-3
45,59,0,-5
45,60,0,-9
45,61,0,-6
45,63,0,-14
46,1,0,-9
46,2,0,-9
46,3,0,2
46,4,0,9
46,5,0,-13
46,6,0,3
46,7,0,2
46,8,0,11
46,9,0,-20
46,10,0,13
46,11,0,11
46,12,0,-12
46,14,0,4
46,15,0,-8
46,16,0,-19
46,17,0,-12
46,18,0,-2
46,19,0,-8
46,20,0,-4
46,21,0,3
46,22,0,-25
46,23,0,12
46,24,0,10
46,25,0,4
46,26,0,-5
46,28,0,14
46,29,0,12
46,30,0,-6
46,31,0,5
46,32,0,7
46,33,0,8
46,34,0,-6
46,35,0,-13
46,36,0,11
46,37,0,6
46,38,0,-3
46,39,0,-4
46,40,0,17
46,41,0,10
46,42,0,-9
46,43,0,6
46,44,0,-2
46,45,0,-22
46,46,0,79
46,47,0,-3
46,48,0,1
46,49,0,-15
46,50,0,6
46,51,0,-1
46,53,0,13
46,54,0,3
46,55,0,-6
46,56,0,22
46,57,0,-3
46,58,0,-6
46,60,0,4
46,61,0,15
46,62,0,-7
46,63,0,4
47,1,0,-17
47,2,0,-21
47,3,0,5
47,4,0,12
47,5,0,-2
47,6,0,-12
47,7,0,4
47,8,0,6
47,9,0,19
47,10,0,11
47,11,0,2
47,12,0,-6
47,13,0,19
47,14,0,12
47,15,0,-6
47,16,0,4
47,17,0,-9
47,18,0,-4
47,19,0,-6
47,20,0,17
47,21,0,-10
47,23,0,-25
47,25,0,14
47,26,0,20
47,27,0,-9
47,28,0,5
47,29,0,-32
47,30,0,10
47,31,0,-1
47,32,0,-9
47,33,0,-3
47,34,0,-12
47,35,0,2
47,36,0,-10
47,37,0,-11
47,38,0,20
47,39,0,-5
47,40,0,-5
47,41,0,5
47,42,0,-1
47,43,0,-15
47,44,0,5
47,45,0,4
47,46,0,-3
47,47,0,88
47,48,0,4
47,49,0,9
47,50,0,8
47,51,0,1
47,52,0,-3
47,53,0,-13
47,54,0,7
47,55,0,-3
47,56,0,6
47,57,0,-6
47,58,0,-12
47,59,0,3
47,60,0,-2
47,61,0,-5
47,62,0,2
47,63,0,-4
48,1,0,-1
48,2,0,-13
48,3,0,10
48,4,0,-2
48,5,0,-5
48,6,0,16
48,7,0,8
48,8,0,5
48,9,0,-18
48,10,0,18
48,11,0,7
48,12,0,-2
48,13,0,-11
48,14,0,13
48,15,0,1
48,17,0,-9
48,18,0,22
48,19,0,-9
48,20,0,-7
48,21,0,-2
48,22,0,-7
48,24,0,-5
48,25,0,2
48,26,0,1
48,27,0,20
48,28,0,8
48,29,0,-8
48,30,0,11
48,31,0,4
48,32,0,3
48,33,0,-31
48,34,0,-4
48,35,0,14
48,36,0,5
48,38,0,12
48,39,0,17
48,40,0,-1
48,41,0,-9
48,42,0,13
48,43,0,4
48,44,0,-2
48,45,0,8
48,46,0,1
48,47,0,4
48,48,0,75
48,49,0,11
48,50,0,13
48,51,0,3
48,52,0,5
48,53,0,2
48,54,0,13
48,55,0,-10
48,56,0,-5
48,57,0,22
48,58,0,-1
48,59,0,2
48,60,0,-1
48,61,0,3
48,62,0,2
48,63,0,9
49,1,0,-21
49,2,0,-6
49,3,0,10
49,4,0,10
49,5,0,14
49,6,0,-9
49,7,0,-4
49,8,0,-12
49,9,0,-1
49,10,0,3
49,11,0,-22
49,12,0,-6
49,13,0,-17
49,14,0,-4
49,15,0,-9
49,16,0,3
49,17,0,-3
49,18,0,18
49,19,0,-26
49,20,0,-12
49,21,0,2
49,22,0,-10
49,23,0,-10
49,24,0,-4
49,25,0,-10
49,27,0,-12
49,28,0,-22
49,29,0,-13
49,30,0,4
49,31,0,15
49,32,0,13
49,33,0,-6
49,34,0,11
49,36,0,13
49,37,0,18
49,38,0,14
49,39,0,8
49,40,0,4
49,41,0,-13
49,42,0,18
49,43,0,4
49,44,0,12
49,45,0,8
49,46,0,-15
49,47,0,9
49,48,0,11
49,49,0,96
49,50,0,20
49,51,0,-1
49,52,0,7
49,53,0,-23
49,54,0,6
49,55,0,-1
49,56,0,11
49,57,0,16
49,58,0,-4
49,59,0,12
49,60,0,9
49,61,0,10
49,62,0,-1
49,63,0,-3
50,1,0,-12
50,3,0,15
50,4,0,10
50,5,0,10
50,6,0,7
50,7,0,-22
50,8,0,4
50,9,0,6
50,10,0,25
50,11,0,5
50,12,0,20
50,13,0,7
50,14,0,6
50,15,0,14
50,16,0,-20
50,17,0,15
50,18,0,1
50,19,0,-4
50,20,0,-1
50,22,0,-22
50,23,0,10
50,24,0,4
50,25,0,1
50,26,0,12
50,27,0,20
50,28,0,12
50,29,0,-1
50,30,0,16
50,31,0,-3
50,32,0,2
50,34,0,13
50,35,0,4
50,36,0,8
50,37,0,-10
50,38,0,-6
50,39,0,21
50,40,0,6
50,41,0,-8
50,42,0,11
50,43,0,-2
50,44,0,4
50,45,0,-2
50,46,0,6
50,47,0,8
50,48,0,13
50,49,0,20
50,50,0,104
50,51,0,-6
50,52,0,7
50,53,0,12
50,54,0,25
50,55,0,7
50,56,0,-5
50,57,0,3
50,58,0,4
50,59,0,13
50,60,0,20
50,61,0,1
50,62,0,6
50,63,0,-8
51,1,0,3
51,2,0,-1
51,4,0,-2
51,5,0,-1
51,6,0,5
51,7,0,15
51,8,0,-7
51,9,0,-9
51,10,0,10
51,11,0,-9
51,12,0,2
51,13,0,-8
51,14,0,17
51,15,0,17
51,16,0,-3
51,18,0,2
51,20,0,12
51,21,0,7
51,22,0,-3
51,23,0,-9
51,24,0,-1
51,25,0,-6
51,26,0,-2
51,27,0,-12
51,28,0,-3
51,29,0,-17
51,31,0,-18
51,32,0,-19
51,33,0,-3
51,34,0,14
51,35,0,3
51,36,0,-9
51,37,0,13
51,38,0,-1
51,39,0,3
51,40,0,2
51,41,0,-9
51,42,0,-16
51,43,0,-11
51,44,0,3
51,45,0,-9
51,46,0,-1
51,47,0,1
51,48,0,3
51,49,0,-1
51,50,0,-6
51,51,0,91
51,52,0,22
51,53,0,7
51,54,0,5
51,55,0,-2
51,56,0,-27
51,57,0,-7
51,58,0,-6
51,59,0,5
51,60,0,12
51,61,0,-5
51,62,0,17
51,63,0,22
52,1,0,-15
52,2,0,-5
52,3,0,9
52,4,0,14
52,5,0,7
52,6,0,7
52,7,0,-9
52,8,0,-13
52,9,0,-11
52,10,0,22
52,11,0,-4
52,12,0,-9
52,13,0,-2
52,14,0,5
52,15,0,7
52,16,0,12
52,17,0,-1
52,18,0,9
52,19,0,-1
52,20,0,20
52,21,0,-12
52,22,0,-8
52,23,0,-11
52,24,0,2
52,25,0,4
52,26,0,-8
52,27,0,-12
52,28,0,1
52,29,0,-8
52,30,0,-3
52,31,0,-28
52,32,0,2
52,33,0,-9
52,34,0,2
52,35,0,-8
52,36,0,-13
52,37,0,21
52,38,0,4
52,39,0,-11
52,40,0,18
52,41,0,-13
52,42,0,-7
52,43,0,-4
52,44,0,-10
52,45,0,-6
52,47,0,-3
52,48,0,5
52,49,0,7
52,50,0,7
52,51,0,22
52,52,0,83
52,53,0,11
52,54,0,2
52,55,0,3
52,56,0,-8
52,57,0,13
52,58,0,-22
52,59,0,-1
52,60,0,21
52,61,0,-14
52,62,0,18
52,63,0,10
53,1,0,10
53,2,0,1
53,4,0,3
53,5,0,-22
53,6,0,17
53,7,0,-9
53,8,0,-7
53,9,0,-23
53,10,0,-1
53,11,0,26
53,12,0,26
53,13,0,10
53,14,0,-3
53,15,0,17
53,16,0,11
53,17,0,-2
53,18,0,-23
53,19,0,1
53,20,0,18
53,21,0,3
53,22,0,2
53,23,0,15
53,24,0,22
53,25,0,-23
53,26,0,-18
53,27,0,14
53,28,0,-2
53,29,0,7
53,30,0,1
53,31,0,-14
53,32,0,12
53,33,0,-1
53,34,0,17
53,35,0,14
53,36,0,-7
53,37,0,4
53,38,0,-7
53,39,0,15
53,40,0,12
53,41,0,-2
53,42,0,8
53,43,0,8
53,44,0,7
53,45,0,-6
53,46,0,13
53,47,0,-13
53,48,0,2
53,49,0,-23
53,50,0,12
53,51,0,7
53,52,0,11
53,53,0,96
53,54,0,21
53,55,0,19
53,56,0,-11
53,57,0,-6
53,58,0,-1
53,59,0,8
53,60,0,6
53,61,0,3
53,62,0,9
53,63,0,6
54,1,0,3
54,2,0,-28
54,3,0,-15
54,4,0,8
54,5,0,-10
54,6,0,12
54,7,0,-14
54,8,0,-3
54,9,0,-14
54,10,0,8
54,11,0,-3
54,12,0,14
54,13,0,-9
54,14,0,12
54,15,0,26
54,16,0,-1
54,17,0,7
54,18,0,10
54,19,0,8
54,20,0,1
54,21,0,-7
54,22,0,-1
54,23,0,-11
54,24,0,4
54,25,0,1
54,26,0,-8
54,27,0,11
54,28,0,-17
54,29,0,27
54,30,0,11
54,31,0,5
54,32,0,22
54,33,0,-16
54,34,0,21
54,35,0,15
54,36,0,-7
54,37,0,11
54,38,0,-9
54,39,0,11
54,40,0,-3
54,41,0,-14
54,42,0,12
54,43,0,16
54,44,0,-1
54,45,0,7
54,46,0,3
54,47,0,7
54,48,0,13
54,49,0,6
54,50,0,25
54,51,0,5
54,52,0,2
54,53,0,21
54,54,0,99
54,55,0,9
54,56,0,-14
54,57,0,-19
54,58,0,6
54,59,0,-3
54,60,0,4
54,61,0,4
54,62,0,4
54,63,0,-5
55,1,0,-15
55,2,0,20
55,3,0,11
55,4,0,16
55,5,0,9
55,6,0,2
55,7,0,-3
55,8,0,-15
55,9,0,-11
55,10,0,2
55,11,0,-2
55,12,0,9
55,13,0,8
55,14,0,16
55,16,0,5
55,17,0,5
55,18,0,-5
55,19,0,19
55,20,0,14
55,22,0,-7
55,23,0,30
55,24,0,10
55,25,0,-17
55,26,0,-11
55,27,0,25
55,28,0,-10
55,29,0,-5
55,30,0,11
55,31,0,24
55,32,0,9
55,34,0,1
55,35,0,-5
55,36,0,-2
55,37,0,16
55,38,0,11
55,39,0,-5
55,40,0,14
55,41,0,-1
55,42,0,10
55,43,0,6
55,44,0,-6
55,45,0,20
55,46,0,-6
55,47,0,-3
55,48,0,-10
55,49,0,-1
55,50,0,7
55,51,0,-2
55,52,0,3
55,53,0,19
55,54,0,9
55,55,0,88
55,56,0,-22
55,57,0,-9
55,58,0,-2
55,59,0,8
55,60,0,6
55,61,0,13
55,62,0,3
56,1,0,-14
56,2,0,-12
56,3,0,10
56,4,0,6
56,5,0,7
56,6,0,-22
56,7,0,1
56,8,0,11
56,9,0,23
56,10,0,8
56,11,0,3
56,12,0,10
56,13,0,1
56,14,0,-2
56,15,0,-30
56,16,0,-9
56,17,0,-11
56,18,0,-6
56,19,0,-26
56,20,0,-12
56,21,0,-13
56,22,0,-3
56,23,0,11
56,24,0,12
56,25,0,3
56,26,0,-8
56,27,0,-23
56,28,0,13
56,29,0,-10
56,30,0,-22
56,32,0,18
56,33,0,-8
56,34,0,-4
56,35,0,-14
56,36,0,18
56,37,0,1
56,38,0,5
56,39,0,-17
56,40,0,1
56,41,0,21
56,42,0,-14
56,43,0,-9
56,44,0,9
56,45,0,4
56,46,0,22
56,47,0,6
56,48,0,-5
56,49,0,11
56,50,0,-5
56,51,0,-27
56,52,0,-8
56,53,0,-11
56,54,0,-14
56,55,0,-22
56,56,0,107
56,57,0,-9
56,58,0,-6
56,59,0,-10
56,60,0,-12
56,61,0,-14
56,62,0,-18
56,63,0,-10
57,1,0,-15
57,2,0,4
57,3,0,-2
57,4,0,-3
57,5,0,12
57,6,0,8
57,8,0,-15
57,9,0,-23
57,10,0,-7
57,11,0,11
57,12,0,-10
57,13,0,13
57,14,0,11
57,15,0,-14
57,16,0,-3
57,17,0,-1
57,18,0,4
57,19,0,5
57,20,0,9
57,21,0,-24
57,22,0,-15
57,23,0,-13
57,24,0,-3
57,25,0,-7
57,27,0,-4
57,28,0,-3
57,30,0,7
57,31,0,9
57,32,0,-5
57,33,0,-13
57,35,0,-2
57,36,0,12
57,37,0,-7
57,39,0,28
57,40,0,3
57,41,0,-11
57,42,0,18
57,43,0,-6
57,44,0,17
57,45,0,-8
57,46,0,-3
57,47,0,-6
57,48,0,22
57,49,0,16
57,50,0,3
57,51,0,-7
57,52,0,13
57,53,0,-6
57,54,0,-19
57,55,0,-9
57,56,0,-9
57,57,0,102
57,58,0,9
57,59,0,-9
57,60,0,9
57,61,0,1
57,62,0,-3
57,63,0,-3
58,1,0,7
58,2,0,11
58,3,0,3
58,4,0,-6
58,5,0,6
58,6,0,7
58,7,0,-2
58,8,0,-9
58,9,0,6
58,10,0,-14
58,11,0,14
58,12,0,3
58,13,0,14
58,14,0,-4
58,15,0,3
58,16,0,10
58,17,0,11
58,18,0,-8
58,19,0,9
58,20,0,-17
58,21,0,-5
58,22,0,-1
58,23,0,21
58,24,0,-14
58,25,0,-7
58,26,0,-13
58,28,0,-9
58,29,0,8
58,30,0,-13
58,31,0,4
58,32,0,-1
58,33,0,-2
58,34,0,17
58,35,0,7
58,36,0,2
58,37,0,-20
58,38,0,-1
58,39,0,-4
58,40,0,3
58,41,0,11
58,43,0,-13
58,44,0,11
58,45,0,-3
58,46,0,-6
58,47,0,-12
58,48,0,-1
58,49,0,-4
58,50,0,4
58,51,0,-6
58,52,0,-22
58,53,0,-1
58,54,0,6
58,55,0,-2
58,56,0,-6
58,57,0,9
58,58,0,81
58,59,0,9
58,60,0,6
58,61,0,3
58,62,0,8
58,63,0,-12
59,1,0,-4
59,2,0,5
59,3,0,10
59,4,0,8
59,5,0,-4
59,6,0,7
59,7,0,6
59,8,0,-21
59,9,0,8
59,10,0,-10
59,11,0,10
59,12,0,-11
59,13,0,2
59,14,0,3
59,15,0,-3
59,16,0,23
59,17,0,-6
59,18,0,-9
59,19,0,7
59,21,0,-4
59,22,0,-15
59,23,0,7
59,24,0,-3
59,25,0,-10
59,26,0,13
59,27,0,18
59,28,0,15
59,29,0,2
59,30,0,24
59,31,0,-3
59,32,0,4
59,34,0,19
59,35,0,2
59,36,0,2
59,37,0,-7
59,38,0,8
59,39,0,6
59,40,0,12
59,41,0,1
59,42,0,-1
59,44,0,16
59,45,0,-5
59,47,0,3
59,48,0,2
59,49,0,12
59,50,0,13
59,51,0,5
59,52,0,-1
59,53,0,8
59,54,0,-3
59,55,0,8
59,56,0,-10
59,57,0,-9
59,58,0,9
59,59,0,73
59,60,0,2
59,61,0,4
59,63,0,8
60,1,0,-12
60,2,0,18
60,3,0,10
60,4,0,-16
60,5,0,-5
60,6,0,-9
60,7,0,-11
60,8,0,-5
60,9,0,-24
60,10,0,-1
60,11,0,-5
60,12,0,16
60,13,0,-7
60,14,0,-1
60,15,0,20
60,16,0,12
60,17,0,-1
60,18,0,-5
60,19,0,-4
60,20,0,4
60,21,0,8
60,22,0,-16
60,23,0,4
60,24,0,9
60,25,0,1
60,26,0,14
60,27,0,5
60,28,0,4
60,29,0,-7
60,30,0,1
60,31,0,-16
60,32,0,1
60,33,0,-6
60,34,0,3
60,35,0,9
60,36,0,-4
60,37,0,8
60,38,0,4
60,39,0,3
60,40,0,9
60,41,0,7
60,42,0,-12
60,43,0,-9
60,44,0,-13
60,45,0,-9
60,46,0,4
60,47,0,-2
60,48,0,-1
60,49,0,9
60,50,0,20
60,51,0,12
60,52,0,21
60,53,0,6
60,54,0,4
60,55,0,6
60,56,0,-12
60,57,0,9
60,58,0,6
60,59,0,2
60,60,0,94
60,61,0,-7
60,62,0,15
60,63,0,1
61,1,0,-17
61,2,0,28
61,3,0,-21
61,4,0,8
61,5,0,-17
61,6,0,17
61,7,0,-16
61,8,0,15
61,9,0,-12
61,10,0,-9
61,12,0,-2
61,13,0,-10
61,14,0,14
61,15,0,-16
61,16,0,2
61,17,0,-12
61,18,0,19
61,19,0,8
61,20,0,-14
61,21,0,17
61,22,0,3
61,23,0,16
61,24,0,-6
61,25,0,-22
61,26,0,2
61,27,0,23
61,28,0,-3
61,29,0,4
61,30,0,1
61,31,0,-7
61,32,0,-2
61,33,0,-4
61,34,0,-6
61,35,0,19
61,36,0,19
61,37,0,-12
61,39,0,3
61,40,0,10
61,41,0,14
61,42,0,9
61,43,0,10
61,44,0,23
61,45,0,-6
61,46,0,15
61,47,0,-5
61,48,0,3
61,49,0,10
61,50,0,1
61,51,0,-5
61,52,0,-14
61,53,0,3
61,54,0,4
61,55,0,13
61,56,0,-14
61,57,0,1
61,58,0,3
61,59,0,4
61,60,0,-7
61,61,0,92
61,62,0,-2
61,63,0,3
62,1,0,-1
62,2,0,2
62,3,0,19
62,4,0,2
62,5,0,-4
62,6,0,11
62,7,0,-8
62,8,0,-5
62,9,0,-17
62,10,0,16
62,11,0,4
62,12,0,-11
62,13,0,3
62,14,0,-9
62,15,0,-4
62,16,0,3
62,17,0,1
62,18,0,3
62,19,0,-14
62,20,0,8
62,21,0,16
62,22,0,14
62,23,0,-5
62,24,0,-9
62,25,0,5
62,26,0,-6
62,27,0,-5
62,28,0,-7
62,29,0,-12
62,30,0,-3
62,31,0,-21
62,32,0,-7
62,33,0,-7
62,34,0,5
62,35,0,-1
62,36,0,16
62,37,0,18
62,38,0,17
62,39,0,-6
62,40,0,-2
62,41,0,-32
62,42,0,20
62,43,0,1
62,44,0,3
62,46,0,-7
62,47,0,2
62,48,0,2
62,49,0,-1
62,50,0,6
62,51,0,17
62,52,0,18
62,53,0,9
62,54,0,4
62,55,0,3
62,56,0,-18
62,57,0,-3
62,58,0,8
62,60,0,15
62,61,0,-2
62,62,0,92
62,63,0,-2
63,1,0,-6
63,2,0,-6
63,3,0,-6
63,4,0,5
63,5,0,5
63,6,0,15
63,8,0,6
63,9,0,10
63,10,0,-1
63,11,0,-8
63,12,0,1
63,13,0,-2
63,14,0,18
63,15,0,7
63,16,0,-2
63,17,0,-2
63,18,0,6
63,19,0,7
63,20,0,24
63,21,0,6
63,22,0,9
63,23,0,9
63,24,0,8
63,25,0,7
63,26,0,-7
63,27,0,2
63,28,0,-13
63,29,0,-33
63,30,0,5
63,31,0,-12
63,32,0,-13
63,33,0,6
63,34,0,7
63,35,0,3
63,36,0,15
63,37,0,-10
63,38,0,-17
63,39,0,13
63,40,0,-5
63,41,0,-3
63,42,0,-5
63,43,0,3
63,44,0,1
63,45,0,-14
63,46,0,4
63,47,0,-4
63,48,0,9
63,49,0,-3
63,50,0,-8
63,51,0,22
63,52,0,10
63,53,0,6
63,54,0,-5
63,56,0,-10
63,57,0,-3
63,58,0,-12
63,59,0,8
63,60,0,1
63,61,0,3
63,62,0,-2
63,63,0,96
64,1,0,-1
65,1,0,-1
66,1,0,-1
67,1,0,-1
68,1,0,-1
69,1,0,-1
70,1,0,-1
71,1,0,-1
71,71,0,1
72,2,0,-1
72,72,0,3
72,72,1,-1
73,3,0,-1
73,73,0,5
73,73,1,5
74,4,0,-1
74,74,0,4
74,74,1,3
75,5,0,-1
75,75,0,3
75,75,1,2

q_data
1,0,-350
2,0,77
3,0,-90
4,0,-736
5,0,-170
6,0,-1146
7,0,318
7,1,-267
8,0,-225
9,0,33
10,0,-612
11,0,-454
12,0,-549
13,0,-299
14,0,-900
14,1,282
15,0,-299
16,0,-346
16,1,-260
17,0,-218
18,0,-675
19,0,-367
20,0,-780
21,0,-145
22,0,80
22,1,-27
23,0,-1119
24,0,-963
25,0,176
26,0,-354
27,0,-901
28,0,323
28,1,-145
29,0,-170
30,0,-417
31,0,-181
31,1,30
32,0,-432
33,0,-103
34,0,-669
35,0,-311
36,0,-574
36,1,-404
37,0,-266
38,0,-351
39,0,-488
40,0,-346
41,0,-373
42,0,-317
43,0,102
43,1,-10
44,0,-312
45,0,-417
46,0,-503
47,0,48
48,0,-593
49,0,-2
49,1,2
50,0,-783
51,0,-222
52,0,-383
52,1,-86
53,0,-916
54,0,-571
55,0,-981
56,0,109
56,1,34
57,0,166
58,0,131
59,0,-317
60,0,-346
61,0,-693
62,0,-286
63,0,-732
64,0,4
64,1,-1
65,0,4
66,0,4
66,1,-4
67,0,4
68,0,4
69,0,4
69,1,4
70,0,4
70,1,4
72,0,3
73,0,-4
74,0,-4
75,0,-5

Param_Space
1,1,-1
2,1,1

Param_Space_RHS
0
1

END
