LCP


h
125

k
1

M_data
1,92,0,-2
1,93,0,2
1,94,0,-2
1,96,0,2
1,98,0,-1
1,99,0,-1
1,100,0,1
1,101,0,1
1,102,0,1
1,104,0,1
1,105,0,2
1,106,0,-1
1,107,0,-1
1,108,0,1
1,109,0,-1
1,110,0,2
1,111,0,2
1,112,0,-2
1,113,0,-2
1,114,0,-1
1,115,0,-1
1,116,0,-2
1,117,0,-1
1,118,0,-1
1,119,0,-1
1,120,0,-1
1,121,0,2
1,122,0,-2
1,123,0,2
1,124,0,2
1,125,0,2
2,90,0,2
2,91,0,-1
2,92,0,-2
2,94,0,-2
2,97,0,-2
2,98,0,-2
2,99,0,2
2,100,0,-2
2,101,0,2
2,102,0,2
2,103,0,2
2,104,0,2
2,105,0,1
2,106,0,-1
2,107,0,1
2,108,0,-2
2,110,0,-2
2,111,0,2
2,112,0,1
2,113,0,-1
2,115,0,-2
2,116,0,-1
2,117,0,2
2,118,0,-2
2,119,0,-1
2,120,0,-1
2,122,0,1
2,123,0,-1
2,124,0,2
2,125,0,2
3,90,0,1
3,91,0,-1
3,92,0,-2
3,93,0,-2
3,94,0,-2
3,96,0,1
3,97,0,-1
3,98,0,1
3,99,0,1
3,100,0,1
3,101,0,-1
3,102,0,-1
3,103,0,-2
3,104,0,1
3,105,0,2
3,106,0,2
3,107,0,1
3,109,0,-2
3,110,0,2
3,111,0,-2
3,112,0,2
3,114,0,-1
3,115,0,-1
3,116,0,-1
3,117,0,-1
3,118,0,2
3,119,0,-1
3,120,0,1
3,121,0,2
3,122,0,1
3,123,0,1
3,124,0,2
3,125,0,1
4,90,0,-1
4,91,0,1
4,92,0,-2
4,93,0,-2
4,94,0,2
4,96,0,-2
4,97,0,1
4,98,0,-2
4,99,0,-1
4,100,0,2
4,101,0,2
4,103,0,-1
4,104,0,-1
4,106,0,-2
4,107,0,1
4,108,0,-2
4,109,0,1
4,110,0,1
4,111,0,1
4,112,0,-1
4,113,0,-1
4,115,0,-2
4,116,0,2
4,117,0,-1
4,118,0,2
4,119,0,-2
4,120,0,1
4,121,0,-2
4,122,0,-2
4,123,0,-2
4,124,0,-1
5,90,0,1
5,94,0,2
5,95,0,1
5,96,0,2
5,97,0,2
5,98,0,2
5,100,0,2
5,101,0,-2
5,106,0,-1
5,107,0,2
5,109,0,2
5,110,0,-2
5,111,0,2
5,112,0,1
5,114,0,1
5,115,0,-1
5,116,0,1
5,117,0,-2
5,118,0,2
5,119,0,-2
5,121,0,-1
5,122,0,-2
5,123,0,1
5,125,0,-1
6,90,0,-2
6,91,0,1
6,92,0,-1
6,93,0,2
6,94,0,-1
6,96,0,1
6,97,0,-1
6,98,0,-1
6,99,0,2
6,101,0,1
6,102,0,-2
6,104,0,-2
6,105,0,1
6,106,0,2
6,107,0,-1
6,109,0,-2
6,110,0,-1
6,111,0,-2
6,113,0,-1
6,114,0,2
6,115,0,2
6,116,0,1
6,117,0,-1
6,118,0,-1
6,120,0,-2
6,121,0,-2
6,122,0,2
6,123,0,2
6,124,0,2
7,90,0,-1
7,93,0,2
7,94,0,1
7,95,0,-2
7,96,0,2
7,97,0,-1
7,98,0,-2
7,99,0,-2
7,101,0,2
7,102,0,2
7,105,0,1
7,106,0,-1
7,108,0,-1
7,109,0,2
7,110,0,2
7,111,0,-2
7,113,0,1
7,115,0,1
7,118,0,2
7,119,0,2
7,121,0,2
7,122,0,-1
7,124,0,-2
8,90,0,-1
8,91,0,-1
8,92,0,-1
8,93,0,1
8,95,0,1
8,96,0,-2
8,97,0,-2
8,101,0,-1
8,103,0,-1
8,104,0,1
8,105,0,-1
8,106,0,-2
8,107,0,2
8,109,0,-2
8,110,0,1
8,111,0,2
8,112,0,2
8,113,0,-2
8,114,0,-1
8,115,0,2
8,116,0,2
8,117,0,-2
8,118,0,-2
8,119,0,1
8,121,0,1
8,123,0,-1
9,90,0,-2
9,91,0,-2
9,95,0,-1
9,98,0,2
9,99,0,-1
9,100,0,-1
9,101,0,-2
9,102,0,-1
9,106,0,-1
9,107,0,1
9,108,0,2
9,109,0,1
9,110,0,-2
9,111,0,-1
9,112,0,2
9,113,0,2
9,114,0,-1
9,115,0,-2
9,116,0,-1
9,118,0,1
9,119,0,2
9,120,0,2
9,122,0,2
9,123,0,2
9,124,0,-2
9,125,0,-2
10,90,0,1
10,91,0,-1
10,92,0,1
10,93,0,-1
10,94,0,2
10,96,0,2
10,99,0,2
10,100,0,2
10,101,0,-2
10,103,0,1
10,107,0,-2
10,108,0,-1
10,109,0,1
10,110,0,-2
10,111,0,-1
10,112,0,-1
10,113,0,-2
10,114,0,-2
10,117,0,-2
10,119,0,2
10,120,0,-2
10,121,0,-2
10,123,0,-2
10,124,0,1
10,125,0,-2
11,91,0,1
11,92,0,1
11,93,0,2
11,94,0,-2
11,95,0,-1
11,96,0,2
11,97,0,-2
11,98,0,-2
11,102,0,1
11,103,0,2
11,104,0,-2
11,105,0,-2
11,106,0,-1
11,107,0,2
11,108,0,-2
11,109,0,-1
11,110,0,2
11,112,0,2
11,113,0,1
11,114,0,-2
11,115,0,1
11,117,0,2
11,118,0,1
11,119,0,2
11,120,0,2
11,121,0,2
11,123,0,1
11,124,0,-1
11,125,0,-2
12,90,0,2
12,92,0,1
12,93,0,2
12,94,0,-1
12,96,0,1
12,97,0,-1
12,98,0,1
12,99,0,2
12,100,0,1
12,102,0,-1
12,103,0,2
12,104,0,2
12,105,0,1
12,106,0,-2
12,107,0,2
12,109,0,-1
12,110,0,1
12,113,0,1
12,114,0,-1
12,115,0,-1
12,116,0,1
12,117,0,-1
12,118,0,2
12,119,0,-1
12,120,0,1
12,121,0,-1
12,123,0,2
12,124,0,-2
12,125,0,2
13,90,0,2
13,91,0,1
13,92,0,-1
13,93,0,2
13,94,0,-2
13,95,0,-2
13,96,0,-2
13,97,0,1
13,99,0,-2
13,100,0,2
13,102,0,-2
13,103,0,-2
13,105,0,2
13,106,0,-2
13,107,0,2
13,108,0,-1
13,109,0,1
13,110,0,1
13,111,0,2
13,112,0,1
13,113,0,2
13,114,0,2
13,115,0,-1
13,116,0,1
13,118,0,2
13,119,0,-2
13,120,0,2
13,121,0,1
13,123,0,1
13,124,0,1
13,125,0,-2
14,90,0,1
14,91,0,-2
14,92,0,1
14,93,0,2
14,95,0,2
14,96,0,-1
14,98,0,1
14,100,0,-2
14,101,0,-1
14,102,0,2
14,104,0,-2
14,106,0,-1
14,107,0,1
14,108,0,-2
14,109,0,1
14,110,0,-1
14,112,0,-2
14,113,0,-2
14,115,0,1
14,116,0,1
14,118,0,-2
14,119,0,2
14,122,0,2
14,124,0,1
15,90,0,2
15,91,0,1
15,92,0,1
15,93,0,2
15,94,0,-2
15,95,0,2
15,96,0,1
15,98,0,-1
15,99,0,-2
15,101,0,-2
15,103,0,-1
15,104,0,2
15,105,0,-2
15,106,0,2
15,107,0,2
15,108,0,-2
15,110,0,1
15,112,0,1
15,113,0,-2
15,114,0,1
15,115,0,-2
15,118,0,-2
15,119,0,-1
15,121,0,2
15,122,0,1
15,123,0,2
15,124,0,1
15,125,0,2
16,90,0,1
16,91,0,-2
16,92,0,-1
16,93,0,1
16,96,0,-1
16,97,0,-2
16,98,0,2
16,99,0,2
16,100,0,2
16,101,0,1
16,102,0,-2
16,103,0,-1
16,105,0,2
16,106,0,-2
16,107,0,2
16,111,0,-2
16,112,0,-2
16,113,0,-1
16,114,0,2
16,115,0,-2
16,117,0,2
16,118,0,-1
16,119,0,1
16,121,0,2
16,122,0,-2
16,123,0,-1
16,124,0,1
17,90,0,-1
17,91,0,1
17,92,0,-2
17,93,0,-2
17,94,0,-2
17,95,0,1
17,96,0,2
17,97,0,-1
17,98,0,-2
17,100,0,2
17,102,0,1
17,103,0,-1
17,104,0,-2
17,105,0,-2
17,106,0,-1
17,107,0,-2
17,109,0,2
17,110,0,-2
17,112,0,2
17,113,0,2
17,115,0,-1
17,116,0,-1
17,117,0,-1
17,119,0,1
17,120,0,-1
17,121,0,1
17,122,0,2
17,123,0,-1
17,124,0,-2
18,90,0,-1
18,91,0,-2
18,92,0,-2
18,93,0,1
18,94,0,-2
18,95,0,-1
18,98,0,-1
18,99,0,-1
18,101,0,1
18,102,0,2
18,103,0,1
18,105,0,2
18,106,0,-2
18,107,0,-2
18,109,0,1
18,110,0,-2
18,111,0,-2
18,112,0,-2
18,113,0,1
18,115,0,2
18,116,0,-1
18,117,0,-1
18,119,0,2
18,120,0,-2
18,121,0,-2
18,122,0,-2
18,123,0,-1
18,124,0,2
18,125,0,-1
19,90,0,-2
19,93,0,1
19,94,0,-2
19,95,0,1
19,98,0,-2
19,99,0,1
19,100,0,-1
19,103,0,-1
19,104,0,-2
19,105,0,2
19,106,0,1
19,107,0,1
19,108,0,-2
19,109,0,-2
19,110,0,-1
19,111,0,2
19,112,0,1
19,114,0,1
19,115,0,-2
19,116,0,1
19,117,0,-2
19,118,0,-1
19,119,0,2
19,121,0,1
19,122,0,-2
19,123,0,1
19,124,0,-2
19,125,0,-2
20,91,0,-1
20,92,0,2
20,93,0,-2
20,94,0,2
20,95,0,2
20,96,0,-2
20,97,0,2
20,99,0,-1
20,100,0,-2
20,102,0,-2
20,104,0,-2
20,105,0,1
20,106,0,-2
20,107,0,-1
20,108,0,2
20,109,0,1
20,110,0,2
20,111,0,-1
20,112,0,-2
20,114,0,1
20,115,0,-2
20,116,0,-1
20,117,0,2
20,118,0,2
20,119,0,2
20,120,0,-2
20,121,0,1
20,122,0,1
20,123,0,-2
20,124,0,1
20,125,0,-2
21,90,0,2
21,93,0,-1
21,95,0,1
21,96,0,-1
21,98,0,-1
21,99,0,-1
21,100,0,2
21,102,0,-1
21,103,0,-2
21,105,0,-2
21,106,0,1
21,108,0,-2
21,109,0,-1
21,110,0,1
21,111,0,-2
21,112,0,-1
21,113,0,1
21,115,0,1
21,116,0,2
21,117,0,2
21,118,0,2
21,119,0,1
21,120,0,-1
21,121,0,-1
21,122,0,2
21,123,0,-2
21,124,0,-1
22,90,0,-2
22,91,0,-2
22,92,0,-2
22,93,0,-1
22,95,0,-1
22,96,0,-1
22,97,0,-2
22,98,0,2
22,99,0,2
22,101,0,2
22,102,0,1
22,103,0,-1
22,104,0,2
22,107,0,1
22,108,0,-1
22,109,0,-1
22,111,0,2
22,112,0,1
22,115,0,2
22,117,0,-2
22,118,0,-2
22,119,0,-2
22,120,0,-1
22,121,0,-2
22,123,0,-1
22,124,0,-2
22,125,0,-1
23,90,0,1
23,91,0,-2
23,93,0,2
23,94,0,2
23,95,0,2
23,96,0,-1
23,99,0,-2
23,101,0,-2
23,102,0,1
23,103,0,-1
23,104,0,1
23,105,0,2
23,106,0,-1
23,107,0,-2
23,108,0,2
23,109,0,1
23,110,0,2
23,111,0,-1
23,112,0,-2
23,114,0,-1
23,115,0,-1
23,116,0,-2
23,117,0,2
23,118,0,1
23,119,0,-2
23,123,0,1
23,124,0,-2
24,90,0,1
24,92,0,-1
24,93,0,2
24,94,0,-2
24,95,0,-1
24,97,0,1
24,98,0,2
24,100,0,2
24,102,0,-2
24,103,0,2
24,104,0,-1
24,105,0,1
24,107,0,2
24,108,0,2
24,109,0,2
24,111,0,-2
24,112,0,2
24,115,0,2
24,116,0,1
24,117,0,2
24,118,0,-1
24,119,0,2
24,120,0,-1
24,121,0,-1
24,122,0,-2
24,123,0,1
24,124,0,1
24,125,0,2
25,90,0,-2
25,91,0,2
25,92,0,-1
25,94,0,1
25,95,0,2
25,96,0,-1
25,97,0,1
25,98,0,-2
25,100,0,-2
25,104,0,-1
25,105,0,2
25,106,0,2
25,107,0,-1
25,109,0,-1
25,110,0,2
25,112,0,-1
25,113,0,2
25,114,0,1
25,115,0,1
25,116,0,1
25,117,0,1
25,118,0,-1
25,119,0,2
25,122,0,-2
25,124,0,-2
25,125,0,2
26,91,0,2
26,92,0,2
26,94,0,-2
26,96,0,-1
26,97,0,1
26,98,0,1
26,101,0,-2
26,102,0,-2
26,103,0,-1
26,104,0,-1
26,106,0,1
26,107,0,1
26,109,0,-2
26,110,0,1
26,111,0,1
26,112,0,2
26,113,0,-1
26,114,0,2
26,115,0,2
26,116,0,-2
26,117,0,1
26,118,0,-1
26,119,0,2
26,120,0,-2
26,121,0,-2
26,122,0,1
26,123,0,1
26,124,0,-2
26,125,0,2
27,90,0,1
27,91,0,2
27,92,0,-1
27,94,0,1
27,97,0,1
27,98,0,-2
27,99,0,2
27,101,0,-2
27,103,0,1
27,104,0,1
27,105,0,2
27,106,0,2
27,107,0,-1
27,109,0,2
27,110,0,-2
27,111,0,1
27,112,0,2
27,113,0,-2
27,114,0,1
27,116,0,-1
27,117,0,-1
27,119,0,-2
27,120,0,2
27,121,0,1
27,122,0,-2
27,123,0,1
27,124,0,2
27,125,0,-2
28,90,0,-1
28,91,0,2
28,92,0,-1
28,93,0,-2
28,94,0,-2
28,95,0,-1
28,96,0,2
28,97,0,1
28,98,0,1
28,99,0,1
28,100,0,-2
28,101,0,-1
28,103,0,1
28,105,0,-2
28,106,0,-2
28,107,0,-2
28,108,0,-2
28,109,0,1
28,111,0,2
28,114,0,-1
28,116,0,-2
28,117,0,-2
28,118,0,1
28,119,0,1
28,120,0,1
28,121,0,-1
28,122,0,-1
28,123,0,1
28,124,0,2
29,90,0,-1
29,91,0,2
29,92,0,1
29,93,0,2
29,94,0,2
29,95,0,2
29,96,0,-1
29,97,0,-1
29,98,0,2
29,99,0,-1
29,100,0,1
29,102,0,-2
29,103,0,2
29,105,0,1
29,106,0,2
29,107,0,2
29,108,0,-1
29,109,0,1
29,110,0,1
29,111,0,-1
29,112,0,2
29,114,0,-2
29,115,0,-2
29,116,0,2
29,117,0,-1
29,118,0,-1
29,119,0,-1
29,120,0,1
29,121,0,2
29,123,0,-1
29,124,0,-2
29,125,0,2
30,91,0,-1
30,92,0,-2
30,93,0,2
30,94,0,-2
30,95,0,2
30,96,0,2
30,97,0,1
30,98,0,-2
30,99,0,-1
30,100,0,-2
30,101,0,-2
30,102,0,-1
30,103,0,-1
30,104,0,2
30,105,0,2
30,106,0,-2
30,107,0,1
30,108,0,1
30,109,0,-1
30,110,0,1
30,111,0,-2
30,112,0,1
30,114,0,1
30,115,0,-2
30,116,0,1
30,117,0,1
30,118,0,-2
30,120,0,2
30,121,0,1
30,122,0,1
30,124,0,2
30,125,0,2
31,93,0,-2
31,94,0,2
31,95,0,2
31,96,0,-2
31,97,0,1
31,98,0,2
31,99,0,1
31,101,0,2
31,102,0,-2
31,103,0,-1
31,105,0,1
31,106,0,1
31,107,0,2
31,108,0,-2
31,109,0,-1
31,110,0,-2
31,112,0,-1
31,113,0,-1
31,115,0,2
31,116,0,2
31,117,0,2
31,120,0,-1
31,121,0,-1
31,122,0,-2
31,124,0,-1
31,125,0,2
32,90,0,2
32,92,0,-2
32,93,0,2
32,94,0,-2
32,95,0,-2
32,96,0,-1
32,98,0,1
32,99,0,2
32,100,0,2
32,101,0,1
32,102,0,-1
32,103,0,2
32,104,0,-2
32,105,0,-2
32,106,0,1
32,107,0,1
32,108,0,-2
32,109,0,2
32,110,0,-2
32,111,0,-1
32,112,0,2
32,113,0,-2
32,114,0,1
32,115,0,1
32,116,0,-2
32,117,0,-1
32,119,0,2
32,120,0,1
32,121,0,-1
32,122,0,1
32,123,0,-1
32,124,0,2
32,125,0,2
33,90,0,-2
33,92,0,-1
33,93,0,1
33,94,0,1
33,95,0,-1
33,97,0,2
33,100,0,2
33,101,0,1
33,104,0,2
33,105,0,1
33,106,0,-2
33,107,0,2
33,108,0,1
33,109,0,-1
33,110,0,-1
33,111,0,-1
33,113,0,-1
33,115,0,2
33,116,0,-1
33,117,0,-2
33,118,0,2
33,119,0,-2
33,120,0,-1
33,121,0,-1
33,122,0,1
33,123,0,-1
33,124,0,-1
33,125,0,-2
34,91,0,-1
34,92,0,-2
34,93,0,-2
34,94,0,2
34,95,0,2
34,97,0,-2
34,98,0,-1
34,99,0,2
34,100,0,-2
34,102,0,-2
34,103,0,2
34,104,0,-1
34,105,0,-2
34,106,0,-1
34,107,0,-2
34,108,0,2
34,109,0,1
34,110,0,-2
34,111,0,1
34,112,0,-1
34,113,0,-1
34,115,0,-1
34,117,0,-1
34,118,0,2
34,120,0,1
34,122,0,-2
34,123,0,-1
34,124,0,1
35,90,0,1
35,91,0,2
35,92,0,2
35,93,0,-2
35,94,0,1
35,95,0,-2
35,97,0,1
35,99,0,-2
35,100,0,-2
35,101,0,-1
35,102,0,1
35,103,0,1
35,104,0,2
35,105,0,2
35,106,0,-1
35,108,0,2
35,110,0,2
35,111,0,-2
35,112,0,2
35,113,0,2
35,114,0,-1
35,115,0,2
35,116,0,2
35,117,0,2
35,118,0,2
35,119,0,1
35,120,0,-2
35,121,0,-1
35,122,0,2
35,123,0,-2
35,124,0,-1
35,125,0,2
36,90,0,-1
36,91,0,1
36,92,0,2
36,93,0,2
36,94,0,1
36,95,0,2
36,96,0,1
36,97,0,1
36,99,0,2
36,101,0,-2
36,102,0,1
36,103,0,1
36,104,0,2
36,105,0,1
36,106,0,2
36,107,0,-1
36,109,0,-1
36,110,0,2
36,112,0,-1
36,114,0,1
36,115,0,1
36,116,0,1
36,117,0,2
36,118,0,1
36,119,0,-2
36,121,0,1
36,122,0,-1
36,123,0,-2
36,124,0,1
36,125,0,-2
37,94,0,1
37,95,0,-1
37,96,0,-2
37,97,0,-2
37,98,0,-2
37,99,0,2
37,101,0,1
37,102,0,2
37,103,0,-2
37,104,0,1
37,105,0,-1
37,106,0,-1
37,107,0,-2
37,108,0,1
37,109,0,-2
37,110,0,2
37,113,0,-2
37,116,0,1
37,117,0,2
37,118,0,2
37,119,0,-1
37,120,0,1
37,121,0,1
37,122,0,-2
37,123,0,-2
37,124,0,-1
37,125,0,-1
38,91,0,-1
38,92,0,-1
38,94,0,-2
38,96,0,-1
38,97,0,2
38,98,0,1
38,102,0,1
38,103,0,2
38,104,0,1
38,105,0,-1
38,107,0,2
38,108,0,-1
38,109,0,2
38,110,0,-1
38,111,0,1
38,112,0,2
38,113,0,2
38,114,0,-2
38,115,0,1
38,117,0,1
38,118,0,-1
38,119,0,-1
38,121,0,-1
38,122,0,-1
38,123,0,-1
38,124,0,1
38,125,0,-2
39,90,0,-2
39,91,0,-2
39,92,0,2
39,93,0,-2
39,94,0,-2
39,95,0,-1
39,96,0,-2
39,97,0,-1
39,98,0,-2
39,99,0,2
39,100,0,2
39,101,0,1
39,102,0,1
39,103,0,2
39,104,0,-1
39,105,0,2
39,106,0,2
39,107,0,-2
39,108,0,1
39,109,0,2
39,110,0,1
39,111,0,2
39,112,0,2
39,113,0,-2
39,114,0,-2
39,115,0,-2
39,116,0,-2
39,117,0,-2
39,118,0,-1
39,119,0,1
39,120,0,-1
39,121,0,2
39,122,0,1
39,123,0,1
39,125,0,-1
40,91,0,-1
40,92,0,-2
40,93,0,2
40,94,0,-1
40,95,0,1
40,96,0,2
40,97,0,2
40,98,0,-1
40,99,0,2
40,100,0,1
40,101,0,-2
40,103,0,-2
40,105,0,2
40,108,0,-1
40,109,0,-1
40,112,0,-2
40,113,0,-2
40,115,0,-2
40,116,0,-2
40,117,0,-1
40,118,0,-1
40,119,0,2
40,120,0,2
40,122,0,-2
40,123,0,2
40,125,0,-2
41,90,0,-1
41,92,0,-1
41,93,0,1
41,94,0,-2
41,97,0,-1
41,98,0,1
41,99,0,2
41,100,0,2
41,102,0,1
41,103,0,1
41,104,0,-2
41,105,0,2
41,106,0,2
41,107,0,-1
41,109,0,2
41,111,0,-1
41,112,0,-1
41,115,0,-1
41,118,0,-1
41,119,0,1
41,120,0,1
41,122,0,-2
41,123,0,-1
41,125,0,2
42,90,0,-1
42,92,0,-2
42,93,0,2
42,94,0,2
42,95,0,-2
42,96,0,2
42,97,0,1
42,99,0,1
42,100,0,-2
42,101,0,-2
42,104,0,2
42,105,0,-1
42,106,0,1
42,107,0,-2
42,109,0,-1
42,110,0,2
42,111,0,2
42,113,0,-2
42,114,0,-2
42,115,0,-1
42,116,0,-1
42,117,0,-2
42,119,0,-1
42,120,0,-2
42,122,0,-2
42,123,0,-2
42,124,0,1
43,90,0,-2
43,91,0,2
43,92,0,-2
43,94,0,-1
43,96,0,-1
43,97,0,1
43,99,0,2
43,100,0,2
43,101,0,1
43,102,0,-1
43,103,0,1
43,104,0,1
43,105,0,2
43,106,0,-1
43,107,0,2
43,108,0,-2
43,109,0,-2
43,110,0,2
43,111,0,1
43,112,0,-1
43,114,0,1
43,115,0,2
43,116,0,-1
43,117,0,1
43,118,0,-1
43,120,0,-2
43,122,0,1
43,123,0,1
43,124,0,-2
43,125,0,2
44,90,0,-2
44,91,0,-1
44,92,0,1
44,93,0,2
44,94,0,2
44,95,0,2
44,96,0,-1
44,98,0,2
44,99,0,2
44,100,0,2
44,101,0,-2
44,102,0,-1
44,103,0,1
44,104,0,2
44,105,0,-2
44,106,0,-2
44,108,0,-1
44,110,0,-1
44,111,0,-2
44,112,0,2
44,113,0,-1
44,114,0,1
44,116,0,-1
44,117,0,-1
44,119,0,-1
44,120,0,2
44,121,0,2
44,122,0,-2
44,123,0,1
44,124,0,-2
44,125,0,2
45,90,0,1
45,91,0,-1
45,92,0,2
45,93,0,-2
45,94,0,2
45,97,0,-1
45,99,0,-2
45,101,0,-1
45,103,0,-2
45,104,0,-2
45,105,0,-2
45,107,0,-2
45,108,0,-1
45,109,0,1
45,110,0,2
45,111,0,1
45,112,0,2
45,113,0,1
45,114,0,1
45,115,0,-2
45,116,0,-2
45,117,0,1
45,118,0,-2
45,119,0,-2
45,120,0,-1
45,121,0,-2
45,122,0,-2
45,123,0,-1
45,124,0,-2
45,125,0,-2
46,92,0,2
46,93,0,-2
46,94,0,1
46,95,0,-1
46,96,0,-1
46,97,0,2
46,98,0,-2
46,99,0,2
46,100,0,-1
46,101,0,-2
46,102,0,1
46,103,0,-2
46,104,0,-1
46,105,0,1
46,106,0,1
46,107,0,1
46,108,0,-2
46,109,0,-2
46,110,0,-2
46,111,0,2
46,112,0,1
46,113,0,2
46,114,0,-2
46,115,0,1
46,116,0,-1
46,118,0,-2
46,120,0,1
46,123,0,-1
46,124,0,-2
46,125,0,2
47,91,0,2
47,93,0,2
47,94,0,-1
47,95,0,1
47,97,0,2
47,98,0,2
47,100,0,1
47,101,0,-2
47,102,0,2
47,103,0,-1
47,104,0,-2
47,105,0,-2
47,107,0,-1
47,108,0,-1
47,109,0,1
47,110,0,-2
47,111,0,2
47,112,0,-2
47,113,0,-1
47,114,0,-2
47,115,0,1
47,116,0,-1
47,117,0,1
47,119,0,-1
47,120,0,2
47,121,0,2
47,123,0,2
47,124,0,-2
47,125,0,2
48,90,0,1
48,91,0,1
48,92,0,2
48,93,0,-2
48,94,0,-2
48,95,0,1
48,96,0,1
48,98,0,-2
48,99,0,2
48,100,0,1
48,103,0,1
48,104,0,1
48,105,0,1
48,106,0,-2
48,107,0,-1
48,108,0,-2
48,109,0,2
48,110,0,2
48,111,0,-1
48,112,0,1
48,113,0,1
48,114,0,1
48,115,0,-1
48,117,0,2
48,119,0,1
48,120,0,-1
48,121,0,-1
48,122,0,1
48,123,0,2
48,124,0,-1
48,125,0,1
49,91,0,1
49,92,0,-2
49,94,0,1
49,95,0,-1
49,96,0,-2
49,97,0,1
49,98,0,-2
49,99,0,-1
49,100,0,-1
49,101,0,1
49,102,0,-1
49,103,0,2
49,104,0,1
49,107,0,-2
49,108,0,2
49,109,0,-2
49,111,0,2
49,112,0,-2
49,113,0,2
49,114,0,1
49,115,0,-2
49,116,0,-2
49,117,0,-1
49,118,0,-1
49,121,0,-2
49,122,0,2
49,123,0,1
49,125,0,2
50,90,0,-2
50,91,0,1
50,93,0,-2
50,95,0,-1
50,97,0,-2
50,98,0,-2
50,99,0,1
50,100,0,1
50,101,0,-1
50,102,0,2
50,104,0,-1
50,105,0,-1
50,106,0,-2
50,107,0,2
50,108,0,1
50,110,0,2
50,111,0,1
50,113,0,2
50,114,0,-1
50,115,0,2
50,116,0,-2
50,117,0,1
50,119,0,-2
50,120,0,-1
50,122,0,2
50,123,0,-1
50,124,0,2
50,125,0,-1
51,90,0,1
51,91,0,2
51,92,0,-1
51,93,0,1
51,94,0,1
51,95,0,-1
51,96,0,2
51,100,0,-2
51,102,0,2
51,103,0,-1
51,104,0,2
51,105,0,1
51,107,0,1
51,108,0,-1
51,109,0,1
51,110,0,-1
51,111,0,-2
51,112,0,-1
51,114,0,-1
51,115,0,-1
51,117,0,2
51,118,0,1
51,119,0,2
51,120,0,2
51,121,0,1
51,122,0,-1
51,123,0,-2
51,124,0,2
51,125,0,1
52,91,0,-1
52,92,0,-2
52,93,0,1
52,94,0,-1
52,95,0,-1
52,97,0,-1
52,101,0,-1
52,102,0,-1
52,103,0,-1
52,104,0,1
52,105,0,2
52,106,0,-1
52,107,0,-1
52,108,0,2
52,109,0,1
52,110,0,-2
52,111,0,1
52,114,0,2
52,115,0,2
52,116,0,-1
52,117,0,1
52,118,0,1
52,119,0,-2
52,120,0,-1
52,121,0,1
52,123,0,2
52,124,0,2
53,91,0,1
53,92,0,2
53,94,0,-2
53,95,0,1
53,96,0,-1
53,97,0,-1
53,98,0,-1
53,99,0,-2
53,100,0,2
53,101,0,-1
53,102,0,1
53,103,0,1
53,106,0,-2
53,107,0,1
53,108,0,-2
53,109,0,2
53,110,0,1
53,111,0,2
53,112,0,-2
53,114,0,-2
53,115,0,2
53,116,0,2
53,117,0,2
53,118,0,-2
53,119,0,-1
53,120,0,-1
53,121,0,2
53,122,0,2
53,123,0,1
53,124,0,-2
53,125,0,2
54,90,0,-2
54,91,0,-1
54,92,0,-2
54,93,0,-2
54,94,0,-2
54,95,0,1
54,96,0,2
54,98,0,2
54,99,0,1
54,100,0,-2
54,101,0,2
54,102,0,-2
54,103,0,-1
54,104,0,-2
54,105,0,1
54,106,0,2
54,107,0,-2
54,108,0,2
54,110,0,-2
54,111,0,-1
54,112,0,2
54,113,0,1
54,115,0,1
54,116,0,1
54,117,0,2
54,118,0,2
54,119,0,1
54,120,0,1
54,121,0,2
54,122,0,-2
54,123,0,-2
54,125,0,2
55,90,0,1
55,91,0,-1
55,92,0,2
55,93,0,-2
55,94,0,1
55,95,0,2
55,96,0,1
55,97,0,1
55,98,0,-2
55,99,0,1
55,100,0,-1
55,101,0,-1
55,102,0,-2
55,103,0,-2
55,104,0,2
55,105,0,-2
55,106,0,-2
55,109,0,-2
55,110,0,2
55,112,0,2
55,113,0,-1
55,114,0,1
55,115,0,-1
55,116,0,-1
55,117,0,1
55,118,0,-2
55,120,0,1
55,122,0,1
55,123,0,-2
55,124,0,-2
55,125,0,-2
56,91,0,2
56,92,0,1
56,93,0,2
56,94,0,2
56,95,0,-1
56,96,0,-2
56,97,0,1
56,98,0,2
56,99,0,2
56,100,0,-1
56,102,0,1
56,103,0,-2
56,104,0,-2
56,105,0,2
56,106,0,1
56,107,0,-2
56,109,0,-1
56,112,0,-2
56,113,0,-2
56,114,0,-1
56,115,0,-1
56,116,0,2
56,117,0,-1
56,118,0,1
56,120,0,1
56,121,0,2
56,123,0,2
56,124,0,-1
56,125,0,1
57,90,0,1
57,91,0,-1
57,92,0,-1
57,95,0,2
57,96,0,2
57,97,0,-2
57,99,0,2
57,100,0,-2
57,101,0,-1
57,102,0,-1
57,105,0,-1
57,106,0,2
57,107,0,2
57,108,0,-1
57,109,0,-2
57,110,0,2
57,111,0,2
57,112,0,-1
57,113,0,1
57,116,0,-1
57,117,0,-1
57,118,0,-1
57,119,0,1
57,120,0,-1
57,121,0,-1
57,125,0,2
58,90,0,-1
58,91,0,1
58,92,0,2
58,93,0,-1
58,94,0,2
58,96,0,-2
58,97,0,-2
58,98,0,1
58,99,0,-2
58,101,0,2
58,103,0,2
58,104,0,2
58,105,0,2
58,106,0,1
58,107,0,-1
58,109,0,2
58,111,0,1
58,112,0,-1
58,114,0,-2
58,115,0,-2
58,116,0,-1
58,117,0,2
58,118,0,-2
58,119,0,-2
58,121,0,2
58,122,0,1
58,123,0,2
58,124,0,-2
58,125,0,-2
59,90,0,2
59,92,0,-1
59,93,0,1
59,94,0,-1
59,95,0,1
59,96,0,1
59,97,0,-1
59,98,0,-1
59,100,0,1
59,101,0,1
59,103,0,2
59,105,0,-1
59,106,0,1
59,107,0,2
59,108,0,2
59,109,0,-1
59,110,0,-1
59,111,0,1
59,112,0,-2
59,114,0,-2
59,115,0,-2
59,117,0,2
59,118,0,1
59,119,0,1
59,120,0,-2
59,121,0,-1
59,123,0,1
59,124,0,1
60,91,0,-1
60,92,0,-1
60,95,0,-2
60,96,0,2
60,98,0,-2
60,99,0,-2
60,100,0,2
60,102,0,-1
60,103,0,2
60,104,0,1
60,105,0,1
60,106,0,1
60,108,0,-1
60,109,0,-2
60,110,0,-1
60,112,0,-2
60,113,0,2
60,114,0,-2
60,115,0,-1
60,117,0,1
60,118,0,1
60,119,0,-2
60,120,0,-1
60,121,0,-1
60,122,0,-1
60,123,0,2
60,124,0,-1
60,125,0,2
61,90,0,1
61,91,0,-1
61,93,0,-1
61,95,0,2
61,97,0,2
61,98,0,1
61,99,0,-2
61,100,0,1
61,101,0,-1
61,102,0,1
61,104,0,-1
61,105,0,-2
61,106,0,-2
61,107,0,-1
61,109,0,-1
61,110,0,-2
61,111,0,-1
61,113,0,2
61,114,0,-1
61,115,0,1
61,116,0,-2
61,117,0,1
61,119,0,-1
61,120,0,2
61,121,0,-2
61,122,0,1
61,123,0,-2
61,124,0,2
62,90,0,-1
62,91,0,-2
62,92,0,2
62,93,0,2
62,94,0,-1
62,95,0,-1
62,96,0,-1
62,97,0,1
62,98,0,-2
62,99,0,-1
62,100,0,1
62,101,0,2
62,102,0,-1
62,104,0,1
62,105,0,2
62,106,0,2
62,107,0,-1
62,108,0,-2
62,109,0,1
62,110,0,-1
62,111,0,1
62,112,0,-1
62,114,0,-2
62,115,0,1
62,116,0,-1
62,118,0,-1
62,119,0,2
62,120,0,-1
62,121,0,2
62,122,0,-1
62,123,0,-1
62,124,0,1
62,125,0,1
63,90,0,2
63,92,0,-2
63,93,0,1
63,95,0,1
63,97,0,1
63,98,0,2
63,100,0,-2
63,101,0,-2
63,102,0,2
63,105,0,2
63,107,0,-1
63,108,0,1
63,109,0,1
63,111,0,-1
63,112,0,1
63,113,0,2
63,115,0,-2
63,116,0,-1
63,118,0,1
63,119,0,-2
63,121,0,-2
63,122,0,-1
63,123,0,-2
64,90,0,1
64,91,0,1
64,97,0,-1
64,98,0,2
64,99,0,-1
64,101,0,2
64,102,0,-1
64,104,0,-2
64,105,0,-1
64,106,0,1
64,107,0,-2
64,108,0,-2
64,109,0,1
64,110,0,1
64,111,0,-2
64,112,0,-2
64,113,0,1
64,114,0,1
64,115,0,-2
64,116,0,2
64,118,0,-1
64,119,0,1
64,121,0,-2
64,122,0,-1
64,123,0,-2
64,124,0,-2
64,125,0,1
65,90,0,1
65,91,0,2
65,92,0,-2
65,93,0,1
65,95,0,2
65,96,0,-2
65,97,0,2
65,99,0,-1
65,100,0,-2
65,101,0,-1
65,102,0,-2
65,103,0,2
65,104,0,1
65,106,0,2
65,107,0,-2
65,108,0,1
65,110,0,1
65,111,0,-2
65,112,0,1
65,113,0,1
65,114,0,2
65,117,0,2
65,120,0,-2
65,122,0,-2
65,123,0,-1
65,124,0,1
65,125,0,-2
66,90,0,-1
66,91,0,2
66,92,0,1
66,93,0,2
66,94,0,-1
66,96,0,-2
66,97,0,-2
66,98,0,1
66,99,0,1
66,100,0,1
66,101,0,-2
66,102,0,-1
66,104,0,1
66,106,0,2
66,107,0,-2
66,108,0,1
66,109,0,-2
66,111,0,-2
66,112,0,-1
66,113,0,1
66,114,0,-1
66,115,0,-1
66,116,0,2
66,117,0,2
66,118,0,-2
66,119,0,2
66,120,0,-1
66,121,0,-1
66,122,0,-1
66,123,0,-2
66,124,0,1
66,125,0,-1
67,91,0,2
67,92,0,1
67,94,0,1
67,95,0,2
67,97,0,-1
67,98,0,-2
67,99,0,1
67,100,0,2
67,101,0,2
67,102,0,1
67,103,0,-2
67,104,0,2
67,105,0,2
67,106,0,1
67,107,0,2
67,108,0,-2
67,110,0,-1
67,111,0,-2
67,112,0,-1
67,113,0,1
67,114,0,2
67,115,0,2
67,116,0,2
67,118,0,-2
67,119,0,1
67,120,0,1
67,121,0,-1
67,122,0,1
67,123,0,1
67,124,0,2
68,90,0,-2
68,91,0,-2
68,92,0,1
68,93,0,1
68,94,0,-1
68,98,0,-1
68,99,0,-2
68,100,0,1
68,101,0,-2
68,102,0,2
68,103,0,1
68,106,0,-1
68,107,0,-1
68,108,0,2
68,109,0,-2
68,110,0,-2
68,112,0,-2
68,113,0,2
68,114,0,-2
68,115,0,-1
68,116,0,-1
68,117,0,-2
68,118,0,-2
68,120,0,2
68,121,0,1
68,122,0,-1
68,123,0,2
68,124,0,-1
68,125,0,-2
69,90,0,-1
69,91,0,-1
69,92,0,1
69,94,0,2
69,95,0,1
69,96,0,1
69,97,0,-1
69,98,0,-2
69,99,0,1
69,100,0,-1
69,101,0,2
69,102,0,-2
69,103,0,2
69,104,0,2
69,105,0,2
69,106,0,-1
69,107,0,-1
69,108,0,1
69,109,0,-2
69,110,0,-2
69,111,0,-1
69,112,0,1
69,113,0,2
69,114,0,-2
69,115,0,-1
69,116,0,1
69,117,0,2
69,118,0,2
69,119,0,-2
69,120,0,-1
69,122,0,2
69,123,0,-2
69,124,0,1
70,91,0,1
70,93,0,-1
70,94,0,2
70,95,0,1
70,96,0,1
70,98,0,-1
70,99,0,2
70,101,0,-1
70,102,0,1
70,103,0,2
70,104,0,2
70,105,0,-2
70,106,0,-2
70,107,0,1
70,108,0,2
70,109,0,-1
70,111,0,1
70,113,0,2
70,114,0,2
70,115,0,-1
70,116,0,1
70,117,0,-2
70,118,0,-2
70,119,0,-1
70,120,0,-2
70,121,0,-2
70,122,0,1
70,123,0,-2
70,124,0,-1
70,125,0,-2
71,90,0,1
71,91,0,1
71,93,0,2
71,94,0,2
71,95,0,1
71,96,0,-1
71,97,0,2
71,98,0,2
71,99,0,2
71,100,0,2
71,101,0,-2
71,102,0,2
71,105,0,1
71,106,0,-1
71,107,0,1
71,108,0,-1
71,109,0,1
71,110,0,-1
71,112,0,-1
71,113,0,1
71,115,0,1
71,116,0,-1
71,117,0,-1
71,119,0,1
71,120,0,1
71,121,0,2
71,122,0,2
71,123,0,2
71,125,0,-2
72,90,0,2
72,91,0,-2
72,92,0,-1
72,94,0,-1
72,97,0,1
72,98,0,1
72,99,0,1
72,100,0,1
72,101,0,1
72,102,0,2
72,103,0,-2
72,104,0,-1
72,105,0,-1
72,106,0,-2
72,107,0,-1
72,108,0,-1
72,109,0,2
72,111,0,1
72,112,0,-1
72,113,0,2
72,114,0,1
72,115,0,1
72,118,0,-2
72,119,0,-2
72,120,0,-1
72,121,0,1
72,122,0,1
72,123,0,2
72,125,0,-2
73,90,0,-2
73,91,0,-2
73,92,0,2
73,93,0,2
73,94,0,-1
73,95,0,-2
73,97,0,-1
73,98,0,-2
73,100,0,-2
73,102,0,-1
73,103,0,-1
73,104,0,-2
73,105,0,-1
73,106,0,1
73,107,0,-1
73,108,0,-1
73,109,0,-1
73,111,0,1
73,112,0,1
73,114,0,-1
73,115,0,-1
73,118,0,1
73,119,0,2
73,120,0,-1
73,121,0,-2
73,122,0,-2
73,123,0,2
73,125,0,-1
74,90,0,-1
74,91,0,-1
74,93,0,-2
74,94,0,1
74,95,0,2
74,96,0,-1
74,97,0,-2
74,98,0,2
74,99,0,2
74,100,0,-1
74,101,0,-2
74,102,0,-2
74,103,0,1
74,104,0,2
74,105,0,2
74,106,0,2
74,108,0,1
74,109,0,-1
74,110,0,-1
74,111,0,-2
74,112,0,1
74,113,0,-2
74,114,0,-2
74,116,0,-2
74,117,0,-2
74,118,0,-2
74,120,0,1
74,121,0,2
74,123,0,2
74,125,0,-1
75,90,0,-2
75,91,0,-2
75,92,0,1
75,94,0,-1
75,95,0,-2
75,96,0,-1
75,97,0,-2
75,98,0,2
75,99,0,-2
75,102,0,2
75,103,0,-1
75,104,0,1
75,105,0,-2
75,106,0,2
75,107,0,2
75,108,0,-2
75,110,0,1
75,113,0,2
75,114,0,1
75,115,0,-2
75,116,0,2
75,117,0,-1
75,118,0,-2
75,119,0,-2
75,120,0,1
75,121,0,2
75,122,0,2
75,123,0,-2
75,124,0,2
75,125,0,1
76,90,0,-1
76,91,0,2
76,92,0,2
76,93,0,2
76,95,0,-2
76,96,0,1
76,97,0,-2
76,99,0,2
76,100,0,-2
76,102,0,2
76,103,0,-2
76,104,0,2
76,105,0,1
76,107,0,2
76,108,0,-1
76,109,0,2
76,110,0,-2
76,111,0,2
76,112,0,2
76,113,0,1
76,114,0,2
76,115,0,1
76,116,0,2
76,117,0,-1
76,118,0,-2
76,119,0,-2
76,121,0,-1
76,122,0,-2
76,123,0,2
76,124,0,1
76,125,0,-2
77,91,0,2
77,93,0,-2
77,94,0,-2
77,95,0,2
77,96,0,-1
77,98,0,1
77,99,0,1
77,100,0,2
77,102,0,-2
77,103,0,1
77,105,0,-1
77,106,0,-2
77,107,0,2
77,109,0,-2
77,110,0,-2
77,111,0,2
77,112,0,1
77,113,0,-1
77,115,0,-2
77,116,0,1
77,117,0,-1
77,118,0,2
77,119,0,-1
77,120,0,2
77,121,0,-2
77,124,0,-2
77,125,0,2
78,90,0,-2
78,91,0,-2
78,92,0,-1
78,94,0,1
78,95,0,-2
78,96,0,-1
78,97,0,-1
78,98,0,-1
78,99,0,1
78,100,0,2
78,101,0,-1
78,102,0,-1
78,103,0,1
78,104,0,-2
78,106,0,1
78,107,0,-1
78,109,0,-2
78,110,0,2
78,111,0,-1
78,113,0,-2
78,114,0,2
78,115,0,2
78,116,0,-2
78,117,0,-2
78,119,0,-1
78,120,0,-2
78,121,0,1
78,122,0,-1
78,124,0,-1
78,125,0,-2
79,90,0,2
79,91,0,-2
79,92,0,-1
79,93,0,-1
79,94,0,2
79,95,0,1
79,96,0,-2
79,97,0,-2
79,99,0,-2
79,101,0,-1
79,102,0,2
79,103,0,2
79,105,0,2
79,106,0,1
79,108,0,-1
79,109,0,-1
79,110,0,-1
79,111,0,2
79,112,0,-2
79,113,0,1
79,114,0,-1
79,115,0,1
79,116,0,2
79,117,0,-2
79,118,0,-1
79,119,0,1
79,120,0,-1
79,121,0,2
79,122,0,1
79,123,0,2
79,124,0,2
79,125,0,2
80,90,0,-1
80,91,0,-1
80,92,0,-2
80,93,0,-1
80,94,0,1
80,95,0,-1
80,97,0,2
80,98,0,2
80,101,0,-2
80,102,0,1
80,103,0,2
80,104,0,2
80,105,0,1
80,109,0,2
80,110,0,-2
80,111,0,2
80,112,0,2
80,113,0,-1
80,114,0,1
80,115,0,-2
80,116,0,1
80,117,0,-1
80,118,0,-2
80,119,0,-2
80,120,0,2
80,121,0,1
80,122,0,1
80,123,0,1
80,124,0,-1
80,125,0,-1
81,90,0,-2
81,91,0,-2
81,92,0,1
81,93,0,1
81,94,0,-1
81,95,0,1
81,96,0,1
81,97,0,2
81,98,0,1
81,99,0,1
81,100,0,1
81,101,0,1
81,102,0,1
81,103,0,1
81,104,0,-1
81,105,0,1
81,106,0,-1
81,107,0,-1
81,108,0,-1
81,109,0,-2
81,112,0,2
81,113,0,-1
81,114,0,-1
81,115,0,-1
81,116,0,1
81,117,0,1
81,118,0,2
81,119,0,-1
81,123,0,1
81,124,0,-1
81,125,0,-2
82,90,0,-2
82,92,0,-2
82,93,0,2
82,95,0,1
82,96,0,-1
82,97,0,-2
82,98,0,-2
82,100,0,1
82,102,0,-1
82,103,0,-2
82,104,0,1
82,106,0,2
82,107,0,1
82,108,0,-1
82,109,0,-1
82,110,0,2
82,111,0,1
82,112,0,-2
82,113,0,2
82,114,0,1
82,116,0,2
82,117,0,2
82,118,0,2
82,119,0,-2
82,120,0,1
82,121,0,-2
82,122,0,-1
82,123,0,1
82,125,0,-2
83,90,0,1
83,91,0,-1
83,92,0,-2
83,93,0,-1
83,94,0,-1
83,95,0,2
83,96,0,2
83,97,0,-2
83,98,0,-2
83,99,0,-2
83,100,0,1
83,102,0,-2
83,103,0,2
83,104,0,1
83,105,0,2
83,106,0,-2
83,109,0,1
83,110,0,1
83,111,0,1
83,112,0,-1
83,113,0,-1
83,114,0,1
83,115,0,-1
83,116,0,2
83,117,0,-2
83,118,0,-2
83,119,0,2
83,120,0,-2
83,122,0,2
83,123,0,2
83,124,0,1
83,125,0,-1
84,90,0,2
84,91,0,-1
84,92,0,-1
84,93,0,-2
84,94,0,-2
84,95,0,1
84,97,0,-1
84,99,0,-1
84,100,0,-1
84,101,0,2
84,102,0,2
84,104,0,1
84,105,0,-1
84,106,0,-1
84,107,0,-2
84,109,0,-1
84,110,0,-1
84,111,0,-1
84,112,0,2
84,113,0,2
84,116,0,1
84,117,0,-1
84,118,0,-1
84,119,0,1
84,120,0,2
84,121,0,-1
84,123,0,2
84,124,0,-1
84,125,0,-1
85,90,0,-2
85,91,0,2
85,92,0,2
85,94,0,2
85,96,0,-1
85,97,0,-2
85,98,0,-2
85,100,0,2
85,102,0,2
85,104,0,2
85,105,0,-2
85,106,0,1
85,107,0,1
85,108,0,-1
85,109,0,1
85,111,0,2
85,115,0,2
85,116,0,-2
85,117,0,-1
85,118,0,1
85,119,0,2
85,121,0,1
85,122,0,2
85,123,0,1
85,125,0,-1
86,90,0,-2
86,91,0,2
86,92,0,2
86,93,0,2
86,95,0,-1
86,96,0,-1
86,97,0,2
86,98,0,-2
86,99,0,-2
86,100,0,1
86,102,0,-1
86,103,0,1
86,104,0,1
86,105,0,2
86,106,0,-1
86,107,0,1
86,108,0,1
86,110,0,-2
86,112,0,-1
86,113,0,1
86,114,0,1
86,115,0,-2
86,116,0,2
86,117,0,-2
86,119,0,-1
86,120,0,1
87,91,0,2
87,94,0,2
87,95,0,2
87,96,0,-2
87,97,0,-2
87,98,0,-1
87,99,0,1
87,100,0,2
87,102,0,2
87,103,0,1
87,104,0,1
87,105,0,2
87,107,0,1
87,108,0,-1
87,109,0,-1
87,110,0,-1
87,111,0,-2
87,112,0,1
87,113,0,2
87,114,0,-1
87,115,0,2
87,116,0,1
87,117,0,1
87,120,0,2
87,121,0,-2
87,122,0,-1
87,123,0,-1
87,124,0,-2
87,125,0,-2
88,90,0,-2
88,91,0,-2
88,93,0,-2
88,94,0,-1
88,95,0,2
88,98,0,-2
88,99,0,2
88,100,0,2
88,101,0,2
88,103,0,-1
88,104,0,1
88,106,0,-2
88,107,0,-2
88,108,0,-2
88,109,0,-1
88,110,0,-2
88,111,0,1
88,112,0,2
88,113,0,1
88,115,0,-1
88,116,0,1
88,117,0,2
88,118,0,1
88,120,0,1
88,123,0,-1
88,124,0,-2
89,90,0,-2
89,91,0,-2
89,92,0,-1
89,93,0,-2
89,95,0,-2
89,97,0,2
89,98,0,1
89,100,0,-2
89,101,0,-1
89,102,0,2
89,103,0,2
89,104,0,-1
89,105,0,2
89,106,0,2
89,107,0,2
89,108,0,1
89,110,0,-2
89,111,0,-1
89,112,0,-2
89,113,0,-2
89,114,0,2
89,115,0,-1
89,116,0,2
89,118,0,2
89,119,0,2
89,120,0,1
89,122,0,2
89,123,0,-1
89,124,0,-2
89,125,0,2
90,2,0,-2
90,3,0,-1
90,4,0,1
90,5,0,-1
90,6,0,2
90,7,0,1
90,8,0,1
90,9,0,2
90,10,0,-1
90,12,0,-2
90,13,0,-2
90,14,0,-1
90,15,0,-2
90,16,0,-1
90,17,0,1
90,18,0,1
90,19,0,2
90,21,0,-2
90,22,0,2
90,23,0,-1
90,24,0,-1
90,25,0,2
90,27,0,-1
90,28,0,1
90,29,0,1
90,32,0,-2
90,33,0,2
90,35,0,-1
90,36,0,1
90,39,0,2
90,41,0,1
90,42,0,1
90,43,0,2
90,44,0,2
90,45,0,-1
90,48,0,-1
90,50,0,2
90,51,0,-1
90,54,0,2
90,55,0,-1
90,57,0,-1
90,58,0,1
90,59,0,-2
90,61,0,-1
90,62,0,1
90,63,0,-2
90,64,0,-1
90,65,0,-1
90,66,0,1
90,68,0,2
90,69,0,1
90,71,0,-1
90,72,0,-2
90,73,0,2
90,74,0,1
90,75,0,2
90,76,0,1
90,78,0,2
90,79,0,-2
90,80,0,1
90,81,0,2
90,82,0,2
90,83,0,-1
90,84,0,-2
90,85,0,2
90,86,0,2
90,88,0,2
90,89,0,2
90,90,0,55
90,90,1,-24
90,91,0,-7
90,91,1,4
90,92,0,9
90,92,1,-13
90,93,0,14
90,93,1,-15
90,94,1,6
90,95,0,-1
90,95,1,16
90,96,1,11
90,97,0,4
90,97,1,1
90,98,0,12
90,98,1,-4
90,99,0,5
90,99,1,-24
90,100,0,10
90,100,1,-12
90,101,0,-10
90,101,1,16
90,102,0,11
90,102,1,-5
90,103,0,4
90,103,1,-19
90,104,0,-25
90,104,1,23
90,105,0,-6
90,106,0,-6
90,106,1,18
90,107,1,-1
90,108,0,-2
90,108,1,-13
90,109,0,-11
90,109,1,11
90,110,0,5
90,111,1,-4
90,112,0,-1
90,112,1,3
90,113,0,2
90,114,0,-13
90,114,1,10
90,115,0,6
90,115,1,-8
90,116,0,-6
90,116,1,12
90,117,0,-26
90,117,1,18
90,118,0,9
90,118,1,-16
90,119,0,4
90,119,1,-3
90,120,0,2
90,120,1,-5
90,121,0,-17
90,121,1,20
90,122,0,-14
90,122,1,15
90,123,0,5
90,123,1,-4
90,124,1,5
90,125,0,5
90,125,1,-7
91,2,0,1
91,3,0,1
91,4,0,-1
91,6,0,-1
91,8,0,1
91,9,0,2
91,10,0,1
91,11,0,-1
91,13,0,-1
91,14,0,2
91,15,0,-1
91,16,0,2
91,17,0,-1
91,18,0,2
91,20,0,1
91,22,0,2
91,23,0,2
91,25,0,-2
91,26,0,-2
91,27,0,-2
91,28,0,-2
91,29,0,-2
91,30,0,1
91,34,0,1
91,35,0,-2
91,36,0,-1
91,38,0,1
91,39,0,2
91,40,0,1
91,43,0,-2
91,44,0,1
91,45,0,1
91,47,0,-2
91,48,0,-1
91,49,0,-1
91,50,0,-1
91,51,0,-2
91,52,0,1
91,53,0,-1
91,54,0,1
91,55,0,1
91,56,0,-2
91,57,0,1
91,58,0,-1
91,60,0,1
91,61,0,1
91,62,0,2
91,64,0,-1
91,65,0,-2
91,66,0,-2
91,67,0,-2
91,68,0,2
91,69,0,1
91,70,0,-1
91,71,0,-1
91,72,0,2
91,73,0,2
91,74,0,1
91,75,0,2
91,76,0,-2
91,77,0,-2
91,78,0,2
91,79,0,2
91,80,0,1
91,81,0,2
91,83,0,1
91,84,0,1
91,85,0,-2
91,86,0,-2
91,87,0,-2
91,88,0,2
91,89,0,2
91,90,0,-7
91,90,1,4
91,91,0,53
91,91,1,14
91,92,0,-11
91,92,1,12
91,93,0,-3
91,93,1,-9
91,94,0,4
91,94,1,-3
91,95,0,8
91,95,1,6
91,96,0,-13
91,96,1,24
91,97,0,-1
91,97,1,5
91,98,0,-4
91,98,1,10
91,99,0,-5
91,99,1,11
91,100,0,12
91,100,1,-30
91,101,0,7
91,101,1,-11
91,102,0,8
91,102,1,3
91,103,0,12
91,103,1,4
91,104,0,-3
91,104,1,7
91,105,0,1
91,105,1,-14
91,106,0,-4
91,106,1,22
91,107,0,4
91,107,1,20
91,108,0,-7
91,108,1,-1
91,109,0,-5
91,109,1,5
91,110,1,20
91,111,0,-11
91,111,1,11
91,112,0,-7
91,112,1,-10
91,113,0,-13
91,113,1,13
91,114,0,1
91,114,1,-9
91,115,0,-1
91,116,0,4
91,116,1,-3
91,117,0,-5
91,117,1,13
91,118,0,-7
91,118,1,22
91,119,0,4
91,119,1,1
91,120,0,3
91,120,1,-15
91,121,0,12
91,121,1,-24
91,122,0,17
91,122,1,-15
91,123,0,4
91,123,1,4
91,124,0,1
91,124,1,-4
91,125,0,-4
91,125,1,-8
92,1,0,2
92,2,0,2
92,3,0,2
92,4,0,2
92,6,0,1
92,8,0,1
92,10,0,-1
92,11,0,-1
92,12,0,-1
92,13,0,1
92,14,0,-1
92,15,0,-1
92,16,0,1
92,17,0,2
92,18,0,2
92,20,0,-2
92,22,0,2
92,24,0,1
92,25,0,1
92,26,0,-2
92,27,0,1
92,28,0,1
92,29,0,-1
92,30,0,2
92,32,0,2
92,33,0,1
92,34,0,2
92,35,0,-2
92,36,0,-2
92,38,0,1
92,39,0,-2
92,40,0,2
92,41,0,1
92,42,0,2
92,43,0,2
92,44,0,-1
92,45,0,-2
92,46,0,-2
92,48,0,-2
92,49,0,2
92,51,0,1
92,52,0,2
92,53,0,-2
92,54,0,2
92,55,0,-2
92,56,0,-1
92,57,0,1
92,58,0,-2
92,59,0,1
92,60,0,1
92,62,0,-2
92,63,0,2
92,65,0,2
92,66,0,-1
92,67,0,-1
92,68,0,-1
92,69,0,-1
92,72,0,1
92,73,0,-2
92,75,0,-1
92,76,0,-2
92,78,0,1
92,79,0,1
92,80,0,2
92,81,0,-1
92,82,0,2
92,83,0,2
92,84,0,1
92,85,0,-2
92,86,0,-2
92,89,0,1
92,90,0,9
92,90,1,-13
92,91,0,-11
92,91,1,12
92,92,0,60
92,92,1,-3
92,93,0,1
92,93,1,-14
92,94,0,-1
92,94,1,-1
92,95,0,8
92,95,1,-12
92,96,0,4
92,96,1,-15
92,97,0,11
92,97,1,-20
92,98,0,-9
92,98,1,16
92,99,0,5
92,99,1,5
92,100,0,5
92,100,1,1
92,101,0,-12
92,101,1,3
92,102,0,1
92,102,1,-28
92,103,0,5
92,103,1,-4
92,104,0,-23
92,104,1,25
92,105,0,11
92,105,1,-19
92,106,0,18
92,106,1,-18
92,107,0,-2
92,107,1,-2
92,108,0,2
92,108,1,-2
92,109,0,4
92,109,1,4
92,110,0,-11
92,110,1,2
92,111,0,9
92,111,1,-11
92,112,0,-1
92,112,1,-2
92,113,0,14
92,113,1,-13
92,114,0,-3
92,114,1,-11
92,115,1,-5
92,116,0,8
92,116,1,-5
92,117,0,-8
92,117,1,18
92,118,0,-1
92,118,1,12
92,119,0,-7
92,119,1,3
92,120,0,-11
92,120,1,13
92,121,0,-2
92,121,1,-3
92,122,0,2
92,122,1,-2
92,123,0,-4
92,123,1,-3
92,124,0,3
92,124,1,6
92,125,0,-3
92,125,1,1
93,1,0,-2
93,3,0,2
93,4,0,2
93,6,0,-2
93,7,0,-2
93,8,0,-1
93,10,0,1
93,11,0,-2
93,12,0,-2
93,13,0,-2
93,14,0,-2
93,15,0,-2
93,16,0,-1
93,17,0,2
93,18,0,-1
93,19,0,-1
93,20,0,2
93,21,0,1
93,22,0,1
93,23,0,-2
93,24,0,-2
93,28,0,2
93,29,0,-2
93,30,0,-2
93,31,0,2
93,32,0,-2
93,33,0,-1
93,34,0,2
93,35,0,2
93,36,0,-2
93,39,0,2
93,40,0,-2
93,41,0,-1
93,42,0,-2
93,44,0,-2
93,45,0,2
93,46,0,2
93,47,0,-2
93,48,0,2
93,50,0,2
93,51,0,-1
93,52,0,-1
93,54,0,2
93,55,0,2
93,56,0,-2
93,58,0,1
93,59,0,-1
93,61,0,1
93,62,0,-2
93,63,0,-1
93,65,0,-1
93,66,0,-2
93,68,0,-1
93,70,0,1
93,71,0,-2
93,73,0,-2
93,74,0,2
93,76,0,-2
93,77,0,2
93,79,0,1
93,80,0,1
93,81,0,-1
93,82,0,-2
93,83,0,1
93,84,0,2
93,86,0,-2
93,88,0,2
93,89,0,2
93,90,0,14
93,90,1,-15
93,91,0,-3
93,91,1,-9
93,92,0,1
93,92,1,-14
93,93,0,65
93,93,1,-25
93,94,0,-3
93,94,1,8
93,95,0,-10
93,95,1,9
93,96,0,25
93,96,1,-18
93,97,0,6
93,97,1,1
93,98,0,8
93,98,1,-11
93,99,0,19
93,99,1,-22
93,100,0,9
93,100,1,-24
93,101,0,5
93,101,1,-6
93,102,0,3
93,102,1,-11
93,103,0,18
93,103,1,-29
93,104,0,-10
93,104,1,8
93,105,0,-3
93,105,1,-5
93,106,0,-11
93,106,1,5
93,107,0,12
93,107,1,-21
93,108,1,4
93,109,0,-5
93,110,0,19
93,110,1,-43
93,111,0,8
93,111,1,-13
93,112,0,-8
93,112,1,6
93,113,0,-8
93,113,1,26
93,114,0,-11
93,114,1,15
93,115,0,-7
93,115,1,15
93,116,0,-2
93,116,1,2
93,117,0,4
93,117,1,-15
93,118,0,-3
93,119,0,-16
93,119,1,25
93,120,0,-1
93,121,0,-27
93,121,1,13
93,122,0,-15
93,122,1,11
93,123,0,-4
93,123,1,7
93,124,0,5
93,124,1,2
93,125,0,-15
93,125,1,24
94,1,0,2
94,2,0,2
94,3,0,2
94,4,0,-2
94,5,0,-2
94,6,0,1
94,7,0,-1
94,10,0,-2
94,11,0,2
94,12,0,1
94,13,0,2
94,15,0,2
94,17,0,2
94,18,0,2
94,19,0,2
94,20,0,-2
94,23,0,-2
94,24,0,2
94,25,0,-1
94,26,0,2
94,27,0,-1
94,28,0,2
94,29,0,-2
94,30,0,2
94,31,0,-2
94,32,0,2
94,33,0,-1
94,34,0,-2
94,35,0,-1
94,36,0,-1
94,37,0,-1
94,38,0,2
94,39,0,2
94,40,0,1
94,41,0,2
94,42,0,-2
94,43,0,1
94,44,0,-2
94,45,0,-2
94,46,0,-1
94,47,0,1
94,48,0,2
94,49,0,-1
94,51,0,-1
94,52,0,1
94,53,0,2
94,54,0,2
94,55,0,-1
94,56,0,-2
94,58,0,-2
94,59,0,1
94,62,0,1
94,66,0,1
94,67,0,-1
94,68,0,1
94,69,0,-2
94,70,0,-2
94,71,0,-2
94,72,0,1
94,73,0,1
94,74,0,-1
94,75,0,1
94,77,0,2
94,78,0,-1
94,79,0,-2
94,80,0,-1
94,81,0,1
94,83,0,1
94,84,0,2
94,85,0,-2
94,87,0,-2
94,88,0,1
94,90,1,6
94,91,0,4
94,91,1,-3
94,92,0,-1
94,92,1,-1
94,93,0,-3
94,93,1,8
94,94,0,49
94,94,1,9
94,95,0,12
94,95,1,-24
94,96,0,11
94,96,1,-4
94,97,0,5
94,97,1,-4
94,98,0,-1
94,98,1,2
94,99,0,4
94,99,1,-14
94,100,0,-11
94,100,1,-14
94,101,0,4
94,101,1,-12
94,102,0,-2
94,102,1,-4
94,103,0,5
94,103,1,-14
94,104,0,-1
94,104,1,25
94,105,0,3
94,105,1,-2
94,106,0,11
94,106,1,-11
94,107,0,8
94,108,0,6
94,108,1,-17
94,109,0,-10
94,109,1,-1
94,110,1,14
94,111,0,3
94,111,1,-15
94,112,0,-16
94,112,1,25
94,113,0,-12
94,113,1,11
94,114,0,-17
94,114,1,26
94,115,0,-15
94,115,1,22
94,116,0,-1
94,116,1,-1
94,117,0,6
94,117,1,-10
94,118,0,14
94,118,1,-23
94,119,0,7
94,119,1,-10
94,120,0,-2
94,120,1,-10
94,121,0,-2
94,121,1,-14
94,122,0,10
94,122,1,2
94,123,0,11
94,124,0,10
94,124,1,-21
94,125,0,8
94,125,1,-9
95,5,0,-1
95,7,0,2
95,8,0,-1
95,9,0,1
95,11,0,1
95,13,0,2
95,14,0,-2
95,15,0,-2
95,17,0,-1
95,18,0,1
95,19,0,-1
95,20,0,-2
95,21,0,-1
95,22,0,1
95,23,0,-2
95,24,0,1
95,25,0,-2
95,28,0,1
95,29,0,-2
95,30,0,-2
95,31,0,-2
95,32,0,2
95,33,0,1
95,34,0,-2
95,35,0,2
95,36,0,-2
95,37,0,1
95,39,0,1
95,40,0,-1
95,42,0,2
95,44,0,-2
95,46,0,1
95,47,0,-1
95,48,0,-1
95,49,0,1
95,50,0,1
95,51,0,1
95,52,0,1
95,53,0,-1
95,54,0,-1
95,55,0,-2
95,56,0,1
95,57,0,-2
95,59,0,-1
95,60,0,2
95,61,0,-2
95,62,0,1
95,63,0,-1
95,65,0,-2
95,67,0,-2
95,69,0,-1
95,70,0,-1
95,71,0,-1
95,73,0,2
95,74,0,-2
95,75,0,2
95,76,0,2
95,77,0,-2
95,78,0,2
95,79,0,-1
95,80,0,1
95,81,0,-1
95,82,0,-1
95,83,0,-2
95,84,0,-1
95,86,0,1
95,87,0,-2
95,88,0,-2
95,89,0,2
95,90,0,-1
95,90,1,16
95,91,0,8
95,91,1,6
95,92,0,8
95,92,1,-12
95,93,0,-10
95,93,1,9
95,94,0,12
95,94,1,-24
95,95,0,42
95,95,1,1
95,96,0,-9
95,96,1,11
95,97,0,5
95,97,1,-2
95,98,0,-5
95,98,1,14
95,99,0,2
95,99,1,-12
95,100,0,-2
95,100,1,-1
95,101,0,-5
95,101,1,10
95,102,0,6
95,102,1,-7
95,103,0,-10
95,104,0,-17
95,104,1,15
95,105,1,-1
95,106,0,10
95,106,1,8
95,107,0,-10
95,107,1,15
95,108,0,11
95,108,1,-15
95,109,0,6
95,109,1,1
95,110,0,-16
95,110,1,23
95,111,0,1
95,111,1,-1
95,112,0,-9
95,112,1,4
95,113,0,6
95,113,1,3
95,114,0,-11
95,114,1,-1
95,115,0,-3
95,115,1,-1
95,116,0,6
95,116,1,6
95,117,0,3
95,117,1,-5
95,118,0,5
95,118,1,-9
95,119,0,-3
95,119,1,6
95,120,0,-6
95,120,1,7
95,121,0,3
95,121,1,-8
95,122,0,6
95,122,1,-11
95,123,0,10
95,123,1,-14
95,124,0,-2
95,124,1,9
95,125,0,-12
95,125,1,12
96,1,0,-2
96,3,0,-1
96,4,0,2
96,5,0,-2
96,6,0,-1
96,7,0,-2
96,8,0,2
96,10,0,-2
96,11,0,-2
96,12,0,-1
96,13,0,2
96,14,0,1
96,15,0,-1
96,16,0,1
96,17,0,-2
96,20,0,2
96,21,0,1
96,22,0,1
96,23,0,1
96,25,0,1
96,26,0,1
96,28,0,-2
96,29,0,1
96,30,0,-2
96,31,0,2
96,32,0,1
96,36,0,-1
96,37,0,2
96,38,0,1
96,39,0,2
96,40,0,-2
96,42,0,-2
96,43,0,1
96,44,0,1
96,46,0,1
96,48,0,-1
96,49,0,2
96,51,0,-2
96,53,0,1
96,54,0,-2
96,55,0,-1
96,56,0,2
96,57,0,-2
96,58,0,2
96,59,0,-1
96,60,0,-2
96,62,0,1
96,65,0,2
96,66,0,2
96,69,0,-1
96,70,0,-1
96,71,0,1
96,74,0,1
96,75,0,1
96,76,0,-1
96,77,0,1
96,78,0,1
96,79,0,2
96,81,0,-1
96,82,0,1
96,83,0,-2
96,85,0,1
96,86,0,1
96,87,0,2
96,90,1,11
96,91,0,-13
96,91,1,24
96,92,0,4
96,92,1,-15
96,93,0,25
96,93,1,-18
96,94,0,11
96,94,1,-4
96,95,0,-9
96,95,1,11
96,96,0,61
96,96,1,5
96,97,0,-1
96,97,1,12
96,98,0,4
96,98,1,4
96,99,0,9
96,99,1,-27
96,100,0,9
96,100,1,-13
96,101,0,15
96,101,1,-3
96,102,0,-12
96,102,1,-2
96,103,0,-3
96,103,1,-1
96,104,0,2
96,104,1,-2
96,105,0,-9
96,105,1,7
96,106,0,2
96,106,1,-6
96,107,0,11
96,107,1,-7
96,108,0,-4
96,108,1,-6
96,109,0,-8
96,109,1,-3
96,110,0,8
96,110,1,3
96,111,0,4
96,111,1,6
96,112,0,-4
96,112,1,5
96,113,0,-17
96,113,1,5
96,114,0,-8
96,114,1,15
96,115,0,-6
96,115,1,30
96,116,0,5
96,116,1,-18
96,117,0,15
96,117,1,-24
96,118,0,15
96,118,1,-27
96,119,0,-6
96,119,1,9
96,120,0,-7
96,120,1,-5
96,121,0,-10
96,121,1,-1
96,122,0,-2
96,122,1,7
96,123,0,-3
96,123,1,2
96,124,0,3
96,124,1,-16
96,125,0,4
96,125,1,-23
97,2,0,2
97,3,0,1
97,4,0,-1
97,5,0,-2
97,6,0,1
97,7,0,1
97,8,0,2
97,11,0,2
97,12,0,1
97,13,0,-1
97,16,0,2
97,17,0,1
97,20,0,-2
97,22,0,2
97,24,0,-1
97,25,0,-1
97,26,0,-1
97,27,0,-1
97,28,0,-1
97,29,0,1
97,30,0,-1
97,31,0,-1
97,33,0,-2
97,34,0,2
97,35,0,-1
97,36,0,-1
97,37,0,2
97,38,0,-2
97,39,0,1
97,40,0,-2
97,41,0,1
97,42,0,-1
97,43,0,-1
97,45,0,1
97,46,0,-2
97,47,0,-2
97,49,0,-1
97,50,0,2
97,52,0,1
97,53,0,1
97,55,0,-1
97,56,0,-1
97,57,0,2
97,58,0,2
97,59,0,1
97,61,0,-2
97,62,0,-1
97,63,0,-1
97,64,0,1
97,65,0,-2
97,66,0,2
97,67,0,1
97,69,0,1
97,71,0,-2
97,72,0,-1
97,73,0,1
97,74,0,2
97,75,0,2
97,76,0,2
97,78,0,1
97,79,0,2
97,80,0,-2
97,81,0,-2
97,82,0,2
97,83,0,2
97,84,0,1
97,85,0,2
97,86,0,-2
97,87,0,2
97,89,0,-2
97,90,0,4
97,90,1,1
97,91,0,-1
97,91,1,5
97,92,0,11
97,92,1,-20
97,93,0,6
97,93,1,1
97,94,0,5
97,94,1,-4
97,95,0,5
97,95,1,-2
97,96,0,-1
97,96,1,12
97,97,0,51
97,97,1,-14
97,98,0,10
97,98,1,-9
97,99,0,19
97,99,1,-36
97,100,0,-15
97,100,1,4
97,101,1,-4
97,102,0,-5
97,102,1,9
97,103,0,4
97,103,1,-4
97,104,0,-8
97,104,1,3
97,105,0,3
97,105,1,-9
97,106,0,-7
97,106,1,8
97,107,0,8
97,107,1,-14
97,108,0,15
97,108,1,-17
97,109,0,-1
97,109,1,9
97,110,0,7
97,110,1,-14
97,111,0,9
97,111,1,2
97,112,0,2
97,112,1,-4
97,113,0,17
97,113,1,-30
97,114,0,6
97,115,0,11
97,115,1,-13
97,116,0,21
97,116,1,-15
97,117,0,-10
97,117,1,18
97,118,0,-2
97,118,1,12
97,119,0,-5
97,120,0,-4
97,120,1,6
97,121,0,8
97,121,1,-24
97,122,0,1
97,122,1,-11
97,123,0,-1
97,123,1,-6
97,124,0,1
97,124,1,-9
97,125,0,-9
97,125,1,-9
98,1,0,1
98,2,0,2
98,3,0,-1
98,4,0,2
98,5,0,-2
98,6,0,1
98,7,0,2
98,9,0,-2
98,11,0,2
98,12,0,-1
98,14,0,-1
98,15,0,1
98,16,0,-2
98,17,0,2
98,18,0,1
98,19,0,2
98,21,0,1
98,22,0,-2
98,24,0,-2
98,25,0,2
98,26,0,-1
98,27,0,2
98,28,0,-1
98,29,0,-2
98,30,0,2
98,31,0,-2
98,32,0,-1
98,34,0,1
98,37,0,2
98,38,0,-1
98,39,0,2
98,40,0,1
98,41,0,-1
98,44,0,-2
98,46,0,2
98,47,0,-2
98,48,0,2
98,49,0,2
98,50,0,2
98,53,0,1
98,54,0,-2
98,55,0,2
98,56,0,-2
98,58,0,-1
98,59,0,1
98,60,0,2
98,61,0,-1
98,62,0,2
98,63,0,-2
98,64,0,-2
98,66,0,-1
98,67,0,2
98,68,0,1
98,69,0,2
98,70,0,1
98,71,0,-2
98,72,0,-1
98,73,0,2
98,74,0,-2
98,75,0,-2
98,77,0,-1
98,78,0,1
98,80,0,-2
98,81,0,-1
98,82,0,2
98,83,0,2
98,85,0,2
98,86,0,2
98,87,0,1
98,88,0,2
98,89,0,-1
98,90,0,12
98,90,1,-4
98,91,0,-4
98,91,1,10
98,92,0,-9
98,92,1,16
98,93,0,8
98,93,1,-11
98,94,0,-1
98,94,1,2
98,95,0,-5
98,95,1,14
98,96,0,4
98,96,1,4
98,97,0,10
98,97,1,-9
98,98,0,63
98,98,1,-25
98,99,0,6
98,99,1,-13
98,100,0,-13
98,100,1,13
98,101,0,1
98,101,1,2
98,102,0,1
98,102,1,-13
98,103,0,-13
98,103,1,7
98,104,0,-6
98,104,1,9
98,105,0,14
98,105,1,-8
98,106,0,-11
98,106,1,9
98,107,0,6
98,107,1,10
98,108,0,1
98,108,1,-6
98,109,0,-4
98,109,1,1
98,110,0,2
98,110,1,9
98,111,0,-7
98,111,1,4
98,112,0,20
98,112,1,-28
98,113,0,8
98,113,1,-15
98,114,0,1
98,115,0,13
98,115,1,-17
98,116,1,-15
98,117,0,2
98,117,1,-2
98,118,0,1
98,118,1,1
98,119,0,-2
98,119,1,8
98,120,0,6
98,120,1,1
98,121,0,-15
98,121,1,-7
98,122,0,3
98,122,1,-1
98,123,0,1
98,123,1,13
98,124,0,11
98,124,1,-14
98,125,0,6
98,125,1,-10
99,1,0,1
99,2,0,-2
99,3,0,-1
99,4,0,1
99,6,0,-2
99,7,0,2
99,9,0,1
99,10,0,-2
99,12,0,-2
99,13,0,2
99,15,0,2
99,16,0,-2
99,18,0,1
99,19,0,-1
99,20,0,1
99,21,0,1
99,22,0,-2
99,23,0,2
99,27,0,-2
99,28,0,-1
99,29,0,1
99,30,0,1
99,31,0,-1
99,32,0,-2
99,34,0,-2
99,35,0,2
99,36,0,-2
99,37,0,-2
99,39,0,-2
99,40,0,-2
99,41,0,-2
99,42,0,-1
99,43,0,-2
99,44,0,-2
99,45,0,2
99,46,0,-2
99,48,0,-2
99,49,0,1
99,50,0,-1
99,53,0,2
99,54,0,-1
99,55,0,-1
99,56,0,-2
99,57,0,-2
99,58,0,2
99,60,0,2
99,61,0,2
99,62,0,1
99,64,0,1
99,65,0,1
99,66,0,-1
99,67,0,-1
99,68,0,2
99,69,0,-1
99,70,0,-2
99,71,0,-2
99,72,0,-1
99,74,0,-2
99,75,0,2
99,76,0,-2
99,77,0,-1
99,78,0,-1
99,79,0,2
99,81,0,-1
99,83,0,2
99,84,0,1
99,86,0,2
99,87,0,-1
99,88,0,-2
99,90,0,5
99,90,1,-24
99,91,0,-5
99,91,1,11
99,92,0,5
99,92,1,5
99,93,0,19
99,93,1,-22
99,94,0,4
99,94,1,-14
99,95,0,2
99,95,1,-12
99,96,0,9
99,96,1,-27
99,97,0,19
99,97,1,-36
99,98,0,6
99,98,1,-13
99,99,0,56
99,99,1,-3
99,100,0,-2
99,100,1,19
99,101,0,-5
99,101,1,4
99,102,0,2
99,103,0,-1
99,103,1,1
99,104,0,1
99,104,1,3
99,105,0,1
99,106,0,-8
99,106,1,10
99,107,0,22
99,107,1,-30
99,108,0,-3
99,108,1,23
99,109,0,4
99,109,1,-14
99,110,0,1
99,110,1,-5
99,111,0,6
99,111,1,-26
99,112,0,-14
99,112,1,12
99,113,0,2
99,113,1,13
99,114,0,1
99,114,1,-10
99,115,0,2
99,115,1,-14
99,116,0,10
99,116,1,-17
99,117,0,-5
99,117,1,14
99,118,0,-15
99,118,1,21
99,119,0,-20
99,119,1,22
99,120,0,-3
99,120,1,6
99,121,0,-12
99,121,1,30
99,122,0,-12
99,122,1,16
99,123,0,8
99,123,1,-12
99,124,0,4
99,124,1,-3
99,125,0,-9
99,125,1,16
100,1,0,-1
100,2,0,2
100,3,0,-1
100,4,0,-2
100,5,0,-2
100,9,0,1
100,10,0,-2
100,12,0,-1
100,13,0,-2
100,14,0,2
100,16,0,-2
100,17,0,-2
100,19,0,1
100,20,0,2
100,21,0,-2
100,24,0,-2
100,25,0,2
100,28,0,2
100,29,0,-1
100,30,0,2
100,32,0,-2
100,33,0,-2
100,34,0,2
100,35,0,2
100,39,0,-2
100,40,0,-1
100,41,0,-2
100,42,0,2
100,43,0,-2
100,44,0,-2
100,46,0,1
100,47,0,-1
100,48,0,-1
100,49,0,1
100,50,0,-1
100,51,0,2
100,53,0,-2
100,54,0,2
100,55,0,1
100,56,0,1
100,57,0,2
100,59,0,-1
100,60,0,-2
100,61,0,-1
100,62,0,-1
100,63,0,2
100,65,0,2
100,66,0,-1
100,67,0,-2
100,68,0,-1
100,69,0,1
100,71,0,-2
100,72,0,-1
100,73,0,2
100,74,0,1
100,76,0,2
100,77,0,-2
100,78,0,-2
100,81,0,-1
100,82,0,-1
100,83,0,-1
100,84,0,1
100,85,0,-2
100,86,0,-1
100,87,0,-2
100,88,0,-2
100,89,0,2
100,90,0,10
100,90,1,-12
100,91,0,12
100,91,1,-30
100,92,0,5
100,92,1,1
100,93,0,9
100,93,1,-24
100,94,0,-11
100,94,1,-14
100,95,0,-2
100,95,1,-1
100,96,0,9
100,96,1,-13
100,97,0,-15
100,97,1,4
100,98,0,-13
100,98,1,13
100,99,0,-2
100,99,1,19
100,100,0,54
100,100,1,-2
100,101,0,5
100,101,1,5
100,102,0,-12
100,102,1,11
100,103,0,4
100,103,1,-1
100,104,0,-12
100,104,1,6
100,105,0,-11
100,105,1,23
100,106,0,-2
100,106,1,1
100,107,0,-7
100,107,1,-2
100,108,0,-6
100,108,1,16
100,109,0,-6
100,109,1,4
100,110,0,-4
100,110,1,10
100,111,0,3
100,111,1,-3
100,112,0,-12
100,112,1,12
100,113,0,-4
100,113,1,-8
100,114,0,-10
100,114,1,13
100,115,0,-22
100,115,1,18
100,116,0,-9
100,116,1,1
100,117,1,4
100,118,0,12
100,118,1,-12
100,119,0,4
100,119,1,-3
100,120,0,-1
100,120,1,5
100,121,0,-8
100,121,1,32
100,122,1,3
100,123,0,-15
100,123,1,9
100,124,0,-6
100,124,1,-2
100,125,0,-7
100,125,1,4
101,1,0,-1
101,2,0,-2
101,3,0,1
101,4,0,-2
101,5,0,2
101,6,0,-1
101,7,0,-2
101,8,0,1
101,9,0,2
101,10,0,2
101,14,0,1
101,15,0,2
101,16,0,-1
101,18,0,-1
101,22,0,-2
101,23,0,2
101,26,0,2
101,27,0,2
101,28,0,1
101,30,0,2
101,31,0,-2
101,32,0,-1
101,33,0,-1
101,35,0,1
101,36,0,2
101,37,0,-1
101,39,0,-1
101,40,0,2
101,42,0,2
101,43,0,-1
101,44,0,2
101,45,0,1
101,46,0,2
101,47,0,2
101,49,0,-1
101,50,0,1
101,52,0,1
101,53,0,1
101,54,0,-2
101,55,0,1
101,57,0,1
101,58,0,-2
101,59,0,-1
101,61,0,1
101,62,0,-2
101,63,0,2
101,64,0,-2
101,65,0,1
101,66,0,2
101,67,0,-2
101,68,0,2
101,69,0,-2
101,70,0,1
101,71,0,2
101,72,0,-1
101,74,0,2
101,78,0,1
101,79,0,1
101,80,0,2
101,81,0,-1
101,84,0,-2
101,88,0,-2
101,89,0,1
101,90,0,-10
101,90,1,16
101,91,0,7
101,91,1,-11
101,92,0,-12
101,92,1,3
101,93,0,5
101,93,1,-6
101,94,0,4
101,94,1,-12
101,95,0,-5
101,95,1,10
101,96,0,15
101,96,1,-3
101,97,1,-4
101,98,0,1
101,98,1,2
101,99,0,-5
101,99,1,4
101,100,0,5
101,100,1,5
101,101,0,59
101,101,1,-16
101,102,0,-19
101,102,1,16
101,103,0,-7
101,103,1,4
101,104,0,-17
101,104,1,23
101,105,0,-12
101,105,1,11
101,106,0,-4
101,106,1,-1
101,107,0,9
101,107,1,-9
101,108,0,-7
101,108,1,21
101,109,0,-6
101,109,1,-4
101,110,0,16
101,110,1,-13
101,111,1,-4
101,112,0,-11
101,112,1,3
101,113,0,-18
101,113,1,28
101,114,0,-4
101,114,1,8
101,115,0,-2
101,115,1,5
101,116,0,2
101,116,1,14
101,117,0,14
101,117,1,-15
101,118,0,7
101,118,1,-13
101,119,0,9
101,119,1,-1
101,120,0,9
101,120,1,-10
101,121,0,9
101,121,1,-7
101,122,0,-4
101,122,1,14
101,123,0,-17
101,123,1,19
101,124,0,4
101,124,1,1
101,125,0,23
101,125,1,-34
102,1,0,-1
102,2,0,-2
102,3,0,1
102,6,0,2
102,7,0,-2
102,9,0,1
102,11,0,-1
102,12,0,1
102,13,0,2
102,14,0,-2
102,16,0,2
102,17,0,-1
102,18,0,-2
102,20,0,2
102,21,0,1
102,22,0,-1
102,23,0,-1
102,24,0,2
102,26,0,2
102,29,0,2
102,30,0,1
102,31,0,2
102,32,0,1
102,34,0,2
102,35,0,-1
102,36,0,-1
102,37,0,-2
102,38,0,-1
102,39,0,-1
102,41,0,-1
102,43,0,1
102,44,0,1
102,46,0,-1
102,47,0,-2
102,49,0,1
102,50,0,-2
102,51,0,-2
102,52,0,1
102,53,0,-1
102,54,0,2
102,55,0,2
102,56,0,-1
102,57,0,1
102,60,0,1
102,61,0,-1
102,62,0,1
102,63,0,-2
102,64,0,1
102,65,0,2
102,66,0,1
102,67,0,-1
102,68,0,-2
102,69,0,2
102,70,0,-1
102,71,0,-2
102,72,0,-2
102,73,0,1
102,74,0,2
102,75,0,-2
102,76,0,-2
102,77,0,2
102,78,0,1
102,79,0,-2
102,80,0,-1
102,81,0,-1
102,82,0,1
102,83,0,2
102,84,0,-2
102,85,0,-2
102,86,0,1
102,87,0,-2
102,89,0,-2
102,90,0,11
102,90,1,-5
102,91,0,8
102,91,1,3
102,92,0,1
102,92,1,-28
102,93,0,3
102,93,1,-11
102,94,0,-2
102,94,1,-4
102,95,0,6
102,95,1,-7
102,96,0,-12
102,96,1,-2
102,97,0,-5
102,97,1,9
102,98,0,1
102,98,1,-13
102,99,0,2
102,100,0,-12
102,100,1,11
102,101,0,-19
102,101,1,16
102,102,0,55
102,102,1,9
102,103,0,-1
102,103,1,6
102,104,0,2
102,104,1,-11
102,105,0,12
102,105,1,-12
102,106,0,4
102,106,1,15
102,107,0,-4
102,107,1,-8
102,108,0,10
102,108,1,-24
102,109,0,1
102,109,1,8
102,110,0,-9
102,110,1,12
102,111,0,-4
102,111,1,11
102,112,0,9
102,112,1,-7
102,113,0,-7
102,113,1,8
102,114,0,-6
102,114,1,5
102,115,0,-1
102,115,1,-14
102,116,0,5
102,117,0,-6
102,117,1,18
102,118,0,4
102,118,1,-1
102,119,0,-12
102,119,1,9
102,120,0,13
102,120,1,-14
102,121,0,-4
102,121,1,27
102,122,0,-9
102,122,1,-9
102,123,0,9
102,123,1,-15
102,124,0,-1
102,124,1,-1
102,125,0,-8
102,125,1,9
103,2,0,-2
103,3,0,2
103,4,0,1
103,8,0,1
103,10,0,-1
103,11,0,-2
103,12,0,-2
103,13,0,2
103,15,0,1
103,16,0,1
103,17,0,1
103,18,0,-1
103,19,0,1
103,21,0,2
103,22,0,1
103,23,0,1
103,24,0,-2
103,26,0,1
103,27,0,-1
103,28,0,-1
103,29,0,-2
103,30,0,1
103,31,0,1
103,32,0,-2
103,34,0,-2
103,35,0,-1
103,36,0,-1
103,37,0,2
103,38,0,-2
103,39,0,-2
103,40,0,2
103,41,0,-1
103,43,0,-1
103,44,0,-1
103,45,0,2
103,46,0,2
103,47,0,1
103,48,0,-1
103,49,0,-2
103,51,0,1
103,52,0,1
103,53,0,-1
103,54,0,1
103,55,0,2
103,56,0,2
103,58,0,-2
103,59,0,-2
103,60,0,-2
103,65,0,-2
103,67,0,2
103,68,0,-1
103,69,0,-2
103,70,0,-2
103,72,0,2
103,73,0,1
103,74,0,-1
103,75,0,1
103,76,0,2
103,77,0,-1
103,78,0,-1
103,79,0,-2
103,80,0,-2
103,81,0,-1
103,82,0,2
103,83,0,-2
103,86,0,-1
103,87,0,-1
103,88,0,1
103,89,0,-2
103,90,0,4
103,90,1,-19
103,91,0,12
103,91,1,4
103,92,0,5
103,92,1,-4
103,93,0,18
103,93,1,-29
103,94,0,5
103,94,1,-14
103,95,0,-10
103,96,0,-3
103,96,1,-1
103,97,0,4
103,97,1,-4
103,98,0,-13
103,98,1,7
103,99,0,-1
103,99,1,1
103,100,0,4
103,100,1,-1
103,101,0,-7
103,101,1,4
103,102,0,-1
103,102,1,6
103,103,0,58
103,103,1,15
103,104,1,4
103,105,0,-9
103,105,1,4
103,106,0,-4
103,106,1,-1
103,107,0,12
103,107,1,-5
103,108,1,7
103,109,0,-9
103,109,1,12
103,110,0,9
103,110,1,-6
103,111,0,5
103,111,1,10
103,112,0,-6
103,112,1,-10
103,113,0,-19
103,113,1,5
103,114,0,4
103,114,1,-6
103,115,0,-11
103,115,1,21
103,116,1,5
103,117,0,-8
103,117,1,15
103,118,0,-14
103,118,1,21
103,119,0,4
103,119,1,3
103,120,0,-8
103,120,1,-5
103,121,1,-4
103,122,0,-9
103,122,1,2
103,123,0,-4
103,124,0,4
103,124,1,-29
103,125,0,-3
103,125,1,8
104,1,0,-1
104,2,0,-2
104,3,0,-1
104,4,0,1
104,6,0,2
104,8,0,-1
104,11,0,2
104,12,0,-2
104,14,0,2
104,15,0,-2
104,17,0,2
104,19,0,2
104,20,0,2
104,22,0,-2
104,23,0,-1
104,24,0,1
104,25,0,1
104,26,0,1
104,27,0,-1
104,30,0,-2
104,32,0,2
104,33,0,-2
104,34,0,1
104,35,0,-2
104,36,0,-2
104,37,0,-1
104,38,0,-1
104,39,0,1
104,41,0,2
104,42,0,-2
104,43,0,-1
104,44,0,-2
104,45,0,2
104,46,0,1
104,47,0,2
104,48,0,-1
104,49,0,-1
104,50,0,1
104,51,0,-2
104,52,0,-1
104,54,0,2
104,55,0,-2
104,56,0,2
104,58,0,-2
104,60,0,-1
104,61,0,1
104,62,0,-1
104,64,0,2
104,65,0,-1
104,66,0,-1
104,67,0,-2
104,69,0,-2
104,70,0,-2
104,72,0,1
104,73,0,2
104,74,0,-2
104,75,0,-1
104,76,0,-2
104,78,0,2
104,80,0,-2
104,81,0,1
104,82,0,-1
104,83,0,-1
104,84,0,-1
104,85,0,-2
104,86,0,-1
104,87,0,-1
104,88,0,-1
104,89,0,1
104,90,0,-25
104,90,1,23
104,91,0,-3
104,91,1,7
104,92,0,-23
104,92,1,25
104,93,0,-10
104,93,1,8
104,94,0,-1
104,94,1,25
104,95,0,-17
104,95,1,15
104,96,0,2
104,96,1,-2
104,97,0,-8
104,97,1,3
104,98,0,-6
104,98,1,9
104,99,0,1
104,99,1,3
104,100,0,-12
104,100,1,6
104,101,0,-17
104,101,1,23
104,102,0,2
104,102,1,-11
104,103,1,4
104,104,0,65
104,104,1,-19
104,105,0,1
104,105,1,1
104,106,0,5
104,106,1,5
104,107,0,1
104,107,1,15
104,108,0,-2
104,108,1,-3
104,109,0,7
104,109,1,-10
104,110,0,7
104,110,1,6
104,111,0,3
104,111,1,-19
104,112,0,6
104,112,1,4
104,113,0,12
104,113,1,-16
104,114,0,13
104,114,1,-20
104,115,0,-6
104,115,1,-2
104,116,0,-3
104,116,1,-5
104,117,0,7
104,117,1,-4
104,118,0,-3
104,118,1,-7
104,119,0,-18
104,119,1,9
104,120,0,-3
104,120,1,-5
104,121,0,11
104,121,1,-17
104,122,0,2
104,122,1,-7
104,123,0,-1
104,123,1,3
104,124,0,-4
104,124,1,-11
104,125,0,7
104,125,1,-10
105,1,0,-2
105,2,0,-1
105,3,0,-2
105,6,0,-1
105,7,0,-1
105,8,0,1
105,11,0,2
105,12,0,-1
105,13,0,-2
105,15,0,2
105,16,0,-2
105,17,0,2
105,18,0,-2
105,19,0,-2
105,20,0,-1
105,21,0,2
105,23,0,-2
105,24,0,-1
105,25,0,-2
105,27,0,-2
105,28,0,2
105,29,0,-1
105,30,0,-2
105,31,0,-1
105,32,0,2
105,33,0,-1
105,34,0,2
105,35,0,-2
105,36,0,-1
105,37,0,1
105,38,0,1
105,39,0,-2
105,40,0,-2
105,41,0,-2
105,42,0,1
105,43,0,-2
105,44,0,2
105,45,0,2
105,46,0,-1
105,47,0,2
105,48,0,-1
105,50,0,1
105,51,0,-1
105,52,0,-2
105,54,0,-1
105,55,0,2
105,56,0,-2
105,57,0,1
105,58,0,-2
105,59,0,1
105,60,0,-1
105,61,0,2
105,62,0,-2
105,63,0,-2
105,64,0,1
105,67,0,-2
105,69,0,-2
105,70,0,2
105,71,0,-1
105,72,0,1
105,73,0,1
105,74,0,-2
105,75,0,2
105,76,0,-1
105,77,0,1
105,79,0,-2
105,80,0,-1
105,81,0,-1
105,83,0,-2
105,84,0,1
105,85,0,2
105,86,0,-2
105,87,0,-2
105,89,0,-2
105,90,0,-6
105,91,0,1
105,91,1,-14
105,92,0,11
105,92,1,-19
105,93,0,-3
105,93,1,-5
105,94,0,3
105,94,1,-2
105,95,1,-1
105,96,0,-9
105,96,1,7
105,97,0,3
105,97,1,-9
105,98,0,14
105,98,1,-8
105,99,0,1
105,100,0,-11
105,100,1,23
105,101,0,-12
105,101,1,11
105,102,0,12
105,102,1,-12
105,103,0,-9
105,103,1,4
105,104,0,1
105,104,1,1
105,105,0,50
105,105,1,3
105,106,0,15
105,106,1,-22
105,107,0,-2
105,107,1,5
105,108,0,-2
105,108,1,5
105,109,0,8
105,109,1,-17
105,110,0,-3
105,110,1,14
105,111,0,-14
105,111,1,14
105,112,0,17
105,112,1,-19
105,113,0,7
105,113,1,-12
105,114,0,-1
105,114,1,-9
105,115,0,9
105,115,1,10
105,116,0,7
105,116,1,-23
105,117,0,1
105,117,1,-1
105,118,0,-1
105,118,1,-8
105,119,1,-1
105,120,0,3
105,120,1,16
105,121,0,-8
105,121,1,21
105,122,0,-1
105,122,1,-8
105,123,0,-1
105,123,1,2
105,124,0,6
105,124,1,-10
105,125,0,-2
106,1,0,1
106,2,0,1
106,3,0,-2
106,4,0,2
106,5,0,1
106,6,0,-2
106,7,0,1
106,8,0,2
106,9,0,1
106,11,0,1
106,12,0,2
106,13,0,2
106,14,0,1
106,15,0,-2
106,16,0,2
106,17,0,1
106,18,0,2
106,19,0,-1
106,20,0,2
106,21,0,-1
106,23,0,1
106,25,0,-2
106,26,0,-1
106,27,0,-2
106,28,0,2
106,29,0,-2
106,30,0,2
106,31,0,-1
106,32,0,-1
106,33,0,2
106,34,0,1
106,35,0,1
106,36,0,-2
106,37,0,1
106,39,0,-2
106,41,0,-2
106,42,0,-1
106,43,0,1
106,44,0,2
106,46,0,-1
106,48,0,2
106,50,0,2
106,52,0,1
106,53,0,2
106,54,0,-2
106,55,0,2
106,56,0,-1
106,57,0,-2
106,58,0,-1
106,59,0,-1
106,60,0,-1
106,61,0,2
106,62,0,-2
106,64,0,-1
106,65,0,-2
106,66,0,-2
106,67,0,-1
106,68,0,1
106,69,0,1
106,70,0,2
106,71,0,1
106,72,0,2
106,73,0,-1
106,74,0,-2
106,75,0,-2
106,77,0,2
106,78,0,-1
106,79,0,-1
106,81,0,1
106,82,0,-2
106,83,0,2
106,84,0,1
106,85,0,-1
106,86,0,1
106,88,0,2
106,89,0,-2
106,90,0,-6
106,90,1,18
106,91,0,-4
106,91,1,22
106,92,0,18
106,92,1,-18
106,93,0,-11
106,93,1,5
106,94,0,11
106,94,1,-11
106,95,0,10
106,95,1,8
106,96,0,2
106,96,1,-6
106,97,0,-7
106,97,1,8
106,98,0,-11
106,98,1,9
106,99,0,-8
106,99,1,10
106,100,0,-2
106,100,1,1
106,101,0,-4
106,101,1,-1
106,102,0,4
106,102,1,15
106,103,0,-4
106,103,1,-1
106,104,0,5
106,104,1,5
106,105,0,15
106,105,1,-22
106,106,0,61
106,106,1,-4
106,107,0,-17
106,107,1,28
106,108,0,15
106,108,1,-33
106,109,0,15
106,110,0,-5
106,110,1,26
106,111,0,4
106,111,1,-6
106,112,0,-12
106,112,1,23
106,113,0,-1
106,113,1,10
106,114,0,-10
106,114,1,-3
106,115,0,-13
106,115,1,-2
106,116,1,-12
106,117,0,12
106,117,1,13
106,118,0,10
106,118,1,-8
106,119,0,-9
106,119,1,-6
106,120,0,5
106,120,1,2
106,121,0,-7
106,121,1,21
106,122,0,8
106,122,1,-12
106,123,1,-5
106,124,0,-11
106,124,1,8
106,125,0,22
106,125,1,-24
107,1,0,1
107,2,0,-1
107,3,0,-1
107,4,0,-1
107,5,0,-2
107,6,0,1
107,8,0,-2
107,9,0,-1
107,10,0,2
107,11,0,-2
107,12,0,-2
107,13,0,-2
107,14,0,-1
107,15,0,-2
107,16,0,-2
107,17,0,2
107,18,0,2
107,19,0,-1
107,20,0,1
107,22,0,-1
107,23,0,2
107,24,0,-2
107,25,0,1
107,26,0,-1
107,27,0,1
107,28,0,2
107,29,0,-2
107,30,0,-1
107,31,0,-2
107,32,0,-1
107,33,0,-2
107,34,0,2
107,36,0,1
107,37,0,2
107,38,0,-2
107,39,0,2
107,41,0,1
107,42,0,2
107,43,0,-2
107,45,0,2
107,46,0,-1
107,47,0,1
107,48,0,1
107,49,0,2
107,50,0,-2
107,51,0,-1
107,52,0,1
107,53,0,-1
107,54,0,2
107,56,0,2
107,57,0,-2
107,58,0,1
107,59,0,-2
107,61,0,1
107,62,0,1
107,63,0,1
107,64,0,2
107,65,0,2
107,66,0,2
107,67,0,-2
107,68,0,1
107,69,0,1
107,70,0,-1
107,71,0,-1
107,72,0,1
107,73,0,1
107,75,0,-2
107,76,0,-2
107,77,0,-2
107,78,0,1
107,81,0,1
107,82,0,-1
107,84,0,2
107,85,0,-1
107,86,0,-1
107,87,0,-1
107,88,0,2
107,89,0,-2
107,90,1,-1
107,91,0,4
107,91,1,20
107,92,0,-2
107,92,1,-2
107,93,0,12
107,93,1,-21
107,94,0,8
107,95,0,-10
107,95,1,15
107,96,0,11
107,96,1,-7
107,97,0,8
107,97,1,-14
107,98,0,6
107,98,1,10
107,99,0,22
107,99,1,-30
107,100,0,-7
107,100,1,-2
107,101,0,9
107,101,1,-9
107,102,0,-4
107,102,1,-8
107,103,0,12
107,103,1,-5
107,104,0,1
107,104,1,15
107,105,0,-2
107,105,1,5
107,106,0,-17
107,106,1,28
107,107,0,62
107,107,1,-2
107,108,0,-6
107,108,1,-8
107,109,0,-4
107,109,1,-5
107,110,0,16
107,110,1,13
107,111,0,-15
107,111,1,12
107,112,0,-1
107,112,1,3
107,113,1,-8
107,114,0,27
107,114,1,-22
107,115,0,12
107,115,1,-14
107,116,0,-2
107,116,1,-11
107,117,0,8
107,117,1,-14
107,118,0,-21
107,118,1,18
107,119,0,-2
107,119,1,-9
107,120,0,6
107,120,1,-1
107,121,0,8
107,121,1,-19
107,122,0,-19
107,122,1,29
107,123,0,-4
107,123,1,21
107,124,1,-1
107,125,0,-1
107,125,1,-3
108,1,0,-1
108,2,0,2
108,4,0,2
108,7,0,1
108,9,0,-2
108,10,0,1
108,11,0,2
108,13,0,1
108,14,0,2
108,15,0,2
108,19,0,2
108,20,0,-2
108,21,0,2
108,22,0,1
108,23,0,-2
108,24,0,-2
108,28,0,2
108,29,0,1
108,30,0,-1
108,31,0,2
108,32,0,2
108,33,0,-1
108,34,0,-2
108,35,0,-2
108,37,0,-1
108,38,0,1
108,39,0,-1
108,40,0,1
108,43,0,2
108,44,0,1
108,45,0,1
108,46,0,2
108,47,0,1
108,48,0,2
108,49,0,-2
108,50,0,-1
108,51,0,1
108,52,0,-2
108,53,0,2
108,54,0,-2
108,57,0,1
108,59,0,-2
108,60,0,1
108,62,0,2
108,63,0,-1
108,64,0,2
108,65,0,-1
108,66,0,-1
108,67,0,2
108,68,0,-2
108,69,0,-1
108,70,0,-2
108,71,0,1
108,72,0,1
108,73,0,1
108,74,0,-1
108,75,0,2
108,76,0,1
108,79,0,1
108,81,0,1
108,82,0,1
108,85,0,1
108,86,0,-1
108,87,0,1
108,88,0,2
108,89,0,-1
108,90,0,-2
108,90,1,-13
108,91,0,-7
108,91,1,-1
108,92,0,2
108,92,1,-2
108,93,1,4
108,94,0,6
108,94,1,-17
108,95,0,11
108,95,1,-15
108,96,0,-4
108,96,1,-6
108,97,0,15
108,97,1,-17
108,98,0,1
108,98,1,-6
108,99,0,-3
108,99,1,23
108,100,0,-6
108,100,1,16
108,101,0,-7
108,101,1,21
108,102,0,10
108,102,1,-24
108,103,1,7
108,104,0,-2
108,104,1,-3
108,105,0,-2
108,105,1,5
108,106,0,15
108,106,1,-33
108,107,0,-6
108,107,1,-8
108,108,0,53
108,108,1,-7
108,109,0,-8
108,109,1,-4
108,110,0,-6
108,110,1,2
108,111,0,5
108,111,1,-2
108,112,0,-3
108,112,1,3
108,113,0,14
108,113,1,-3
108,114,0,-3
108,114,1,9
108,115,0,-10
108,115,1,18
108,116,0,-8
108,116,1,16
108,117,0,17
108,117,1,-14
108,118,0,10
108,118,1,-3
108,119,0,-5
108,119,1,12
108,120,0,4
108,120,1,-6
108,121,0,-5
108,121,1,6
108,122,0,-11
108,122,1,21
108,123,0,13
108,123,1,-16
108,124,0,-1
108,124,1,-1
108,125,0,-5
108,125,1,-5
109,1,0,1
109,3,0,2
109,4,0,-1
109,5,0,-2
109,6,0,2
109,7,0,-2
109,8,0,2
109,9,0,-1
109,10,0,-1
109,11,0,1
109,12,0,1
109,13,0,-1
109,14,0,-1
109,17,0,-2
109,18,0,-1
109,19,0,2
109,20,0,-1
109,21,0,1
109,22,0,1
109,23,0,-1
109,24,0,-2
109,25,0,1
109,26,0,2
109,27,0,-2
109,28,0,-1
109,29,0,-1
109,30,0,1
109,31,0,1
109,32,0,-2
109,33,0,1
109,34,0,-1
109,36,0,1
109,37,0,2
109,38,0,-2
109,39,0,-2
109,40,0,1
109,41,0,-2
109,42,0,1
109,43,0,2
109,45,0,-1
109,46,0,2
109,47,0,-1
109,48,0,-2
109,49,0,2
109,51,0,-1
109,52,0,-1
109,53,0,-2
109,55,0,2
109,56,0,1
109,57,0,2
109,58,0,-2
109,59,0,1
109,60,0,2
109,61,0,1
109,62,0,-1
109,63,0,-1
109,64,0,-1
109,66,0,2
109,68,0,2
109,69,0,2
109,70,0,1
109,71,0,-1
109,72,0,-2
109,73,0,1
109,74,0,1
109,76,0,-2
109,77,0,2
109,78,0,2
109,79,0,1
109,80,0,-2
109,81,0,2
109,82,0,1
109,83,0,-1
109,84,0,1
109,85,0,-1
109,87,0,1
109,88,0,1
109,90,0,-11
109,90,1,11
109,91,0,-5
109,91,1,5
109,92,0,4
109,92,1,4
109,93,0,-5
109,94,0,-10
109,94,1,-1
109,95,0,6
109,95,1,1
109,96,0,-8
109,96,1,-3
109,97,0,-1
109,97,1,9
109,98,0,-4
109,98,1,1
109,99,0,4
109,99,1,-14
109,100,0,-6
109,100,1,4
109,101,0,-6
109,101,1,-4
109,102,0,1
109,102,1,8
109,103,0,-9
109,103,1,12
109,104,0,7
109,104,1,-10
109,105,0,8
109,105,1,-17
109,106,0,15
109,107,0,-4
109,107,1,-5
109,108,0,-8
109,108,1,-4
109,109,0,48
109,109,1,-5
109,110,0,-6
109,111,0,-7
109,111,1,23
109,112,0,-1
109,112,1,2
109,113,0,17
109,113,1,-19
109,114,0,8
109,114,1,-14
109,115,0,3
109,115,1,-16
109,116,0,2
109,116,1,5
109,117,0,6
109,117,1,3
109,118,0,-6
109,118,1,9
109,119,0,10
109,119,1,-19
109,120,0,-14
109,120,1,19
109,121,0,13
109,121,1,-17
109,122,0,8
109,122,1,-12
109,123,0,-12
109,123,1,4
109,124,0,-3
109,124,1,2
109,125,0,7
109,125,1,-8
110,1,0,-2
110,2,0,2
110,3,0,-2
110,4,0,-1
110,5,0,2
110,6,0,1
110,7,0,-2
110,8,0,-1
110,9,0,2
110,10,0,2
110,11,0,-2
110,12,0,-1
110,13,0,-1
110,14,0,1
110,15,0,-1
110,17,0,2
110,18,0,2
110,19,0,1
110,20,0,-2
110,21,0,-1
110,23,0,-2
110,25,0,-2
110,26,0,-1
110,27,0,2
110,29,0,-1
110,30,0,-1
110,31,0,2
110,32,0,2
110,33,0,1
110,34,0,2
110,35,0,-2
110,36,0,-2
110,37,0,-2
110,38,0,1
110,39,0,-1
110,42,0,-2
110,43,0,-2
110,44,0,1
110,45,0,-2
110,46,0,2
110,47,0,2
110,48,0,-2
110,50,0,-2
110,51,0,1
110,52,0,2
110,53,0,-1
110,54,0,2
110,55,0,-2
110,57,0,-2
110,59,0,1
110,60,0,1
110,61,0,2
110,62,0,1
110,64,0,-1
110,65,0,-1
110,67,0,1
110,68,0,2
110,69,0,2
110,71,0,1
110,74,0,1
110,75,0,-1
110,76,0,2
110,77,0,2
110,78,0,-2
110,79,0,1
110,80,0,2
110,82,0,-2
110,83,0,-1
110,84,0,1
110,86,0,2
110,87,0,1
110,88,0,2
110,89,0,2
110,90,0,5
110,91,1,20
110,92,0,-11
110,92,1,2
110,93,0,19
110,93,1,-43
110,94,1,14
110,95,0,-16
110,95,1,23
110,96,0,8
110,96,1,3
110,97,0,7
110,97,1,-14
110,98,0,2
110,98,1,9
110,99,0,1
110,99,1,-5
110,100,0,-4
110,100,1,10
110,101,0,16
110,101,1,-13
110,102,0,-9
110,102,1,12
110,103,0,9
110,103,1,-6
110,104,0,7
110,104,1,6
110,105,0,-3
110,105,1,14
110,106,0,-5
110,106,1,26
110,107,0,16
110,107,1,13
110,108,0,-6
110,108,1,2
110,109,0,-6
110,110,0,51
110,110,1,7
110,111,0,17
110,111,1,-16
110,112,0,-4
110,112,1,14
110,113,0,-6
110,113,1,-11
110,114,0,8
110,115,0,1
110,115,1,1
110,116,0,-4
110,116,1,-18
110,117,0,-1
110,117,1,4
110,118,0,7
110,118,1,-19
110,119,0,-12
110,119,1,-1
110,120,0,-2
110,121,0,3
110,121,1,-5
110,122,0,3
110,122,1,14
110,123,1,21
110,124,0,-4
110,124,1,-12
110,125,0,11
110,125,1,-22
111,1,0,-2
111,2,0,-2
111,3,0,2
111,4,0,-1
111,5,0,-2
111,6,0,2
111,7,0,2
111,8,0,-2
111,9,0,1
111,10,0,1
111,13,0,-2
111,16,0,2
111,18,0,2
111,19,0,-2
111,20,0,1
111,21,0,2
111,22,0,-2
111,23,0,1
111,24,0,2
111,26,0,-1
111,27,0,-1
111,28,0,-2
111,29,0,1
111,30,0,2
111,32,0,1
111,33,0,1
111,34,0,-1
111,35,0,2
111,38,0,-1
111,39,0,-2
111,41,0,1
111,42,0,-2
111,43,0,-1
111,44,0,2
111,45,0,-1
111,46,0,-2
111,47,0,-2
111,48,0,1
111,49,0,-2
111,50,0,-1
111,51,0,2
111,52,0,-1
111,53,0,-2
111,54,0,1
111,57,0,-2
111,58,0,-1
111,59,0,-1
111,61,0,1
111,62,0,-1
111,63,0,1
111,64,0,2
111,65,0,2
111,66,0,2
111,67,0,2
111,69,0,1
111,70,0,-1
111,72,0,-1
111,73,0,-1
111,74,0,2
111,76,0,-2
111,77,0,-2
111,78,0,1
111,79,0,-2
111,80,0,-2
111,82,0,-1
111,83,0,-1
111,84,0,1
111,85,0,-2
111,87,0,2
111,88,0,-1
111,89,0,1
111,90,1,-4
111,91,0,-11
111,91,1,11
111,92,0,9
111,92,1,-11
111,93,0,8
111,93,1,-13
111,94,0,3
111,94,1,-15
111,95,0,1
111,95,1,-1
111,96,0,4
111,96,1,6
111,97,0,9
111,97,1,2
111,98,0,-7
111,98,1,4
111,99,0,6
111,99,1,-26
111,100,0,3
111,100,1,-3
111,101,1,-4
111,102,0,-4
111,102,1,11
111,103,0,5
111,103,1,10
111,104,0,3
111,104,1,-19
111,105,0,-14
111,105,1,14
111,106,0,4
111,106,1,-6
111,107,0,-15
111,107,1,12
111,108,0,5
111,108,1,-2
111,109,0,-7
111,109,1,23
111,110,0,17
111,110,1,-16
111,111,0,65
111,111,1,-15
111,112,1,7
111,113,0,-5
111,113,1,-11
111,114,0,-8
111,114,1,10
111,115,0,-8
111,115,1,19
111,116,0,6
111,116,1,-8
111,117,0,-4
111,117,1,3
111,118,0,9
111,118,1,-1
111,119,0,-33
111,119,1,27
111,120,0,-5
111,120,1,7
111,121,0,-3
111,121,1,-3
111,122,0,-2
111,122,1,-3
111,123,0,6
111,123,1,-19
111,124,0,-2
111,124,1,-1
111,125,0,3
111,125,1,-14
112,1,0,2
112,2,0,-1
112,3,0,-2
112,4,0,1
112,5,0,-1
112,8,0,-2
112,9,0,-2
112,10,0,1
112,11,0,-2
112,13,0,-1
112,14,0,2
112,15,0,-1
112,16,0,2
112,17,0,-2
112,18,0,2
112,19,0,-1
112,20,0,2
112,21,0,1
112,22,0,-1
112,23,0,2
112,24,0,-2
112,25,0,1
112,26,0,-2
112,27,0,-2
112,29,0,-2
112,30,0,-1
112,31,0,1
112,32,0,-2
112,34,0,1
112,35,0,-2
112,36,0,1
112,38,0,-2
112,39,0,-2
112,40,0,2
112,41,0,1
112,43,0,1
112,44,0,-2
112,45,0,-2
112,46,0,-1
112,47,0,2
112,48,0,-1
112,49,0,2
112,51,0,1
112,53,0,2
112,54,0,-2
112,55,0,-2
112,56,0,2
112,57,0,1
112,58,0,1
112,59,0,2
112,60,0,2
112,62,0,1
112,63,0,-1
112,64,0,2
112,65,0,-1
112,66,0,1
112,67,0,1
112,68,0,2
112,69,0,-1
112,71,0,1
112,72,0,1
112,73,0,-1
112,74,0,-1
112,76,0,-2
112,77,0,-1
112,79,0,2
112,80,0,-2
112,81,0,-2
112,82,0,2
112,83,0,1
112,84,0,-2
112,86,0,1
112,87,0,-1
112,88,0,-2
112,89,0,2
112,90,0,-1
112,90,1,3
112,91,0,-7
112,91,1,-10
112,92,0,-1
112,92,1,-2
112,93,0,-8
112,93,1,6
112,94,0,-16
112,94,1,25
112,95,0,-9
112,95,1,4
112,96,0,-4
112,96,1,5
112,97,0,2
112,97,1,-4
112,98,0,20
112,98,1,-28
112,99,0,-14
112,99,1,12
112,100,0,-12
112,100,1,12
112,101,0,-11
112,101,1,3
112,102,0,9
112,102,1,-7
112,103,0,-6
112,103,1,-10
112,104,0,6
112,104,1,4
112,105,0,17
112,105,1,-19
112,106,0,-12
112,106,1,23
112,107,0,-1
112,107,1,3
112,108,0,-3
112,108,1,3
112,109,0,-1
112,109,1,2
112,110,0,-4
112,110,1,14
112,111,1,7
112,112,0,44
112,112,1,11
112,113,0,5
112,113,1,-3
112,114,0,13
112,114,1,-15
112,115,0,20
112,115,1,-12
112,116,0,-2
112,116,1,-4
112,117,0,-10
112,117,1,15
112,118,1,-3
112,119,0,2
112,119,1,-20
112,120,0,10
112,120,1,-9
112,121,0,8
112,121,1,2
112,122,0,-2
112,122,1,10
112,123,0,-3
112,123,1,-1
112,124,0,-5
112,124,1,16
112,125,0,-6
112,125,1,6
113,1,0,2
113,2,0,1
113,4,0,1
113,6,0,1
113,7,0,-1
113,8,0,2
113,9,0,-2
113,10,0,2
113,11,0,-1
113,12,0,-1
113,13,0,-2
113,14,0,2
113,15,0,2
113,16,0,1
113,17,0,-2
113,18,0,-1
113,21,0,-1
113,25,0,-2
113,26,0,1
113,27,0,2
113,31,0,1
113,32,0,2
113,33,0,1
113,34,0,1
113,35,0,-2
113,37,0,2
113,38,0,-2
113,39,0,2
113,40,0,2
113,42,0,2
113,44,0,1
113,45,0,-1
113,46,0,-2
113,47,0,1
113,48,0,-1
113,49,0,-2
113,50,0,-2
113,54,0,-1
113,55,0,1
113,56,0,2
113,57,0,-1
113,60,0,-2
113,61,0,-2
113,63,0,-2
113,64,0,-1
113,65,0,-1
113,66,0,-1
113,67,0,-1
113,68,0,-2
113,69,0,-2
113,70,0,-2
113,71,0,-1
113,72,0,-2
113,74,0,2
113,75,0,-2
113,76,0,-1
113,77,0,1
113,78,0,2
113,79,0,-1
113,80,0,1
113,81,0,1
113,82,0,-2
113,83,0,1
113,84,0,-2
113,86,0,-1
113,87,0,-2
113,88,0,-1
113,89,0,2
113,90,0,2
113,91,0,-13
113,91,1,13
113,92,0,14
113,92,1,-13
113,93,0,-8
113,93,1,26
113,94,0,-12
113,94,1,11
113,95,0,6
113,95,1,3
113,96,0,-17
113,96,1,5
113,97,0,17
113,97,1,-30
113,98,0,8
113,98,1,-15
113,99,0,2
113,99,1,13
113,100,0,-4
113,100,1,-8
113,101,0,-18
113,101,1,28
113,102,0,-7
113,102,1,8
113,103,0,-19
113,103,1,5
113,104,0,12
113,104,1,-16
113,105,0,7
113,105,1,-12
113,106,0,-1
113,106,1,10
113,107,1,-8
113,108,0,14
113,108,1,-3
113,109,0,17
113,109,1,-19
113,110,0,-6
113,110,1,-11
113,111,0,-5
113,111,1,-11
113,112,0,5
113,112,1,-3
113,113,0,67
113,113,1,-1
113,114,0,16
113,114,1,-31
113,115,0,5
113,115,1,-13
113,116,1,11
113,117,1,-7
113,118,0,-6
113,118,1,5
113,119,0,-1
113,119,1,7
113,120,0,-5
113,120,1,14
113,121,0,6
113,121,1,-2
113,122,0,-7
113,122,1,9
113,123,0,-7
113,123,1,4
113,124,0,7
113,124,1,15
113,125,0,-9
113,125,1,9
114,1,0,1
114,3,0,1
114,5,0,-1
114,6,0,-2
114,8,0,1
114,9,0,1
114,10,0,2
114,11,0,2
114,12,0,1
114,13,0,-2
114,15,0,-1
114,16,0,-2
114,19,0,-1
114,20,0,-1
114,23,0,1
114,25,0,-1
114,26,0,-2
114,27,0,-1
114,28,0,1
114,29,0,2
114,30,0,-1
114,32,0,-1
114,35,0,1
114,36,0,-1
114,38,0,2
114,39,0,2
114,42,0,2
114,43,0,-1
114,44,0,-1
114,45,0,-1
114,46,0,2
114,47,0,2
114,48,0,-1
114,49,0,-1
114,50,0,1
114,51,0,1
114,52,0,-2
114,53,0,2
114,55,0,-1
114,56,0,1
114,58,0,2
114,59,0,2
114,60,0,2
114,61,0,1
114,62,0,2
114,64,0,-1
114,65,0,-2
114,66,0,1
114,67,0,-2
114,68,0,2
114,69,0,2
114,70,0,-2
114,72,0,-1
114,73,0,1
114,74,0,2
114,75,0,-1
114,76,0,-2
114,78,0,-2
114,79,0,1
114,80,0,-1
114,81,0,1
114,82,0,-1
114,83,0,-1
114,86,0,-1
114,87,0,1
114,89,0,-2
114,90,0,-13
114,90,1,10
114,91,0,1
114,91,1,-9
114,92,0,-3
114,92,1,-11
114,93,0,-11
114,93,1,15
114,94,0,-17
114,94,1,26
114,95,0,-11
114,95,1,-1
114,96,0,-8
114,96,1,15
114,97,0,6
114,98,0,1
114,99,0,1
114,99,1,-10
114,100,0,-10
114,100,1,13
114,101,0,-4
114,101,1,8
114,102,0,-6
114,102,1,5
114,103,0,4
114,103,1,-6
114,104,0,13
114,104,1,-20
114,105,0,-1
114,105,1,-9
114,106,0,-10
114,106,1,-3
114,107,0,27
114,107,1,-22
114,108,0,-3
114,108,1,9
114,109,0,8
114,109,1,-14
114,110,0,8
114,111,0,-8
114,111,1,10
114,112,0,13
114,112,1,-15
114,113,0,16
114,113,1,-31
114,114,0,36
114,114,1,26
114,115,0,18
114,115,1,-21
114,116,0,2
114,116,1,-8
114,117,1,1
114,118,0,-22
114,118,1,26
114,119,1,5
114,120,0,6
114,120,1,-15
114,121,0,18
114,121,1,-23
114,122,0,-5
114,122,1,27
114,123,0,-9
114,123,1,23
114,124,0,-6
114,124,1,-6
114,125,0,-3
114,125,1,3
115,1,0,1
115,2,0,2
115,3,0,1
115,4,0,2
115,5,0,1
115,6,0,-2
115,7,0,-1
115,8,0,-2
115,9,0,2
115,11,0,-1
115,12,0,1
115,13,0,1
115,14,0,-1
115,15,0,2
115,16,0,2
115,17,0,1
115,18,0,-2
115,19,0,2
115,20,0,2
115,21,0,-1
115,22,0,-2
115,23,0,1
115,24,0,-2
115,25,0,-1
115,26,0,-2
115,29,0,2
115,30,0,2
115,31,0,-2
115,32,0,-1
115,33,0,-2
115,34,0,1
115,35,0,-2
115,36,0,-1
115,38,0,-1
115,39,0,2
115,40,0,2
115,41,0,1
115,42,0,1
115,43,0,-2
115,45,0,2
115,46,0,-1
115,47,0,-1
115,48,0,1
115,49,0,2
115,50,0,-2
115,51,0,1
115,52,0,-2
115,53,0,-2
115,54,0,-1
115,55,0,1
115,56,0,1
115,58,0,2
115,59,0,2
115,60,0,1
115,61,0,-1
115,62,0,-1
115,63,0,2
115,64,0,2
115,66,0,1
115,67,0,-2
115,68,0,1
115,69,0,1
115,70,0,1
115,71,0,-1
115,72,0,-1
115,73,0,1
115,75,0,2
115,76,0,-1
115,77,0,2
115,78,0,-2
115,79,0,-1
115,80,0,2
115,81,0,1
115,83,0,1
115,85,0,-2
115,86,0,2
115,87,0,-2
115,88,0,1
115,89,0,1
115,90,0,6
115,90,1,-8
115,91,0,-1
115,92,1,-5
115,93,0,-7
115,93,1,15
115,94,0,-15
115,94,1,22
115,95,0,-3
115,95,1,-1
115,96,0,-6
115,96,1,30
115,97,0,11
115,97,1,-13
115,98,0,13
115,98,1,-17
115,99,0,2
115,99,1,-14
115,100,0,-22
115,100,1,18
115,101,0,-2
115,101,1,5
115,102,0,-1
115,102,1,-14
115,103,0,-11
115,103,1,21
115,104,0,-6
115,104,1,-2
115,105,0,9
115,105,1,10
115,106,0,-13
115,106,1,-2
115,107,0,12
115,107,1,-14
115,108,0,-10
115,108,1,18
115,109,0,3
115,109,1,-16
115,110,0,1
115,110,1,1
115,111,0,-8
115,111,1,19
115,112,0,20
115,112,1,-12
115,113,0,5
115,113,1,-13
115,114,0,18
115,114,1,-21
115,115,0,44
115,115,1,25
115,116,0,6
115,116,1,3
115,117,0,-16
115,117,1,16
115,118,0,-13
115,118,1,1
115,119,0,2
115,119,1,16
115,120,0,3
115,120,1,-13
115,121,0,12
115,121,1,-18
115,122,0,-3
115,122,1,8
115,123,0,9
115,123,1,-5
115,124,0,-8
115,124,1,7
115,125,0,-1
115,125,1,-3
116,1,0,2
116,2,0,1
116,3,0,1
116,4,0,-2
116,5,0,-1
116,6,0,-1
116,8,0,-2
116,9,0,1
116,12,0,-1
116,13,0,-1
116,14,0,-1
116,17,0,1
116,18,0,1
116,19,0,-1
116,20,0,1
116,21,0,-2
116,23,0,2
116,24,0,-1
116,25,0,-1
116,26,0,2
116,27,0,1
116,28,0,2
116,29,0,-2
116,30,0,-1
116,31,0,-2
116,32,0,2
116,33,0,1
116,35,0,-2
116,36,0,-1
116,37,0,-1
116,39,0,2
116,40,0,2
116,42,0,1
116,43,0,1
116,44,0,1
116,45,0,2
116,46,0,1
116,47,0,1
116,49,0,2
116,50,0,2
116,52,0,1
116,53,0,-2
116,54,0,-1
116,55,0,1
116,56,0,-2
116,57,0,1
116,58,0,1
116,61,0,2
116,62,0,1
116,63,0,1
116,64,0,-2
116,66,0,-2
116,67,0,-2
116,68,0,1
116,69,0,-1
116,70,0,-1
116,71,0,1
116,74,0,2
116,75,0,-2
116,76,0,-2
116,77,0,-1
116,78,0,2
116,79,0,-2
116,80,0,-1
116,81,0,-1
116,82,0,-2
116,83,0,-2
116,84,0,-1
116,85,0,2
116,86,0,-2
116,87,0,-1
116,88,0,-1
116,89,0,-2
116,90,0,-6
116,90,1,12
116,91,0,4
116,91,1,-3
116,92,0,8
116,92,1,-5
116,93,0,-2
116,93,1,2
116,94,0,-1
116,94,1,-1
116,95,0,6
116,95,1,6
116,96,0,5
116,96,1,-18
116,97,0,21
116,97,1,-15
116,98,1,-15
116,99,0,10
116,99,1,-17
116,100,0,-9
116,100,1,1
116,101,0,2
116,101,1,14
116,102,0,5
116,103,1,5
116,104,0,-3
116,104,1,-5
116,105,0,7
116,105,1,-23
116,106,1,-12
116,107,0,-2
116,107,1,-11
116,108,0,-8
116,108,1,16
116,109,0,2
116,109,1,5
116,110,0,-4
116,110,1,-18
116,111,0,6
116,111,1,-8
116,112,0,-2
116,112,1,-4
116,113,1,11
116,114,0,2
116,114,1,-8
116,115,0,6
116,115,1,3
116,116,0,48
116,116,1,21
116,117,1,8
116,118,0,-18
116,118,1,23
116,119,0,-12
116,119,1,22
116,120,0,-3
116,121,0,10
116,121,1,-8
116,122,0,-3
116,122,1,7
116,123,0,7
116,123,1,-13
116,124,0,2
116,124,1,19
116,125,0,-9
116,125,1,19
117,1,0,1
117,2,0,-2
117,3,0,1
117,4,0,1
117,5,0,2
117,6,0,1
117,8,0,2
117,10,0,2
117,11,0,-2
117,12,0,1
117,16,0,-2
117,17,0,1
117,18,0,1
117,19,0,2
117,20,0,-2
117,21,0,-2
117,22,0,2
117,23,0,-2
117,24,0,-2
117,25,0,-1
117,26,0,-1
117,27,0,1
117,28,0,2
117,29,0,1
117,30,0,-1
117,31,0,-2
117,32,0,1
117,33,0,2
117,34,0,1
117,35,0,-2
117,36,0,-2
117,37,0,-2
117,38,0,-1
117,39,0,2
117,40,0,1
117,42,0,2
117,43,0,-1
117,44,0,1
117,45,0,-1
117,47,0,-1
117,48,0,-2
117,49,0,1
117,50,0,-1
117,51,0,-2
117,52,0,-1
117,53,0,-2
117,54,0,-2
117,55,0,-1
117,56,0,1
117,57,0,1
117,58,0,-2
117,59,0,-2
117,60,0,-1
117,61,0,-1
117,65,0,-2
117,66,0,-2
117,68,0,2
117,69,0,-2
117,70,0,2
117,71,0,1
117,74,0,2
117,75,0,1
117,76,0,1
117,77,0,1
117,78,0,2
117,79,0,2
117,80,0,1
117,81,0,-1
117,82,0,-2
117,83,0,2
117,84,0,1
117,85,0,1
117,86,0,2
117,87,0,-1
117,88,0,-2
117,90,0,-26
117,90,1,18
117,91,0,-5
117,91,1,13
117,92,0,-8
117,92,1,18
117,93,0,4
117,93,1,-15
117,94,0,6
117,94,1,-10
117,95,0,3
117,95,1,-5
117,96,0,15
117,96,1,-24
117,97,0,-10
117,97,1,18
117,98,0,2
117,98,1,-2
117,99,0,-5
117,99,1,14
117,100,1,4
117,101,0,14
117,101,1,-15
117,102,0,-6
117,102,1,18
117,103,0,-8
117,103,1,15
117,104,0,7
117,104,1,-4
117,105,0,1
117,105,1,-1
117,106,0,12
117,106,1,13
117,107,0,8
117,107,1,-14
117,108,0,17
117,108,1,-14
117,109,0,6
117,109,1,3
117,110,0,-1
117,110,1,4
117,111,0,-4
117,111,1,3
117,112,0,-10
117,112,1,15
117,113,1,-7
117,114,1,1
117,115,0,-16
117,115,1,16
117,116,1,8
117,117,0,56
117,117,1,10
117,118,1,24
117,119,0,-3
117,119,1,-5
117,120,0,-2
117,120,1,12
117,121,0,-6
117,121,1,8
117,122,1,-8
117,123,0,6
117,123,1,-12
117,124,0,1
117,124,1,-13
117,125,0,4
117,125,1,-6
118,1,0,1
118,2,0,2
118,3,0,-2
118,4,0,-2
118,5,0,-2
118,6,0,1
118,7,0,-2
118,8,0,2
118,9,0,-1
118,11,0,-1
118,12,0,-2
118,13,0,-2
118,14,0,2
118,15,0,2
118,16,0,1
118,19,0,1
118,20,0,-2
118,21,0,-2
118,22,0,2
118,23,0,-1
118,24,0,1
118,25,0,1
118,26,0,1
118,28,0,-1
118,29,0,1
118,30,0,2
118,33,0,-2
118,34,0,-2
118,35,0,-2
118,36,0,-1
118,37,0,-2
118,38,0,1
118,39,0,1
118,40,0,1
118,41,0,1
118,43,0,1
118,45,0,2
118,46,0,2
118,49,0,1
118,51,0,-1
118,52,0,-1
118,53,0,2
118,54,0,-2
118,55,0,2
118,56,0,-1
118,57,0,1
118,58,0,2
118,59,0,-1
118,60,0,-1
118,62,0,1
118,63,0,-1
118,64,0,1
118,66,0,2
118,67,0,2
118,68,0,2
118,69,0,-2
118,70,0,2
118,72,0,2
118,73,0,-1
118,74,0,2
118,75,0,2
118,76,0,2
118,77,0,-2
118,79,0,1
118,80,0,2
118,81,0,-2
118,82,0,-2
118,83,0,2
118,84,0,1
118,85,0,-1
118,88,0,-1
118,89,0,-2
118,90,0,9
118,90,1,-16
118,91,0,-7
118,91,1,22
118,92,0,-1
118,92,1,12
118,93,0,-3
118,94,0,14
118,94,1,-23
118,95,0,5
118,95,1,-9
118,96,0,15
118,96,1,-27
118,97,0,-2
118,97,1,12
118,98,0,1
118,98,1,1
118,99,0,-15
118,99,1,21
118,100,0,12
118,100,1,-12
118,101,0,7
118,101,1,-13
118,102,0,4
118,102,1,-1
118,103,0,-14
118,103,1,21
118,104,0,-3
118,104,1,-7
118,105,0,-1
118,105,1,-8
118,106,0,10
118,106,1,-8
118,107,0,-21
118,107,1,18
118,108,0,10
118,108,1,-3
118,109,0,-6
118,109,1,9
118,110,0,7
118,110,1,-19
118,111,0,9
118,111,1,-1
118,112,1,-3
118,113,0,-6
118,113,1,5
118,114,0,-22
118,114,1,26
118,115,0,-13
118,115,1,1
118,116,0,-18
118,116,1,23
118,117,1,24
118,118,0,52
118,118,1,-8
118,119,0,4
118,121,0,-3
118,122,0,14
118,122,1,-9
118,123,0,-1
118,123,1,2
118,124,0,-11
118,124,1,20
118,125,0,10
118,125,1,-9
119,1,0,1
119,2,0,1
119,3,0,1
119,4,0,2
119,5,0,2
119,7,0,-2
119,8,0,-1
119,9,0,-2
119,10,0,-2
119,11,0,-2
119,12,0,1
119,13,0,2
119,14,0,-2
119,15,0,1
119,16,0,-1
119,17,0,-1
119,18,0,-2
119,19,0,-2
119,20,0,-2
119,21,0,-1
119,22,0,2
119,23,0,2
119,24,0,-2
119,25,0,-2
119,26,0,-2
119,27,0,2
119,28,0,-1
119,29,0,1
119,32,0,-2
119,33,0,2
119,35,0,-1
119,36,0,2
119,37,0,1
119,38,0,1
119,39,0,-1
119,40,0,-2
119,41,0,-1
119,42,0,1
119,44,0,1
119,45,0,2
119,47,0,1
119,48,0,-1
119,50,0,2
119,51,0,-2
119,52,0,2
119,53,0,1
119,54,0,-1
119,57,0,-1
119,58,0,2
119,59,0,-1
119,60,0,2
119,61,0,1
119,62,0,-2
119,63,0,2
119,64,0,-1
119,66,0,-2
119,67,0,-1
119,69,0,2
119,70,0,1
119,71,0,-1
119,72,0,2
119,73,0,-2
119,75,0,2
119,76,0,2
119,77,0,1
119,78,0,1
119,79,0,-1
119,80,0,2
119,81,0,1
119,82,0,2
119,83,0,-2
119,84,0,-1
119,85,0,-2
119,86,0,1
119,89,0,-2
119,90,0,4
119,90,1,-3
119,91,0,4
119,91,1,1
119,92,0,-7
119,92,1,3
119,93,0,-16
119,93,1,25
119,94,0,7
119,94,1,-10
119,95,0,-3
119,95,1,6
119,96,0,-6
119,96,1,9
119,97,0,-5
119,98,0,-2
119,98,1,8
119,99,0,-20
119,99,1,22
119,100,0,4
119,100,1,-3
119,101,0,9
119,101,1,-1
119,102,0,-12
119,102,1,9
119,103,0,4
119,103,1,3
119,104,0,-18
119,104,1,9
119,105,1,-1
119,106,0,-9
119,106,1,-6
119,107,0,-2
119,107,1,-9
119,108,0,-5
119,108,1,12
119,109,0,10
119,109,1,-19
119,110,0,-12
119,110,1,-1
119,111,0,-33
119,111,1,27
119,112,0,2
119,112,1,-20
119,113,0,-1
119,113,1,7
119,114,1,5
119,115,0,2
119,115,1,16
119,116,0,-12
119,116,1,22
119,117,0,-3
119,117,1,-5
119,118,0,4
119,119,0,58
119,119,1,-2
119,120,0,-4
119,120,1,-17
119,121,0,11
119,121,1,-16
119,122,0,19
119,122,1,-8
119,123,0,-8
119,123,1,30
119,124,0,8
119,124,1,-11
119,125,0,5
120,1,0,1
120,2,0,1
120,3,0,-1
120,4,0,-1
120,6,0,2
120,9,0,-2
120,10,0,2
120,11,0,-2
120,12,0,-1
120,13,0,-2
120,17,0,1
120,18,0,2
120,20,0,2
120,21,0,1
120,22,0,1
120,24,0,1
120,26,0,2
120,27,0,-2
120,28,0,-1
120,29,0,-1
120,30,0,-2
120,31,0,1
120,32,0,-1
120,33,0,1
120,34,0,-1
120,35,0,2
120,37,0,-1
120,39,0,1
120,40,0,-2
120,41,0,-1
120,42,0,2
120,43,0,2
120,44,0,-2
120,45,0,1
120,46,0,-1
120,47,0,-2
120,48,0,1
120,50,0,1
120,51,0,-2
120,52,0,1
120,53,0,1
120,54,0,-1
120,55,0,-1
120,56,0,-1
120,57,0,1
120,59,0,2
120,60,0,1
120,61,0,-2
120,62,0,1
120,65,0,2
120,66,0,1
120,67,0,-1
120,68,0,-2
120,69,0,1
120,70,0,2
120,71,0,-1
120,72,0,1
120,73,0,1
120,74,0,-1
120,75,0,-1
120,77,0,-2
120,78,0,2
120,79,0,1
120,80,0,-2
120,82,0,-1
120,83,0,2
120,84,0,-2
120,86,0,-1
120,87,0,-2
120,88,0,-1
120,89,0,-1
120,90,0,2
120,90,1,-5
120,91,0,3
120,91,1,-15
120,92,0,-11
120,92,1,13
120,93,0,-1
120,94,0,-2
120,94,1,-10
120,95,0,-6
120,95,1,7
120,96,0,-7
120,96,1,-5
120,97,0,-4
120,97,1,6
120,98,0,6
120,98,1,1
120,99,0,-3
120,99,1,6
120,100,0,-1
120,100,1,5
120,101,0,9
120,101,1,-10
120,102,0,13
120,102,1,-14
120,103,0,-8
120,103,1,-5
120,104,0,-3
120,104,1,-5
120,105,0,3
120,105,1,16
120,106,0,5
120,106,1,2
120,107,0,6
120,107,1,-1
120,108,0,4
120,108,1,-6
120,109,0,-14
120,109,1,19
120,110,0,-2
120,111,0,-5
120,111,1,7
120,112,0,10
120,112,1,-9
120,113,0,-5
120,113,1,14
120,114,0,6
120,114,1,-15
120,115,0,3
120,115,1,-13
120,116,0,-3
120,117,0,-2
120,117,1,12
120,119,0,-4
120,119,1,-17
120,120,0,46
120,120,1,3
120,121,0,-1
120,121,1,5
120,122,0,-6
120,122,1,-4
120,123,0,-9
120,123,1,-1
120,124,0,-17
120,124,1,29
120,125,0,-1
120,125,1,5
121,1,0,-2
121,3,0,-2
121,4,0,2
121,5,0,1
121,6,0,2
121,7,0,-2
121,8,0,-1
121,10,0,2
121,11,0,-2
121,12,0,1
121,13,0,-1
121,15,0,-2
121,16,0,-2
121,17,0,-1
121,18,0,2
121,19,0,-1
121,20,0,-1
121,21,0,1
121,22,0,2
121,24,0,1
121,26,0,2
121,27,0,-1
121,28,0,1
121,29,0,-2
121,30,0,-1
121,31,0,1
121,32,0,1
121,33,0,1
121,35,0,1
121,36,0,-1
121,37,0,-1
121,38,0,1
121,39,0,-2
121,44,0,-2
121,45,0,2
121,47,0,-2
121,48,0,1
121,49,0,2
121,51,0,-1
121,52,0,-1
121,53,0,-2
121,54,0,-2
121,56,0,-2
121,57,0,1
121,58,0,-2
121,59,0,1
121,60,0,1
121,61,0,2
121,62,0,-2
121,63,0,2
121,64,0,2
121,66,0,1
121,67,0,1
121,68,0,-1
121,70,0,2
121,71,0,-2
121,72,0,-1
121,73,0,2
121,74,0,-2
121,75,0,-2
121,76,0,1
121,77,0,2
121,78,0,-1
121,79,0,-2
121,80,0,-1
121,82,0,2
121,84,0,1
121,85,0,-1
121,87,0,2
121,90,0,-17
121,90,1,20
121,91,0,12
121,91,1,-24
121,92,0,-2
121,92,1,-3
121,93,0,-27
121,93,1,13
121,94,0,-2
121,94,1,-14
121,95,0,3
121,95,1,-8
121,96,0,-10
121,96,1,-1
121,97,0,8
121,97,1,-24
121,98,0,-15
121,98,1,-7
121,99,0,-12
121,99,1,30
121,100,0,-8
121,100,1,32
121,101,0,9
121,101,1,-7
121,102,0,-4
121,102,1,27
121,103,1,-4
121,104,0,11
121,104,1,-17
121,105,0,-8
121,105,1,21
121,106,0,-7
121,106,1,21
121,107,0,8
121,107,1,-19
121,108,0,-5
121,108,1,6
121,109,0,13
121,109,1,-17
121,110,0,3
121,110,1,-5
121,111,0,-3
121,111,1,-3
121,112,0,8
121,112,1,2
121,113,0,6
121,113,1,-2
121,114,0,18
121,114,1,-23
121,115,0,12
121,115,1,-18
121,116,0,10
121,116,1,-8
121,117,0,-6
121,117,1,8
121,118,0,-3
121,119,0,11
121,119,1,-16
121,120,0,-1
121,120,1,5
121,121,0,56
121,121,1,7
121,122,0,13
121,122,1,-7
121,123,0,-6
121,123,1,-7
121,124,0,-9
121,124,1,22
121,125,0,3
121,125,1,4
122,1,0,2
122,2,0,-1
122,3,0,-1
122,4,0,2
122,5,0,2
122,6,0,-2
122,7,0,1
122,9,0,-2
122,14,0,-2
122,15,0,-1
122,16,0,2
122,17,0,-2
122,18,0,2
122,19,0,2
122,20,0,-1
122,21,0,-2
122,24,0,2
122,25,0,2
122,26,0,-1
122,27,0,2
122,28,0,1
122,30,0,-1
122,31,0,2
122,32,0,-1
122,33,0,-1
122,34,0,2
122,35,0,-2
122,36,0,1
122,37,0,2
122,38,0,1
122,39,0,-1
122,40,0,2
122,41,0,2
122,42,0,2
122,43,0,-1
122,44,0,2
122,45,0,2
122,48,0,-1
122,49,0,-2
122,50,0,-2
122,51,0,1
122,53,0,-2
122,54,0,2
122,55,0,-1
122,58,0,-1
122,60,0,1
122,61,0,-1
122,62,0,1
122,63,0,1
122,64,0,1
122,65,0,2
122,66,0,1
122,67,0,-1
122,68,0,1
122,69,0,-2
122,70,0,-1
122,71,0,-2
122,72,0,-1
122,73,0,2
122,75,0,-2
122,76,0,2
122,78,0,1
122,79,0,-1
122,80,0,-1
122,82,0,1
122,83,0,-2
122,85,0,-2
122,87,0,1
122,89,0,-2
122,90,0,-14
122,90,1,15
122,91,0,17
122,91,1,-15
122,92,0,2
122,92,1,-2
122,93,0,-15
122,93,1,11
122,94,0,10
122,94,1,2
122,95,0,6
122,95,1,-11
122,96,0,-2
122,96,1,7
122,97,0,1
122,97,1,-11
122,98,0,3
122,98,1,-1
122,99,0,-12
122,99,1,16
122,100,1,3
122,101,0,-4
122,101,1,14
122,102,0,-9
122,102,1,-9
122,103,0,-9
122,103,1,2
122,104,0,2
122,104,1,-7
122,105,0,-1
122,105,1,-8
122,106,0,8
122,106,1,-12
122,107,0,-19
122,107,1,29
122,108,0,-11
122,108,1,21
122,109,0,8
122,109,1,-12
122,110,0,3
122,110,1,14
122,111,0,-2
122,111,1,-3
122,112,0,-2
122,112,1,10
122,113,0,-7
122,113,1,9
122,114,0,-5
122,114,1,27
122,115,0,-3
122,115,1,8
122,116,0,-3
122,116,1,7
122,117,1,-8
122,118,0,14
122,118,1,-9
122,119,0,19
122,119,1,-8
122,120,0,-6
122,120,1,-4
122,121,0,13
122,121,1,-7
122,122,0,70
122,122,1,-7
122,123,0,15
122,123,1,14
122,124,0,-6
122,124,1,9
122,125,0,3
122,125,1,1
123,1,0,-2
123,2,0,1
123,3,0,-1
123,4,0,2
123,5,0,-1
123,6,0,-2
123,8,0,1
123,9,0,-2
123,10,0,2
123,11,0,-1
123,12,0,-2
123,13,0,-1
123,15,0,-2
123,16,0,1
123,17,0,1
123,18,0,1
123,19,0,-1
123,20,0,2
123,21,0,2
123,22,0,1
123,23,0,-1
123,24,0,-1
123,26,0,-1
123,27,0,-1
123,28,0,-1
123,29,0,1
123,32,0,1
123,33,0,1
123,34,0,1
123,35,0,2
123,36,0,2
123,37,0,2
123,38,0,1
123,39,0,-1
123,40,0,-2
123,41,0,1
123,42,0,2
123,43,0,-1
123,44,0,-1
123,45,0,1
123,46,0,1
123,47,0,-2
123,48,0,-2
123,49,0,-1
123,50,0,1
123,51,0,2
123,52,0,-2
123,53,0,-1
123,54,0,2
123,55,0,2
123,56,0,-2
123,58,0,-2
123,59,0,-1
123,60,0,-2
123,61,0,2
123,62,0,1
123,63,0,2
123,64,0,2
123,65,0,1
123,66,0,2
123,67,0,-1
123,68,0,-2
123,69,0,2
123,70,0,2
123,71,0,-2
123,72,0,-2
123,73,0,-2
123,74,0,-2
123,75,0,2
123,76,0,-2
123,79,0,-2
123,80,0,-1
123,81,0,-1
123,82,0,-1
123,83,0,-2
123,84,0,-2
123,85,0,-1
123,87,0,1
123,88,0,1
123,89,0,1
123,90,0,5
123,90,1,-4
123,91,0,4
123,91,1,4
123,92,0,-4
123,92,1,-3
123,93,0,-4
123,93,1,7
123,94,0,11
123,95,0,10
123,95,1,-14
123,96,0,-3
123,96,1,2
123,97,0,-1
123,97,1,-6
123,98,0,1
123,98,1,13
123,99,0,8
123,99,1,-12
123,100,0,-15
123,100,1,9
123,101,0,-17
123,101,1,19
123,102,0,9
123,102,1,-15
123,103,0,-4
123,104,0,-1
123,104,1,3
123,105,0,-1
123,105,1,2
123,106,1,-5
123,107,0,-4
123,107,1,21
123,108,0,13
123,108,1,-16
123,109,0,-12
123,109,1,4
123,110,1,21
123,111,0,6
123,111,1,-19
123,112,0,-3
123,112,1,-1
123,113,0,-7
123,113,1,4
123,114,0,-9
123,114,1,23
123,115,0,9
123,115,1,-5
123,116,0,7
123,116,1,-13
123,117,0,6
123,117,1,-12
123,118,0,-1
123,118,1,2
123,119,0,-8
123,119,1,30
123,120,0,-9
123,120,1,-1
123,121,0,-6
123,121,1,-7
123,122,0,15
123,122,1,14
123,123,0,70
123,123,1,-22
123,124,0,-10
123,124,1,9
123,125,0,-7
123,125,1,20
124,1,0,-2
124,2,0,-2
124,3,0,-2
124,4,0,1
124,6,0,-2
124,7,0,2
124,9,0,2
124,10,0,-1
124,11,0,1
124,12,0,2
124,13,0,-1
124,14,0,-1
124,15,0,-1
124,16,0,-1
124,17,0,2
124,18,0,-2
124,19,0,2
124,20,0,-1
124,21,0,1
124,22,0,2
124,23,0,2
124,24,0,-1
124,25,0,2
124,26,0,2
124,27,0,-2
124,28,0,-2
124,29,0,2
124,30,0,-2
124,31,0,1
124,32,0,-2
124,33,0,1
124,34,0,-1
124,35,0,1
124,36,0,-1
124,37,0,1
124,38,0,-1
124,42,0,-1
124,43,0,2
124,44,0,2
124,45,0,2
124,46,0,2
124,47,0,2
124,48,0,1
124,50,0,-2
124,51,0,-2
124,52,0,-2
124,53,0,2
124,55,0,2
124,56,0,1
124,58,0,2
124,59,0,-1
124,60,0,1
124,61,0,-2
124,62,0,-1
124,64,0,2
124,65,0,-1
124,66,0,-1
124,67,0,-2
124,68,0,1
124,69,0,-1
124,70,0,1
124,75,0,-2
124,76,0,-1
124,77,0,2
124,78,0,1
124,79,0,-2
124,80,0,1
124,81,0,1
124,83,0,-1
124,84,0,1
124,87,0,2
124,88,0,2
124,89,0,2
124,90,1,5
124,91,0,1
124,91,1,-4
124,92,0,3
124,92,1,6
124,93,0,5
124,93,1,2
124,94,0,10
124,94,1,-21
124,95,0,-2
124,95,1,9
124,96,0,3
124,96,1,-16
124,97,0,1
124,97,1,-9
124,98,0,11
124,98,1,-14
124,99,0,4
124,99,1,-3
124,100,0,-6
124,100,1,-2
124,101,0,4
124,101,1,1
124,102,0,-1
124,102,1,-1
124,103,0,4
124,103,1,-29
124,104,0,-4
124,104,1,-11
124,105,0,6
124,105,1,-10
124,106,0,-11
124,106,1,8
124,107,1,-1
124,108,0,-1
124,108,1,-1
124,109,0,-3
124,109,1,2
124,110,0,-4
124,110,1,-12
124,111,0,-2
124,111,1,-1
124,112,0,-5
124,112,1,16
124,113,0,7
124,113,1,15
124,114,0,-6
124,114,1,-6
124,115,0,-8
124,115,1,7
124,116,0,2
124,116,1,19
124,117,0,1
124,117,1,-13
124,118,0,-11
124,118,1,20
124,119,0,8
124,119,1,-11
124,120,0,-17
124,120,1,29
124,121,0,-9
124,121,1,22
124,122,0,-6
124,122,1,9
124,123,0,-10
124,123,1,9
124,124,0,44
124,124,1,19
124,125,0,2
124,125,1,12
125,1,0,-2
125,2,0,-2
125,3,0,-1
125,5,0,1
125,9,0,2
125,10,0,2
125,11,0,2
125,12,0,-2
125,13,0,2
125,15,0,-2
125,18,0,1
125,19,0,2
125,20,0,2
125,22,0,1
125,24,0,-2
125,25,0,-2
125,26,0,-2
125,27,0,2
125,29,0,-2
125,30,0,-2
125,31,0,-2
125,32,0,-2
125,33,0,2
125,35,0,-2
125,36,0,2
125,37,0,1
125,38,0,2
125,39,0,1
125,40,0,2
125,41,0,-2
125,43,0,-2
125,44,0,-2
125,45,0,2
125,46,0,-2
125,47,0,-2
125,48,0,-1
125,49,0,-2
125,50,0,1
125,51,0,-1
125,53,0,-2
125,54,0,-2
125,55,0,2
125,56,0,-1
125,57,0,-2
125,58,0,2
125,60,0,-2
125,62,0,-1
125,64,0,-1
125,65,0,2
125,66,0,1
125,68,0,2
125,70,0,2
125,71,0,2
125,72,0,2
125,73,0,1
125,74,0,1
125,75,0,-1
125,76,0,2
125,77,0,-2
125,78,0,2
125,79,0,-2
125,80,0,1
125,81,0,2
125,82,0,2
125,83,0,1
125,84,0,1
125,85,0,1
125,87,0,2
125,89,0,-2
125,90,0,5
125,90,1,-7
125,91,0,-4
125,91,1,-8
125,92,0,-3
125,92,1,1
125,93,0,-15
125,93,1,24
125,94,0,8
125,94,1,-9
125,95,0,-12
125,95,1,12
125,96,0,4
125,96,1,-23
125,97,0,-9
125,97,1,-9
125,98,0,6
125,98,1,-10
125,99,0,-9
125,99,1,16
125,100,0,-7
125,100,1,4
125,101,0,23
125,101,1,-34
125,102,0,-8
125,102,1,9
125,103,0,-3
125,103,1,8
125,104,0,7
125,104,1,-10
125,105,0,-2
125,106,0,22
125,106,1,-24
125,107,0,-1
125,107,1,-3
125,108,0,-5
125,108,1,-5
125,109,0,7
125,109,1,-8
125,110,0,11
125,110,1,-22
125,111,0,3
125,111,1,-14
125,112,0,-6
125,112,1,6
125,113,0,-9
125,113,1,9
125,114,0,-3
125,114,1,3
125,115,0,-1
125,115,1,-3
125,116,0,-9
125,116,1,19
125,117,0,4
125,117,1,-6
125,118,0,10
125,118,1,-9
125,119,0,5
125,120,0,-1
125,120,1,5
125,121,0,3
125,121,1,4
125,122,0,3
125,122,1,1
125,123,0,-7
125,123,1,20
125,124,0,2
125,124,1,12
125,125,0,47
125,125,1,17

q_data
1,0,-9
2,0,-3
3,0,-8
4,0,15
5,0,-10
6,0,6
7,0,-12
8,0,1
9,0,1
10,0,13
11,0,-25
12,0,-24
13,0,-20
14,0,-7
15,0,-20
16,0,-6
17,0,15
18,0,19
19,0,3
20,0,9
21,0,4
22,0,23
23,0,-3
24,0,-21
26,0,-4
27,0,-12
28,0,11
29,0,-17
30,0,-14
32,0,-5
33,0,3
34,0,23
35,0,-10
36,0,-19
37,0,6
38,0,-3
39,0,-3
40,0,-6
41,0,-5
42,0,20
43,0,-12
44,0,-11
45,0,29
46,0,1
47,0,-16
48,0,-19
49,0,17
51,0,-14
52,0,-4
53,0,-24
54,0,8
55,0,8
56,0,-10
57,0,5
58,0,-6
59,0,-7
60,0,2
61,0,9
62,0,-9
63,0,10
64,0,21
65,0,10
66,0,7
67,0,-23
68,0,7
69,0,-1
70,0,15
71,0,-28
72,0,1
73,0,13
74,0,4
75,0,5
76,0,-12
77,0,-2
78,0,21
79,0,-7
80,0,-4
81,0,-10
82,0,-1
83,0,-2
84,0,9
85,0,-16
86,0,-9
87,0,-10
88,0,1
89,0,1
90,0,2
91,0,1
91,1,-1
92,0,-1
93,0,-2
94,1,2
95,0,2
95,1,-2
96,0,-1
96,1,1
97,0,2
97,1,-3
98,0,1
98,1,-1
99,0,-1
99,1,-1
100,0,1
100,1,-2
101,0,-1
101,1,1
102,1,2
103,0,2
103,1,-2
104,0,2
104,1,-3
105,0,1
106,0,1
107,0,2
107,1,-2
108,0,1
108,1,-1
109,0,-2
109,1,2
110,1,1
111,0,-1
112,0,1
112,1,1
113,0,1
113,1,-3
114,0,-1
114,1,-1
115,0,1
115,1,-1
116,0,-1
116,1,1
119,0,1
120,0,-1
120,1,2
121,0,-1
121,1,3
122,0,-1
122,1,3
123,0,2
123,1,-1
124,0,-1
124,1,-1
125,0,2
125,1,-1

Param_Space
1,1,-1
2,1,1

Param_Space_RHS
0
1

END
