LCP


h
125

k
1

M_data
1,1,0,121
1,2,0,14
1,3,0,-3
1,4,0,-1
1,5,0,27
1,6,0,13
1,7,0,18
1,8,0,14
1,9,0,9
1,10,0,-14
1,11,0,1
1,12,0,22
1,13,0,7
1,14,0,13
1,15,0,14
1,16,0,-1
1,17,0,1
1,18,0,-20
1,19,0,-17
1,20,0,-3
1,21,0,3
1,22,0,12
1,24,0,-6
1,25,0,26
1,26,0,14
1,27,0,12
1,28,0,-2
1,29,0,31
1,30,0,-18
1,31,0,-9
1,32,0,5
1,33,0,13
1,34,0,12
1,35,0,-1
1,36,0,19
1,37,0,-28
1,38,0,-11
1,39,0,-16
1,40,0,-16
1,41,0,12
1,42,0,1
1,43,0,3
1,44,0,10
1,45,0,-11
1,46,0,-2
1,47,0,-29
1,48,0,31
1,49,0,10
1,50,0,1
1,51,0,-5
1,52,0,3
1,53,0,12
1,54,0,-9
1,55,0,21
1,56,0,-12
1,57,0,-1
1,58,0,9
1,59,0,-16
1,60,0,40
1,61,0,-6
1,62,0,-8
1,63,0,9
1,64,0,1
1,65,0,1
1,66,0,17
1,67,0,-5
1,68,0,31
1,69,0,-19
1,70,0,25
1,71,0,-8
1,72,0,-5
1,73,0,-5
1,74,0,18
1,75,0,-10
1,76,0,3
1,77,0,-2
1,78,0,1
1,79,0,3
1,80,0,12
1,81,0,-10
1,82,0,12
1,83,0,1
1,84,0,-10
1,85,0,31
1,86,0,23
1,87,0,1
1,88,0,1
1,89,0,1
1,90,0,1
2,1,0,14
2,2,0,113
2,3,0,12
2,4,0,-22
2,5,0,16
2,6,0,-9
2,7,0,20
2,8,0,-13
2,9,0,-10
2,10,0,-4
2,11,0,11
2,12,0,-10
2,13,0,8
2,14,0,17
2,15,0,-10
2,16,0,-19
2,17,0,-20
2,18,0,1
2,19,0,11
2,20,0,3
2,21,0,3
2,22,0,-9
2,23,0,7
2,24,0,-10
2,25,0,6
2,26,0,-24
2,27,0,-2
2,28,0,-6
2,29,0,4
2,31,0,-12
2,32,0,12
2,33,0,5
2,34,0,5
2,35,0,-14
2,36,0,-12
2,37,0,-17
2,38,0,-10
2,39,0,16
2,40,0,-7
2,41,0,-12
2,42,0,3
2,43,0,-8
2,44,0,15
2,45,0,30
2,46,0,-21
2,47,0,-18
2,48,0,12
2,49,0,-20
2,50,0,10
2,51,0,-11
2,52,0,5
2,53,0,-11
2,55,0,-18
2,56,0,-1
2,57,0,-20
2,58,0,20
2,59,0,5
2,60,0,17
2,61,0,-11
2,62,0,-2
2,63,0,-1
2,64,0,11
2,65,0,-15
2,66,0,1
2,67,0,26
2,68,0,-11
2,69,0,-14
2,70,0,2
2,71,0,2
2,72,0,-5
2,73,0,-10
2,74,0,16
2,75,0,-5
2,76,0,-7
2,77,0,8
2,78,0,16
2,79,0,-1
2,80,0,24
2,81,0,-32
2,82,0,-2
2,83,0,23
2,84,0,1
2,85,0,1
2,86,0,-1
2,91,0,1
3,1,0,-3
3,2,0,12
3,3,0,142
3,5,0,2
3,6,0,-35
3,7,0,22
3,8,0,-18
3,9,0,-4
3,10,0,-14
3,11,0,9
3,12,0,-23
3,13,0,-12
3,14,0,-6
3,15,0,-23
3,16,0,18
3,17,0,-10
3,18,0,-29
3,19,0,2
3,20,0,-7
3,21,0,-24
3,22,0,-12
3,23,0,-10
3,24,0,-10
3,25,0,-8
3,26,0,-23
3,27,0,-11
3,28,0,-16
3,29,0,-6
3,31,0,-27
3,32,0,-11
3,33,0,6
3,34,0,-19
3,35,0,4
3,36,0,3
3,37,0,4
3,38,0,30
3,39,0,25
3,40,0,2
3,41,0,-13
3,42,0,2
3,43,0,2
3,44,0,-4
3,45,0,11
3,46,0,-1
3,47,0,-23
3,49,0,-21
3,50,0,9
3,51,0,22
3,52,0,8
3,53,0,-30
3,54,0,-9
3,55,0,-6
3,56,0,-1
3,57,0,-14
3,59,0,-1
3,60,0,-13
3,61,0,-40
3,62,0,-8
3,63,0,1
3,64,0,-30
3,65,0,-12
3,66,0,-13
3,67,0,13
3,68,0,14
3,69,0,21
3,70,0,-7
3,71,0,9
3,72,0,8
3,73,0,9
3,74,0,-5
3,75,0,-2
3,76,0,-17
3,77,0,13
3,78,0,-18
3,79,0,-8
3,80,0,3
3,81,0,-7
3,82,0,-24
3,83,0,-9
3,84,0,1
3,85,0,-7
3,86,0,25
3,92,0,1
4,1,0,-1
4,2,0,-22
4,4,0,144
4,5,0,14
4,6,0,16
4,7,0,-6
4,8,0,-6
4,9,0,1
4,10,0,1
4,11,0,2
4,12,0,-19
4,13,0,4
4,14,0,7
4,15,0,-13
4,16,0,30
4,17,0,-16
4,18,0,-8
4,19,0,-1
4,20,0,7
4,21,0,21
4,22,0,13
4,23,0,33
4,24,0,-1
4,25,0,-13
4,26,0,-12
4,27,0,20
4,28,0,5
4,29,0,14
4,30,0,22
4,31,0,3
4,33,0,-18
4,34,0,-17
4,35,0,13
4,36,0,-13
4,37,0,-3
4,38,0,24
4,39,0,-6
4,40,0,10
4,41,0,-16
4,42,0,9
4,43,0,-13
4,44,0,6
4,45,0,-10
4,46,0,-20
4,47,0,-3
4,48,0,4
4,49,0,-12
4,50,0,-26
4,51,0,18
4,52,0,-7
4,53,0,-34
4,54,0,24
4,55,0,-10
4,56,0,12
4,57,0,10
4,58,0,-14
4,59,0,-34
4,60,0,-10
4,61,0,-3
4,62,0,-10
4,64,0,8
4,65,0,9
4,66,0,-44
4,67,0,-10
4,69,0,22
4,70,0,26
4,71,0,16
4,72,0,-9
4,73,0,-1
4,74,0,-16
4,75,0,3
4,76,0,9
4,77,0,-23
4,78,0,-22
4,79,0,14
4,80,0,-2
4,81,0,1
4,82,0,3
4,83,0,-16
4,84,0,19
4,85,0,-19
4,86,0,-7
4,93,0,1
5,1,0,27
5,2,0,16
5,3,0,2
5,4,0,14
5,5,0,129
5,6,0,10
5,7,0,-15
5,8,0,7
5,9,0,-10
5,10,0,-44
5,11,0,2
5,12,0,-6
5,13,0,-22
5,15,0,16
5,16,0,-6
5,17,0,12
5,18,0,-11
5,19,0,-2
5,20,0,-26
5,21,0,12
5,22,0,17
5,23,0,11
5,24,0,-6
5,25,0,4
5,26,0,-17
5,27,0,3
5,28,0,10
5,29,0,13
5,30,0,-26
5,31,0,6
5,32,0,4
5,33,0,-4
5,34,0,-5
5,35,0,-34
5,36,0,-7
5,37,0,-10
5,38,0,11
5,39,0,17
5,40,0,-5
5,41,0,-18
5,42,0,-9
5,43,0,-1
5,44,0,3
5,45,0,10
5,46,0,9
5,47,0,-30
5,48,0,13
5,49,0,-1
5,50,0,3
5,51,0,9
5,52,0,-1
5,53,0,-4
5,54,0,11
5,55,0,16
5,56,0,-6
5,57,0,6
5,58,0,16
5,59,0,-31
5,60,0,20
5,61,0,1
5,62,0,3
5,63,0,-14
5,64,0,32
5,65,0,-23
5,66,0,1
5,67,0,19
5,68,0,10
5,69,0,-1
5,70,0,1
5,71,0,9
5,72,0,-5
5,73,0,-6
5,74,0,-2
5,75,0,13
5,76,0,11
5,77,0,-19
5,78,0,3
5,79,0,-1
5,80,0,-2
5,81,0,19
5,82,0,12
5,83,0,13
5,84,0,-31
5,85,0,-23
5,86,0,31
5,94,0,1
6,1,0,13
6,2,0,-9
6,3,0,-35
6,4,0,16
6,5,0,10
6,6,0,144
6,7,0,-9
6,8,0,-1
6,9,0,-24
6,10,0,-5
6,12,0,-6
6,13,0,-11
6,14,0,15
6,15,0,16
6,16,0,1
6,17,0,-18
6,18,0,9
6,19,0,21
6,20,0,-18
6,21,0,30
6,23,0,-4
6,24,0,-15
6,25,0,39
6,26,0,22
6,27,0,-13
6,28,0,8
6,29,0,17
6,30,0,-9
6,31,0,1
6,32,0,6
6,33,0,15
6,34,0,6
6,35,0,-11
6,36,0,5
6,37,0,-22
6,38,0,-15
6,39,0,-28
6,40,0,15
6,41,0,-1
6,43,0,20
6,44,0,9
6,45,0,15
6,46,0,-10
6,47,0,10
6,48,0,30
6,49,0,29
6,50,0,-10
6,51,0,-10
6,52,0,-19
6,53,0,8
6,54,0,-7
6,55,0,4
6,56,0,24
6,57,0,29
6,58,0,13
6,59,0,15
6,60,0,18
6,62,0,-17
6,63,0,-3
6,64,0,12
6,65,0,6
6,66,0,13
6,67,0,-5
6,68,0,3
6,69,0,-18
6,70,0,13
6,71,0,-10
6,72,0,-20
6,73,0,21
6,74,0,14
6,75,0,36
6,76,0,8
6,77,0,-3
6,78,0,7
6,79,0,17
6,80,0,-12
6,81,0,-8
6,82,0,13
6,83,0,10
6,84,0,-28
6,85,0,29
6,86,0,11
6,95,0,1
7,1,0,18
7,2,0,20
7,3,0,22
7,4,0,-6
7,5,0,-15
7,6,0,-9
7,7,0,126
7,8,0,-12
7,9,0,-13
7,10,0,4
7,11,0,-27
7,12,0,6
7,13,0,23
7,14,0,3
7,15,0,12
7,17,0,3
7,18,0,17
7,19,0,-14
7,20,0,7
7,21,0,9
7,22,0,-48
7,23,0,-7
7,24,0,-10
7,25,0,8
7,26,0,9
7,27,0,-1
7,28,0,-8
7,29,0,17
7,30,0,-5
7,31,0,-26
7,32,0,-8
7,33,0,6
7,34,0,4
7,35,0,2
7,36,0,-16
7,37,0,-4
7,38,0,27
7,39,0,-1
7,40,0,-8
7,41,0,16
7,42,0,4
7,43,0,-16
7,44,0,1
7,45,0,-18
7,46,0,9
7,47,0,-17
7,48,0,6
7,49,0,-26
7,50,0,-25
7,51,0,-20
7,52,0,14
7,53,0,-8
7,54,0,-5
7,55,0,1
7,56,0,5
7,57,0,-16
7,58,0,17
7,59,0,11
7,61,0,-4
7,62,0,-4
7,63,0,40
7,64,0,-2
7,65,0,6
7,66,0,-15
7,67,0,10
7,68,0,12
7,69,0,-9
7,70,0,7
7,71,0,15
7,72,0,-1
7,73,0,-1
7,74,0,31
7,75,0,-1
7,76,0,-1
7,77,0,-9
7,78,0,-7
7,79,0,-10
7,80,0,-16
7,81,0,-4
7,83,0,-10
7,84,0,14
7,85,0,27
7,86,0,-3
7,96,0,1
8,1,0,14
8,2,0,-13
8,3,0,-18
8,4,0,-6
8,5,0,7
8,6,0,-1
8,7,0,-12
8,8,0,113
8,9,0,-15
8,10,0,-11
8,11,0,-1
8,12,0,-6
8,13,0,12
8,14,0,-12
8,15,0,-12
8,16,0,-5
8,17,0,4
8,18,0,2
8,19,0,16
8,20,0,-12
8,21,0,9
8,22,0,3
8,23,0,11
8,24,0,2
8,25,0,19
8,26,0,-2
8,27,0,12
8,28,0,6
8,29,0,23
8,30,0,6
8,31,0,5
8,32,0,4
8,33,0,6
8,35,0,-8
8,36,0,27
8,37,0,6
8,38,0,12
8,39,0,-2
8,40,0,22
8,41,0,-5
8,42,0,-3
8,43,0,-12
8,44,0,-3
8,45,0,1
8,46,0,-4
8,47,0,-7
8,48,0,25
8,49,0,-12
8,50,0,29
8,51,0,7
8,52,0,7
8,53,0,2
8,54,0,-10
8,55,0,-6
8,56,0,-34
8,57,0,1
8,58,0,-8
8,59,0,26
8,60,0,20
8,61,0,28
8,62,0,-20
8,63,0,-4
8,64,0,7
8,65,0,11
8,66,0,30
8,67,0,23
8,68,0,16
8,69,0,1
8,70,0,-5
8,71,0,-7
8,72,0,-14
8,73,0,-18
8,74,0,14
8,75,0,-12
8,76,0,-13
8,77,0,-28
8,78,0,10
8,79,0,8
8,80,0,12
8,81,0,2
8,82,0,16
8,83,0,-13
8,84,0,-15
8,85,0,-4
8,86,0,10
8,97,0,1
9,1,0,9
9,2,0,-10
9,3,0,-4
9,4,0,1
9,5,0,-10
9,6,0,-24
9,7,0,-13
9,8,0,-15
9,9,0,139
9,10,0,-7
9,11,0,-14
9,12,0,-3
9,13,0,5
9,14,0,16
9,15,0,-3
9,16,0,-16
9,17,0,-1
9,18,0,-1
9,19,0,-12
9,20,0,9
9,21,0,-22
9,22,0,21
9,23,0,-7
9,24,0,27
9,25,0,-9
9,26,0,26
9,27,0,10
9,28,0,14
9,29,0,17
9,30,0,-13
9,31,0,2
9,32,0,-5
9,33,0,-17
9,34,0,4
9,35,0,20
9,36,0,10
9,37,0,10
9,38,0,26
9,39,0,-5
9,40,0,-31
9,41,0,9
9,42,0,-1
9,43,0,-3
9,44,0,4
9,45,0,-10
9,46,0,6
9,47,0,-4
9,48,0,-6
9,49,0,27
9,50,0,-18
9,51,0,14
9,52,0,-19
9,53,0,27
9,54,0,-3
9,55,0,13
9,56,0,15
9,57,0,14
9,58,0,-25
9,59,0,1
9,60,0,20
9,61,0,-5
9,62,0,34
9,63,0,-17
9,64,0,1
9,65,0,-13
9,66,0,-1
9,67,0,-24
9,68,0,1
9,69,0,12
9,71,0,7
9,72,0,-6
9,74,0,-9
9,75,0,-7
9,76,0,15
9,77,0,25
9,78,0,3
9,79,0,5
9,80,0,19
9,81,0,18
9,82,0,7
9,83,0,17
9,84,0,32
9,85,0,-13
9,86,0,33
9,98,0,1
10,1,0,-14
10,2,0,-4
10,3,0,-14
10,4,0,1
10,5,0,-44
10,6,0,-5
10,7,0,4
10,8,0,-11
10,9,0,-7
10,10,0,121
10,12,0,8
10,13,0,14
10,14,0,-24
10,15,0,-2
10,16,0,1
10,17,0,-16
10,18,0,24
10,19,0,-13
10,20,0,16
10,21,0,-27
10,22,0,4
10,23,0,-7
10,24,0,-9
10,25,0,-26
10,26,0,5
10,27,0,-10
10,28,0,16
10,29,0,-9
10,30,0,12
10,32,0,1
10,33,0,-6
10,34,0,-5
10,35,0,15
10,36,0,-6
10,37,0,2
10,38,0,-16
10,39,0,3
10,40,0,-14
10,41,0,4
10,42,0,-12
10,43,0,16
10,44,0,-1
10,45,0,-22
10,46,0,5
10,47,0,21
10,48,0,-6
10,49,0,15
10,50,0,-4
10,51,0,-13
10,52,0,14
10,53,0,3
10,54,0,3
10,55,0,-6
10,56,0,-4
10,57,0,-5
10,58,0,-4
10,59,0,-6
10,60,0,-29
10,61,0,-10
10,62,0,20
10,63,0,-13
10,64,0,-31
10,65,0,12
10,66,0,-6
10,67,0,13
10,68,0,-12
10,69,0,-11
10,70,0,24
10,71,0,-14
10,72,0,25
10,73,0,-19
10,74,0,-1
10,75,0,-12
10,76,0,-6
10,77,0,10
10,78,0,-3
10,80,0,1
10,81,0,-2
10,82,0,3
10,83,0,-5
10,84,0,-3
10,85,0,11
10,86,0,-31
10,99,0,1
11,1,0,1
11,2,0,11
11,3,0,9
11,4,0,2
11,5,0,2
11,7,0,-27
11,8,0,-1
11,9,0,-14
11,11,0,132
11,12,0,3
11,13,0,-4
11,14,0,-1
11,15,0,-7
11,16,0,-4
11,17,0,-16
11,18,0,5
11,19,0,-5
11,20,0,-9
11,22,0,8
11,23,0,3
11,24,0,25
11,25,0,14
11,26,0,-26
11,27,0,-9
11,28,0,19
11,29,0,-12
11,30,0,20
11,31,0,-15
11,32,0,3
11,33,0,6
11,34,0,4
11,35,0,-23
11,36,0,17
11,37,0,-14
11,38,0,-14
11,39,0,-10
11,40,0,-10
11,41,0,-8
11,42,0,2
11,43,0,8
11,44,0,-9
11,46,0,20
11,47,0,16
11,48,0,19
11,49,0,11
11,50,0,2
11,51,0,14
11,52,0,12
11,53,0,-6
11,54,0,-19
11,55,0,22
11,56,0,1
11,57,0,-30
11,58,0,12
11,59,0,-7
11,60,0,10
11,61,0,10
11,63,0,-32
11,64,0,13
11,65,0,17
11,66,0,12
11,67,0,10
11,68,0,1
11,69,0,-16
11,70,0,3
11,71,0,12
11,72,0,-2
11,73,0,-14
11,74,0,-3
11,75,0,22
11,76,0,11
11,77,0,13
11,78,0,22
11,79,0,14
11,80,0,-10
11,81,0,-13
11,82,0,-24
11,83,0,3
11,84,0,-19
11,85,0,-16
11,86,0,-7
11,100,0,1
12,1,0,22
12,2,0,-10
12,3,0,-23
12,4,0,-19
12,5,0,-6
12,6,0,-6
12,7,0,6
12,8,0,-6
12,9,0,-3
12,10,0,8
12,11,0,3
12,12,0,127
12,13,0,-11
12,14,0,-6
12,15,0,9
12,16,0,-9
12,17,0,3
12,18,0,12
12,19,0,-51
12,20,0,13
12,21,0,1
12,22,0,-7
12,23,0,-4
12,24,0,-17
12,25,0,36
12,26,0,26
12,27,0,25
12,28,0,6
12,29,0,24
12,30,0,17
12,31,0,20
12,32,0,23
12,33,0,19
12,34,0,12
12,35,0,-1
12,36,0,-11
12,37,0,-4
12,38,0,-25
12,39,0,2
12,40,0,-9
12,41,0,18
12,42,0,3
12,43,0,9
12,44,0,-8
12,45,0,2
12,46,0,10
12,47,0,5
12,48,0,16
12,49,0,-10
12,50,0,-31
12,51,0,-13
12,52,0,14
12,53,0,7
12,54,0,-6
12,55,0,25
12,56,0,-12
12,57,0,-10
12,58,0,-15
12,59,0,-22
12,60,0,6
12,61,0,-9
12,62,0,2
12,63,0,-12
12,64,0,-10
12,65,0,-7
12,66,0,36
12,67,0,2
12,68,0,-4
12,69,0,-19
12,70,0,9
12,71,0,3
12,72,0,7
12,73,0,-2
12,75,0,-6
12,76,0,-5
12,77,0,26
12,78,0,-4
12,79,0,11
12,80,0,-24
12,81,0,-8
12,82,0,2
12,83,0,-21
12,84,0,-7
12,85,0,10
12,86,0,-3
12,101,0,1
13,1,0,7
13,2,0,8
13,3,0,-12
13,4,0,4
13,5,0,-22
13,6,0,-11
13,7,0,23
13,8,0,12
13,9,0,5
13,10,0,14
13,11,0,-4
13,12,0,-11
13,13,0,135
13,14,0,-13
13,15,0,-7
13,16,0,-9
13,17,0,-15
13,18,0,6
13,19,0,16
13,20,0,2
13,21,0,-23
13,23,0,8
13,24,0,-2
13,25,0,-1
13,26,0,-1
13,27,0,-3
13,28,0,17
13,29,0,-6
13,30,0,-1
13,31,0,18
13,32,0,-18
13,33,0,-1
13,34,0,-15
13,35,0,15
13,36,0,11
13,37,0,-17
13,38,0,-12
13,39,0,-21
13,40,0,5
13,42,0,8
13,43,0,-48
13,44,0,-13
13,45,0,5
13,46,0,-6
13,47,0,-18
13,48,0,-2
13,49,0,11
13,50,0,-14
13,51,0,21
13,52,0,-30
13,53,0,12
13,54,0,18
13,55,0,2
13,56,0,1
13,57,0,-3
13,58,0,-8
13,59,0,11
13,60,0,-6
13,61,0,21
13,62,0,-4
13,63,0,6
13,64,0,6
13,65,0,-8
13,66,0,-16
13,67,0,-8
13,68,0,-6
13,69,0,2
13,70,0,5
13,71,0,30
13,72,0,-1
13,73,0,-8
13,74,0,7
13,75,0,9
13,77,0,5
13,78,0,1
13,79,0,7
13,81,0,-2
13,82,0,32
13,83,0,-2
13,84,0,-9
13,85,0,34
13,86,0,-26
13,102,0,1
14,1,0,13
14,2,0,17
14,3,0,-6
14,4,0,7
14,6,0,15
14,7,0,3
14,8,0,-12
14,9,0,16
14,10,0,-24
14,11,0,-1
14,12,0,-6
14,13,0,-13
14,14,0,133
14,15,0,-10
14,16,0,12
14,18,0,-12
14,19,0,-11
14,20,0,-14
14,21,0,-4
14,22,0,8
14,23,0,25
14,24,0,-22
14,25,0,13
14,26,0,6
14,27,0,-3
14,28,0,-5
14,29,0,19
14,30,0,-16
14,31,0,-15
14,32,0,18
14,33,0,-14
14,34,0,8
14,35,0,16
14,36,0,-6
14,37,0,-11
14,38,0,-12
14,39,0,-9
14,40,0,-2
14,41,0,5
14,42,0,-6
14,43,0,1
14,44,0,14
14,45,0,8
14,46,0,-15
14,47,0,11
14,48,0,-3
14,49,0,-6
14,50,0,10
14,51,0,-16
14,52,0,4
14,53,0,4
14,54,0,1
14,55,0,15
14,56,0,-16
14,57,0,15
14,58,0,2
14,59,0,19
14,60,0,22
14,61,0,1
14,62,0,-6
14,63,0,-13
14,64,0,12
14,65,0,-7
14,66,0,18
14,67,0,-5
14,68,0,-8
14,69,0,-16
14,70,0,-16
14,71,0,4
14,72,0,4
14,73,0,21
14,74,0,15
14,75,0,19
14,76,0,3
14,77,0,26
14,78,0,26
14,79,0,2
14,80,0,12
14,81,0,11
14,82,0,-12
14,83,0,13
14,84,0,18
14,85,0,4
14,86,0,1
14,103,0,1
15,1,0,14
15,2,0,-10
15,3,0,-23
15,4,0,-13
15,5,0,16
15,6,0,16
15,7,0,12
15,8,0,-12
15,9,0,-3
15,10,0,-2
15,11,0,-7
15,12,0,9
15,13,0,-7
15,14,0,-10
15,15,0,138
15,16,0,-13
15,17,0,5
15,18,0,8
15,19,0,1
15,20,0,7
15,21,0,2
15,22,0,-4
15,23,0,-1
15,24,0,12
15,26,0,-15
15,28,0,29
15,29,0,13
15,30,0,23
15,31,0,20
15,32,0,13
15,33,0,15
15,34,0,5
15,35,0,-16
15,36,0,-7
15,37,0,-2
15,38,0,-12
15,39,0,-15
15,40,0,3
15,41,0,13
15,42,0,-21
15,43,0,21
15,44,0,-10
15,45,0,-11
15,46,0,30
15,47,0,-2
15,48,0,24
15,49,0,25
15,50,0,-3
15,51,0,-4
15,52,0,-40
15,53,0,6
15,54,0,-13
15,55,0,16
15,56,0,14
15,57,0,29
15,58,0,10
15,59,0,-2
15,60,0,-8
15,61,0,1
15,62,0,31
15,63,0,-8
15,64,0,19
15,65,0,1
15,66,0,-3
15,67,0,-10
15,68,0,37
15,69,0,7
15,70,0,2
15,71,0,-9
15,72,0,22
15,73,0,1
15,74,0,45
15,75,0,-3
15,76,0,-1
15,77,0,-3
15,78,0,8
15,79,0,-11
15,80,0,-11
15,81,0,9
15,82,0,23
15,83,0,-3
15,84,0,-22
15,85,0,28
15,86,0,-8
15,104,0,1
16,1,0,-1
16,2,0,-19
16,3,0,18
16,4,0,30
16,5,0,-6
16,6,0,1
16,8,0,-5
16,9,0,-16
16,10,0,1
16,11,0,-4
16,12,0,-9
16,13,0,-9
16,14,0,12
16,15,0,-13
16,16,0,151
16,17,0,18
16,18,0,-14
16,19,0,5
16,20,0,2
16,21,0,7
16,22,0,-23
16,23,0,-6
16,24,0,2
16,25,0,-29
16,26,0,32
16,27,0,-7
16,28,0,7
16,29,0,13
16,30,0,-16
16,31,0,9
16,32,0,-3
16,33,0,-19
16,34,0,-8
16,35,0,13
16,36,0,-7
16,37,0,-7
16,38,0,8
16,39,0,-19
16,40,0,2
16,41,0,-6
16,42,0,-19
16,43,0,25
16,44,0,11
16,45,0,17
16,46,0,8
16,47,0,13
16,48,0,-4
16,49,0,1
16,50,0,-3
16,51,0,-1
16,52,0,10
16,53,0,-1
16,54,0,27
16,55,0,7
16,56,0,2
16,57,0,3
16,58,0,8
16,59,0,9
16,60,0,-7
16,61,0,5
16,62,0,-21
16,63,0,-9
16,64,0,-22
16,65,0,-4
16,66,0,-14
16,67,0,-25
16,68,0,21
16,69,0,12
16,71,0,7
16,72,0,-11
16,73,0,18
16,74,0,22
16,75,0,-1
16,76,0,-6
16,77,0,21
16,78,0,7
16,79,0,13
16,80,0,10
16,81,0,-16
16,82,0,-17
16,83,0,27
16,84,0,9
16,85,0,12
16,86,0,6
16,105,0,1
17,1,0,1
17,2,0,-20
17,3,0,-10
17,4,0,-16
17,5,0,12
17,6,0,-18
17,7,0,3
17,8,0,4
17,9,0,-1
17,10,0,-16
17,11,0,-16
17,12,0,3
17,13,0,-15
17,15,0,5
17,16,0,18
17,17,0,132
17,18,0,9
17,19,0,10
17,20,0,-1
17,21,0,7
17,22,0,8
17,23,0,-4
17,24,0,14
17,25,0,-6
17,26,0,22
17,27,0,-23
17,28,0,-13
17,29,0,15
17,30,0,-31
17,31,0,15
17,32,0,2
17,33,0,9
17,34,0,-10
17,35,0,-4
17,36,0,-10
17,37,0,-5
17,38,0,3
17,39,0,11
17,41,0,-3
17,42,0,14
17,43,0,-15
17,44,0,19
17,45,0,-36
17,46,0,16
17,47,0,17
17,48,0,-6
17,49,0,5
17,50,0,11
17,51,0,-30
17,52,0,-11
17,53,0,-2
17,54,0,-17
17,55,0,11
17,56,0,-2
17,57,0,7
17,58,0,20
17,59,0,-10
17,60,0,24
17,61,0,9
17,62,0,-25
17,63,0,1
17,65,0,-23
17,67,0,-17
17,68,0,5
17,69,0,-17
17,70,0,12
17,71,0,22
17,72,0,-15
17,73,0,-19
17,74,0,4
17,75,0,-1
17,76,0,-2
17,77,0,14
17,78,0,-15
17,79,0,-15
17,80,0,15
17,81,0,-6
17,82,0,4
17,83,0,-13
17,84,0,7
17,85,0,-22
17,86,0,10
17,106,0,1
18,1,0,-20
18,2,0,1
18,3,0,-29
18,4,0,-8
18,5,0,-11
18,6,0,9
18,7,0,17
18,8,0,2
18,9,0,-1
18,10,0,24
18,11,0,5
18,12,0,12
18,13,0,6
18,14,0,-12
18,15,0,8
18,16,0,-14
18,17,0,9
18,18,0,129
18,19,0,-18
18,20,0,-20
18,21,0,2
18,22,0,-8
18,23,0,-21
18,24,0,21
18,25,0,15
18,26,0,6
18,27,0,-22
18,29,0,-14
18,30,0,11
18,31,0,-19
18,32,0,-7
18,33,0,16
18,34,0,-4
18,35,0,11
18,36,0,-21
18,37,0,8
18,38,0,-6
18,39,0,-4
18,40,0,2
18,41,0,32
18,42,0,-15
18,43,0,-10
18,44,0,-6
18,45,0,-15
18,46,0,39
18,47,0,36
18,48,0,-8
18,49,0,16
18,50,0,8
18,51,0,-22
18,52,0,-31
18,53,0,31
18,54,0,-21
18,55,0,-11
18,56,0,-7
18,57,0,-2
18,58,0,3
18,59,0,1
18,60,0,4
18,61,0,-17
18,62,0,31
18,63,0,4
18,64,0,5
18,66,0,29
18,67,0,-3
18,68,0,18
18,69,0,-18
18,70,0,9
18,71,0,14
18,72,0,4
18,73,0,-10
18,74,0,12
18,75,0,-28
18,76,0,1
18,77,0,-3
18,78,0,2
18,79,0,11
18,80,0,1
18,81,0,-4
18,82,0,-7
18,83,0,22
18,84,0,-6
18,85,0,-16
18,86,0,14
18,107,0,1
19,1,0,-17
19,2,0,11
19,3,0,2
19,4,0,-1
19,5,0,-2
19,6,0,21
19,7,0,-14
19,8,0,16
19,9,0,-12
19,10,0,-13
19,11,0,-5
19,12,0,-51
19,13,0,16
19,14,0,-11
19,15,0,1
19,16,0,5
19,17,0,10
19,18,0,-18
19,19,0,140
19,20,0,-12
19,21,0,-14
19,22,0,25
19,23,0,20
19,24,0,-8
19,25,0,-6
19,26,0,-13
19,28,0,11
19,29,0,6
19,30,0,-11
19,31,0,8
19,32,0,-19
19,33,0,4
19,34,0,-4
19,35,0,-11
19,36,0,1
19,37,0,-4
19,38,0,9
19,39,0,-22
19,40,0,-1
19,41,0,-24
19,42,0,8
19,43,0,2
19,44,0,37
19,45,0,-5
19,46,0,-16
19,47,0,-1
19,48,0,8
19,49,0,13
19,50,0,22
19,51,0,6
19,52,0,-10
19,53,0,1
19,54,0,-10
19,55,0,-32
19,56,0,48
19,57,0,3
19,58,0,19
19,59,0,14
19,60,0,-17
19,61,0,14
19,62,0,-17
19,63,0,18
19,64,0,19
19,65,0,-21
19,66,0,-11
19,67,0,-18
19,68,0,-16
19,70,0,12
19,71,0,12
19,72,0,-18
19,73,0,15
19,74,0,-3
19,75,0,8
19,76,0,-4
19,77,0,-18
19,78,0,19
19,79,0,-9
19,80,0,21
19,81,0,-12
19,82,0,-1
19,83,0,1
19,84,0,1
19,85,0,-9
19,108,0,1
20,1,0,-3
20,2,0,3
20,3,0,-7
20,4,0,7
20,5,0,-26
20,6,0,-18
20,7,0,7
20,8,0,-12
20,9,0,9
20,10,0,16
20,11,0,-9
20,12,0,13
20,13,0,2
20,14,0,-14
20,15,0,7
20,16,0,2
20,17,0,-1
20,18,0,-20
20,19,0,-12
20,20,0,143
20,21,0,-6
20,22,0,-9
20,23,0,19
20,24,0,10
20,25,0,-18
20,26,0,-3
20,27,0,21
20,28,0,16
20,29,0,28
20,31,0,-13
20,32,0,1
20,33,0,-1
20,34,0,24
20,35,0,-2
20,36,0,-3
20,37,0,-16
20,38,0,5
20,39,0,8
20,40,0,-19
20,41,0,-17
20,42,0,10
20,43,0,11
20,44,0,-12
20,45,0,-10
20,46,0,-20
20,47,0,-6
20,48,0,6
20,49,0,-12
20,50,0,-35
20,51,0,10
20,52,0,-9
20,53,0,-16
20,54,0,7
20,55,0,-6
20,56,0,21
20,57,0,20
20,58,0,7
20,59,0,-17
20,60,0,-8
20,61,0,13
20,62,0,16
20,63,0,4
20,64,0,-2
20,65,0,15
20,66,0,-22
20,67,0,-7
20,68,0,-19
20,69,0,-6
20,70,0,9
20,71,0,-7
20,72,0,7
20,73,0,-2
20,74,0,-16
20,75,0,-12
20,76,0,-29
20,77,0,7
20,78,0,-4
20,79,0,-4
20,80,0,-2
20,81,0,-11
20,82,0,15
20,83,0,-19
20,84,0,30
20,85,0,-17
20,86,0,-14
20,109,0,1
21,1,0,3
21,2,0,3
21,3,0,-24
21,4,0,21
21,5,0,12
21,6,0,30
21,7,0,9
21,8,0,9
21,9,0,-22
21,10,0,-27
21,12,0,1
21,13,0,-23
21,14,0,-4
21,15,0,2
21,16,0,7
21,17,0,7
21,18,0,2
21,19,0,-14
21,20,0,-6
21,21,0,140
21,22,0,-14
21,23,0,1
21,24,0,4
21,25,0,-6
21,26,0,2
21,27,0,2
21,28,0,-10
21,29,0,-1
21,30,0,1
21,31,0,-17
21,32,0,24
21,33,0,-3
21,34,0,-4
21,35,0,-5
21,36,0,13
21,37,0,-15
21,38,0,2
21,39,0,14
21,40,0,12
21,41,0,4
21,42,0,-4
21,43,0,7
21,44,0,-16
21,45,0,19
21,46,0,-22
21,47,0,-18
21,49,0,-41
21,50,0,-31
21,51,0,-7
21,53,0,-27
21,54,0,-6
21,55,0,16
21,56,0,-13
21,57,0,3
21,58,0,13
21,59,0,-6
21,60,0,18
21,61,0,4
21,62,0,-9
21,63,0,-4
21,64,0,11
21,65,0,45
21,66,0,-4
21,67,0,7
21,68,0,12
21,69,0,-2
21,70,0,25
21,71,0,8
21,72,0,-17
21,73,0,14
21,74,0,16
21,75,0,-6
21,76,0,8
21,77,0,-13
21,78,0,-12
21,79,0,13
21,80,0,-8
21,81,0,-3
21,82,0,-5
21,83,0,-16
21,84,0,-6
21,85,0,8
21,86,0,-22
21,110,0,1
22,1,0,12
22,2,0,-9
22,3,0,-12
22,4,0,13
22,5,0,17
22,7,0,-48
22,8,0,3
22,9,0,21
22,10,0,4
22,11,0,8
22,12,0,-7
22,14,0,8
22,15,0,-4
22,16,0,-23
22,17,0,8
22,18,0,-8
22,19,0,25
22,20,0,-9
22,21,0,-14
22,22,0,137
22,23,0,-5
22,24,0,-11
22,25,0,4
22,26,0,-9
22,27,0,-17
22,28,0,-10
22,29,0,4
22,30,0,-5
22,31,0,12
22,32,0,4
22,33,0,-3
22,34,0,13
22,35,0,13
22,36,0,4
22,37,0,-1
22,38,0,-9
22,39,0,-6
22,41,0,-12
22,42,0,5
22,43,0,5
22,44,0,16
22,45,0,2
22,46,0,-20
22,48,0,-19
22,49,0,45
22,50,0,11
22,51,0,20
22,52,0,-21
22,53,0,20
22,54,0,8
22,55,0,4
22,56,0,-5
22,57,0,12
22,58,0,14
22,59,0,-6
22,60,0,-17
22,61,0,9
22,62,0,17
22,63,0,-29
22,64,0,14
22,65,0,8
22,66,0,11
22,67,0,-1
22,68,0,-30
22,69,0,6
22,70,0,17
22,72,0,-10
22,73,0,9
22,74,0,-27
22,75,0,12
22,76,0,-22
22,77,0,-16
22,78,0,6
22,79,0,17
22,80,0,2
22,81,0,2
22,82,0,20
22,83,0,-20
22,84,0,-23
22,85,0,-13
22,86,0,-3
22,111,0,1
23,2,0,7
23,3,0,-10
23,4,0,33
23,5,0,11
23,6,0,-4
23,7,0,-7
23,8,0,11
23,9,0,-7
23,10,0,-7
23,11,0,3
23,12,0,-4
23,13,0,8
23,14,0,25
23,15,0,-1
23,16,0,-6
23,17,0,-4
23,18,0,-21
23,19,0,20
23,20,0,19
23,21,0,1
23,22,0,-5
23,23,0,126
23,24,0,-17
23,25,0,-5
23,26,0,-20
23,27,0,21
23,28,0,15
23,29,0,16
23,30,0,3
23,31,0,-23
23,32,0,11
23,33,0,-7
23,34,0,25
23,35,0,-10
23,36,0,8
23,37,0,8
23,38,0,4
23,39,0,14
23,40,0,5
23,41,0,5
23,42,0,-4
23,43,0,2
23,44,0,8
23,45,0,1
23,46,0,-26
23,47,0,13
23,48,0,-2
23,49,0,-11
23,50,0,-12
23,51,0,-3
23,52,0,-6
23,53,0,-6
23,54,0,-6
23,55,0,13
23,56,0,17
23,57,0,6
23,58,0,30
23,59,0,4
23,60,0,4
23,61,0,1
23,62,0,-14
23,63,0,1
23,64,0,34
23,65,0,-16
23,66,0,-23
23,67,0,-7
23,68,0,-35
23,69,0,-2
23,70,0,-5
23,71,0,-6
23,72,0,-1
23,73,0,7
23,74,0,-8
23,75,0,-10
23,76,0,2
23,77,0,-10
23,79,0,6
23,80,0,-3
23,81,0,-18
23,82,0,17
23,83,0,-7
23,84,0,16
23,85,0,-7
23,86,0,-15
23,112,0,1
24,1,0,-6
24,2,0,-10
24,3,0,-10
24,4,0,-1
24,5,0,-6
24,6,0,-15
24,7,0,-10
24,8,0,2
24,9,0,27
24,10,0,-9
24,11,0,25
24,12,0,-17
24,13,0,-2
24,14,0,-22
24,15,0,12
24,16,0,2
24,17,0,14
24,18,0,21
24,19,0,-8
24,20,0,10
24,21,0,4
24,22,0,-11
24,23,0,-17
24,24,0,118
24,25,0,24
24,26,0,6
24,27,0,6
24,28,0,-4
24,29,0,-3
24,30,0,-23
24,31,0,-14
24,32,0,-20
24,33,0,9
24,34,0,-3
24,35,0,-9
24,36,0,13
24,37,0,-12
24,38,0,12
24,39,0,-29
24,40,0,5
24,41,0,-4
24,42,0,12
24,43,0,14
24,44,0,8
24,45,0,-15
24,46,0,29
24,47,0,-5
24,48,0,13
24,49,0,8
24,50,0,6
24,51,0,16
24,52,0,-9
24,53,0,17
24,54,0,-16
24,55,0,11
24,56,0,8
24,57,0,-24
24,58,0,10
24,59,0,4
24,60,0,14
24,61,0,3
24,62,0,21
24,63,0,10
24,64,0,18
24,65,0,3
24,66,0,-28
24,67,0,-16
24,68,0,13
24,69,0,3
24,70,0,-14
24,71,0,28
24,72,0,2
24,73,0,-10
24,74,0,11
24,75,0,-18
24,76,0,9
24,77,0,-12
24,78,0,-5
24,79,0,3
24,80,0,10
24,81,0,-3
24,82,0,-8
24,83,0,10
24,84,0,-3
24,85,0,-26
24,86,0,7
24,113,0,1
25,1,0,26
25,2,0,6
25,3,0,-8
25,4,0,-13
25,5,0,4
25,6,0,39
25,7,0,8
25,8,0,19
25,9,0,-9
25,10,0,-26
25,11,0,14
25,12,0,36
25,13,0,-1
25,14,0,13
25,16,0,-29
25,17,0,-6
25,18,0,15
25,19,0,-6
25,20,0,-18
25,21,0,-6
25,22,0,4
25,23,0,-5
25,24,0,24
25,25,0,141
25,26,0,15
25,27,0,12
25,28,0,11
25,29,0,10
25,30,0,1
25,31,0,2
25,32,0,-7
25,33,0,21
25,34,0,10
25,35,0,-15
25,36,0,8
25,37,0,-7
25,38,0,12
25,39,0,-19
25,40,0,-5
25,41,0,8
25,42,0,16
25,43,0,6
25,44,0,-7
25,45,0,1
25,46,0,-7
25,47,0,-1
25,48,0,40
25,49,0,8
25,50,0,3
25,51,0,-14
25,52,0,-8
25,53,0,-5
25,54,0,-21
25,55,0,6
25,56,0,-16
25,58,0,-1
25,59,0,21
25,60,0,25
25,61,0,-12
25,62,0,-14
25,63,0,3
25,64,0,20
25,65,0,-12
25,66,0,36
25,67,0,13
25,68,0,10
25,69,0,-4
25,70,0,-5
25,71,0,21
25,72,0,-11
25,73,0,20
25,74,0,13
25,75,0,-3
25,76,0,22
25,77,0,-2
25,78,0,-3
25,79,0,4
25,80,0,-18
25,81,0,-12
25,82,0,36
25,83,0,-20
25,84,0,-29
25,85,0,-1
25,86,0,11
25,114,0,1
26,1,0,14
26,2,0,-24
26,3,0,-23
26,4,0,-12
26,5,0,-17
26,6,0,22
26,7,0,9
26,8,0,-2
26,9,0,26
26,10,0,5
26,11,0,-26
26,12,0,26
26,13,0,-1
26,14,0,6
26,15,0,-15
26,16,0,32
26,17,0,22
26,18,0,6
26,19,0,-13
26,20,0,-3
26,21,0,2
26,22,0,-9
26,23,0,-20
26,24,0,6
26,25,0,15
26,26,0,132
26,27,0,4
26,28,0,11
26,30,0,-24
26,31,0,16
26,32,0,-3
26,33,0,-11
26,34,0,-22
26,35,0,15
26,36,0,1
26,37,0,-10
26,38,0,4
26,39,0,-15
26,40,0,5
26,41,0,4
26,42,0,22
26,43,0,-2
26,44,0,9
26,45,0,-5
26,46,0,-2
26,47,0,-9
26,48,0,2
26,49,0,6
26,50,0,-14
26,51,0,-9
26,52,0,19
26,53,0,14
26,54,0,1
26,56,0,14
26,57,0,8
26,58,0,-13
26,59,0,13
26,60,0,18
26,61,0,-17
26,62,0,-12
26,63,0,8
26,64,0,-9
26,65,0,7
26,66,0,6
26,67,0,-9
26,68,0,8
26,69,0,-19
26,70,0,2
26,71,0,10
26,72,0,-13
26,73,0,5
26,76,0,-7
26,77,0,19
26,78,0,-12
26,79,0,10
26,80,0,27
26,81,0,12
26,82,0,9
26,83,0,-6
26,84,0,4
26,85,0,26
26,86,0,29
26,115,0,1
27,1,0,12
27,2,0,-2
27,3,0,-11
27,4,0,20
27,5,0,3
27,6,0,-13
27,7,0,-1
27,8,0,12
27,9,0,10
27,10,0,-10
27,11,0,-9
27,12,0,25
27,13,0,-3
27,14,0,-3
27,16,0,-7
27,17,0,-23
27,18,0,-22
27,20,0,21
27,21,0,2
27,22,0,-17
27,23,0,21
27,24,0,6
27,25,0,12
27,26,0,4
27,27,0,154
27,28,0,-12
27,29,0,20
27,30,0,-9
27,31,0,7
27,32,0,3
27,33,0,-13
27,34,0,9
27,35,0,2
27,36,0,-7
27,37,0,12
27,38,0,7
27,39,0,-12
27,40,0,-2
27,41,0,-6
27,42,0,-10
27,43,0,-8
27,44,0,-1
27,45,0,-31
27,46,0,-24
27,47,0,-8
27,48,0,-1
27,49,0,-36
27,50,0,-9
27,51,0,-9
27,52,0,19
27,53,0,11
27,54,0,-4
27,55,0,-7
27,56,0,6
27,58,0,-18
27,59,0,-10
27,60,0,9
27,61,0,32
27,62,0,4
27,63,0,32
27,64,0,5
27,65,0,-6
27,67,0,14
27,69,0,8
27,70,0,6
27,71,0,-13
27,72,0,10
27,73,0,24
27,74,0,-6
27,75,0,6
27,76,0,-6
27,77,0,-18
27,78,0,-5
27,79,0,-5
27,80,0,5
27,81,0,8
27,82,0,11
27,83,0,-34
27,85,0,-7
27,86,0,5
27,116,0,1
28,1,0,-2
28,2,0,-6
28,3,0,-16
28,4,0,5
28,5,0,10
28,6,0,8
28,7,0,-8
28,8,0,6
28,9,0,14
28,10,0,16
28,11,0,19
28,12,0,6
28,13,0,17
28,14,0,-5
28,15,0,29
28,16,0,7
28,17,0,-13
28,19,0,11
28,20,0,16
28,21,0,-10
28,22,0,-10
28,23,0,15
28,24,0,-4
28,25,0,11
28,26,0,11
28,27,0,-12
28,28,0,155
28,29,0,-5
28,30,0,26
28,31,0,3
28,32,0,16
28,33,0,1
28,34,0,-4
28,35,0,-5
28,36,0,-4
28,37,0,-6
28,38,0,18
28,39,0,-32
28,40,0,-1
28,41,0,6
28,42,0,-3
28,43,0,7
28,44,0,-18
28,45,0,-12
28,46,0,-7
28,47,0,5
28,48,0,22
28,49,0,-5
28,50,0,-11
28,51,0,18
28,52,0,-4
28,53,0,-4
28,54,0,25
28,55,0,23
28,56,0,28
28,57,0,1
28,58,0,-14
28,59,0,-4
28,60,0,-15
28,61,0,3
28,62,0,25
28,63,0,-26
28,64,0,-1
28,65,0,-12
28,66,0,6
28,67,0,4
28,68,0,19
28,69,0,-11
28,70,0,-12
28,71,0,11
28,72,0,7
28,73,0,-2
28,74,0,34
28,75,0,17
28,76,0,4
28,77,0,1
28,78,0,-6
28,79,0,7
28,80,0,21
28,81,0,11
28,82,0,13
28,83,0,9
28,84,0,-13
28,85,0,-15
28,86,0,-1
28,117,0,1
29,1,0,31
29,2,0,4
29,3,0,-6
29,4,0,14
29,5,0,13
29,6,0,17
29,7,0,17
29,8,0,23
29,9,0,17
29,10,0,-9
29,11,0,-12
29,12,0,24
29,13,0,-6
29,14,0,19
29,15,0,13
29,16,0,13
29,17,0,15
29,18,0,-14
29,19,0,6
29,20,0,28
29,21,0,-1
29,22,0,4
29,23,0,16
29,24,0,-3
29,25,0,10
29,27,0,20
29,28,0,-5
29,29,0,121
29,30,0,-18
29,31,0,-1
29,32,0,5
29,33,0,2
29,34,0,12
29,35,0,11
29,36,0,-12
29,38,0,7
29,39,0,-8
29,40,0,-3
29,41,0,6
29,42,0,5
29,44,0,15
29,45,0,-8
29,46,0,-8
29,47,0,-2
29,48,0,28
29,49,0,-7
29,50,0,-21
29,51,0,-9
29,52,0,-5
29,53,0,8
29,54,0,-3
29,55,0,7
29,56,0,10
29,57,0,25
29,58,0,-8
29,59,0,-1
29,60,0,10
29,61,0,3
29,62,0,-21
29,63,0,6
29,64,0,9
29,65,0,-19
29,66,0,5
29,67,0,6
29,68,0,17
29,69,0,5
29,70,0,20
29,71,0,17
29,72,0,-29
29,73,0,3
29,74,0,9
29,75,0,12
29,76,0,-3
29,77,0,28
29,78,0,9
29,79,0,12
29,80,0,4
29,81,0,-9
29,82,0,-6
29,83,0,-12
29,84,0,-3
29,85,0,-6
29,86,0,22
29,118,0,1
30,1,0,-18
30,4,0,22
30,5,0,-26
30,6,0,-9
30,7,0,-5
30,8,0,6
30,9,0,-13
30,10,0,12
30,11,0,20
30,12,0,17
30,13,0,-1
30,14,0,-16
30,15,0,23
30,16,0,-16
30,17,0,-31
30,18,0,11
30,19,0,-11
30,21,0,1
30,22,0,-5
30,23,0,3
30,24,0,-23
30,25,0,1
30,26,0,-24
30,27,0,-9
30,28,0,26
30,29,0,-18
30,30,0,132
30,31,0,13
30,32,0,21
30,33,0,3
30,34,0,2
30,35,0,-6
30,36,0,1
30,37,0,11
30,38,0,-17
30,39,0,14
30,40,0,7
30,42,0,1
30,43,0,10
30,44,0,-16
30,45,0,-3
30,46,0,-3
30,47,0,18
30,48,0,-6
30,49,0,-33
30,50,0,-22
30,51,0,14
30,52,0,-25
30,53,0,-19
30,54,0,20
30,55,0,-3
30,56,0,-3
30,57,0,-17
30,58,0,-23
30,59,0,11
30,60,0,-15
30,61,0,-13
30,62,0,-1
30,63,0,-20
30,64,0,9
30,65,0,29
30,66,0,7
30,67,0,25
30,68,0,12
30,69,0,10
30,70,0,-29
30,71,0,-31
30,72,0,3
30,73,0,10
30,74,0,5
30,75,0,-9
30,76,0,5
30,77,0,-6
30,78,0,-2
30,79,0,21
30,80,0,-6
30,81,0,-14
30,82,0,9
30,83,0,-18
30,84,0,6
30,85,0,-12
30,86,0,-28
30,119,0,1
31,1,0,-9
31,2,0,-12
31,3,0,-27
31,4,0,3
31,5,0,6
31,6,0,1
31,7,0,-26
31,8,0,5
31,9,0,2
31,11,0,-15
31,12,0,20
31,13,0,18
31,14,0,-15
31,15,0,20
31,16,0,9
31,17,0,15
31,18,0,-19
31,19,0,8
31,20,0,-13
31,21,0,-17
31,22,0,12
31,23,0,-23
31,24,0,-14
31,25,0,2
31,26,0,16
31,27,0,7
31,28,0,3
31,29,0,-1
31,30,0,13
31,31,0,128
31,32,0,2
31,33,0,-3
31,34,0,7
31,35,0,9
31,36,0,-8
31,37,0,-1
31,38,0,-28
31,40,0,-14
31,41,0,-11
31,42,0,8
31,43,0,-9
31,44,0,11
31,45,0,12
31,47,0,-5
31,48,0,-7
31,49,0,-8
31,51,0,15
31,52,0,-14
31,53,0,-12
31,54,0,16
31,55,0,-12
31,56,0,-28
31,57,0,18
31,58,0,-16
31,59,0,9
31,60,0,-11
31,61,0,13
31,62,0,-20
31,63,0,-4
31,64,0,-2
31,65,0,-7
31,66,0,18
31,67,0,9
31,68,0,14
31,69,0,10
31,70,0,-5
31,71,0,-2
31,72,0,9
31,73,0,-14
31,74,0,-6
31,75,0,-4
31,76,0,9
31,77,0,10
31,78,0,-4
31,79,0,-5
31,80,0,14
31,81,0,3
31,82,0,12
31,83,0,-24
31,84,0,-11
31,85,0,-4
31,86,0,-15
31,120,0,1
32,1,0,5
32,2,0,12
32,3,0,-11
32,5,0,4
32,6,0,6
32,7,0,-8
32,8,0,4
32,9,0,-5
32,10,0,1
32,11,0,3
32,12,0,23
32,13,0,-18
32,14,0,18
32,15,0,13
32,16,0,-3
32,17,0,2
32,18,0,-7
32,19,0,-19
32,20,0,1
32,21,0,24
32,22,0,4
32,23,0,11
32,24,0,-20
32,25,0,-7
32,26,0,-3
32,27,0,3
32,28,0,16
32,29,0,5
32,30,0,21
32,31,0,2
32,32,0,110
32,33,0,-3
32,34,0,-10
32,35,0,-10
32,36,0,-4
32,37,0,-25
32,38,0,-1
32,39,0,4
32,40,0,2
32,41,0,-26
32,42,0,-4
32,43,0,13
32,44,0,-6
32,45,0,-1
32,46,0,-14
32,47,0,9
32,48,0,21
32,49,0,-18
32,50,0,-14
32,51,0,-3
32,52,0,-1
32,53,0,1
32,54,0,7
32,55,0,20
32,56,0,-6
32,57,0,-13
32,58,0,13
32,59,0,11
32,60,0,17
32,61,0,-16
32,62,0,-1
32,63,0,-22
32,64,0,7
32,65,0,-4
32,66,0,19
32,67,0,17
32,68,0,-3
32,69,0,-12
32,70,0,-14
32,71,0,-10
32,72,0,2
32,73,0,-1
32,74,0,-1
32,75,0,14
32,76,0,-6
32,77,0,23
32,78,0,-9
32,79,0,25
32,80,0,7
32,81,0,-10
32,83,0,-16
32,84,0,3
32,85,0,-20
32,86,0,-10
32,121,0,1
33,1,0,13
33,2,0,5
33,3,0,6
33,4,0,-18
33,5,0,-4
33,6,0,15
33,7,0,6
33,8,0,6
33,9,0,-17
33,10,0,-6
33,11,0,6
33,12,0,19
33,13,0,-1
33,14,0,-14
33,15,0,15
33,16,0,-19
33,17,0,9
33,18,0,16
33,19,0,4
33,20,0,-1
33,21,0,-3
33,22,0,-3
33,23,0,-7
33,24,0,9
33,25,0,21
33,26,0,-11
33,27,0,-13
33,28,0,1
33,29,0,2
33,30,0,3
33,31,0,-3
33,32,0,-3
33,33,0,126
33,34,0,-17
33,35,0,-4
33,36,0,21
33,37,0,19
33,38,0,7
33,39,0,-6
33,40,0,7
33,41,0,13
33,42,0,16
33,43,0,-12
33,44,0,-15
33,45,0,4
33,46,0,20
33,47,0,-11
33,48,0,-4
33,49,0,-5
33,50,0,-19
33,51,0,27
33,52,0,-8
33,53,0,-18
33,54,0,-17
33,55,0,-30
33,56,0,-7
33,57,0,-9
33,58,0,42
33,59,0,-8
33,60,0,17
33,61,0,-21
33,62,0,10
33,63,0,1
33,64,0,11
33,65,0,-6
33,66,0,11
33,67,0,-31
33,68,0,-10
33,69,0,-16
33,70,0,-22
33,71,0,-28
33,72,0,12
33,73,0,-4
33,74,0,24
33,75,0,-3
33,76,0,-5
33,77,0,3
33,78,0,20
33,79,0,-14
33,81,0,-4
33,82,0,14
33,84,0,-9
33,85,0,10
33,86,0,-20
33,122,0,1
34,1,0,12
34,2,0,5
34,3,0,-19
34,4,0,-17
34,5,0,-5
34,6,0,6
34,7,0,4
34,9,0,4
34,10,0,-5
34,11,0,4
34,12,0,12
34,13,0,-15
34,14,0,8
34,15,0,5
34,16,0,-8
34,17,0,-10
34,18,0,-4
34,19,0,-4
34,20,0,24
34,21,0,-4
34,22,0,13
34,23,0,25
34,24,0,-3
34,25,0,10
34,26,0,-22
34,27,0,9
34,28,0,-4
34,29,0,12
34,30,0,2
34,31,0,7
34,32,0,-10
34,33,0,-17
34,34,0,135
34,35,0,-14
34,36,0,-19
34,37,0,-2
34,38,0,-29
34,39,0,7
34,40,0,-28
34,41,0,13
34,42,0,-26
34,43,0,-4
34,44,0,22
34,45,0,5
34,46,0,3
34,47,0,9
34,48,0,6
34,49,0,24
34,50,0,21
34,51,0,-10
34,52,0,-2
34,53,0,-3
34,54,0,-8
34,55,0,21
34,56,0,-10
34,57,0,17
34,58,0,4
34,59,0,30
34,60,0,-8
34,61,0,21
34,62,0,-15
34,63,0,13
34,64,0,28
34,65,0,-8
34,66,0,-8
34,67,0,2
34,68,0,-5
34,70,0,4
34,71,0,-19
34,72,0,-6
34,73,0,-10
34,74,0,-11
34,75,0,6
34,76,0,10
34,77,0,-17
34,78,0,5
34,79,0,6
34,80,0,-14
34,81,0,-19
34,82,0,8
34,83,0,4
34,84,0,22
34,85,0,-17
34,86,0,-16
34,123,0,1
35,1,0,-1
35,2,0,-14
35,3,0,4
35,4,0,13
35,5,0,-34
35,6,0,-11
35,7,0,2
35,8,0,-8
35,9,0,20
35,10,0,15
35,11,0,-23
35,12,0,-1
35,13,0,15
35,14,0,16
35,15,0,-16
35,16,0,13
35,17,0,-4
35,18,0,11
35,19,0,-11
35,20,0,-2
35,21,0,-5
35,22,0,13
35,23,0,-10
35,24,0,-9
35,25,0,-15
35,26,0,15
35,27,0,2
35,28,0,-5
35,29,0,11
35,30,0,-6
35,31,0,9
35,32,0,-10
35,33,0,-4
35,34,0,-14
35,35,0,102
35,36,0,-27
35,37,0,12
35,38,0,-1
35,39,0,-4
35,40,0,18
35,41,0,18
35,42,0,-13
35,43,0,-1
35,44,0,3
35,45,0,-13
35,46,0,-22
35,47,0,13
35,48,0,-19
35,49,0,-16
35,50,0,-15
35,51,0,-11
35,52,0,-3
35,53,0,25
35,54,0,-19
35,55,0,-12
35,56,0,-6
35,57,0,2
35,58,0,-6
35,59,0,4
35,60,0,-5
35,61,0,-6
35,62,0,-9
35,63,0,19
35,64,0,-13
35,65,0,-7
35,66,0,-2
35,67,0,4
35,68,0,-7
35,69,0,-6
35,70,0,14
35,71,0,7
35,72,0,3
35,73,0,3
35,74,0,2
35,75,0,-13
35,76,0,-9
35,77,0,2
35,78,0,-22
35,80,0,15
35,81,0,-13
35,82,0,-12
35,84,0,-14
35,85,0,8
35,86,0,25
35,124,0,1
36,1,0,19
36,2,0,-12
36,3,0,3
36,4,0,-13
36,5,0,-7
36,6,0,5
36,7,0,-16
36,8,0,27
36,9,0,10
36,10,0,-6
36,11,0,17
36,12,0,-11
36,13,0,11
36,14,0,-6
36,15,0,-7
36,16,0,-7
36,17,0,-10
36,18,0,-21
36,19,0,1
36,20,0,-3
36,21,0,13
36,22,0,4
36,23,0,8
36,24,0,13
36,25,0,8
36,26,0,1
36,27,0,-7
36,28,0,-4
36,29,0,-12
36,30,0,1
36,31,0,-8
36,32,0,-4
36,33,0,21
36,34,0,-19
36,35,0,-27
36,36,0,123
36,37,0,25
36,38,0,-5
36,39,0,-8
36,40,0,-14
36,42,0,-1
36,43,0,9
36,44,0,-26
36,45,0,34
36,46,0,-3
36,47,0,-14
36,48,0,-12
36,49,0,5
36,50,0,4
36,51,0,21
36,52,0,4
36,53,0,3
36,54,0,-11
36,55,0,-13
36,57,0,-22
36,58,0,12
36,59,0,1
36,60,0,16
36,61,0,12
36,62,0,15
36,63,0,-26
36,64,0,-13
36,65,0,18
36,66,0,-7
36,67,0,-11
36,68,0,5
36,69,0,-3
36,70,0,-22
36,71,0,-31
36,72,0,-15
36,73,0,6
36,74,0,5
36,75,0,-11
36,76,0,-13
36,77,0,15
36,78,0,14
36,79,0,5
36,80,0,-4
36,81,0,2
36,82,0,-3
36,83,0,1
36,84,0,27
36,85,0,22
36,86,0,-42
36,125,0,1
37,1,0,-28
37,2,0,-17
37,3,0,4
37,4,0,-3
37,5,0,-10
37,6,0,-22
37,7,0,-4
37,8,0,6
37,9,0,10
37,10,0,2
37,11,0,-14
37,12,0,-4
37,13,0,-17
37,14,0,-11
37,15,0,-2
37,16,0,-7
37,17,0,-5
37,18,0,8
37,19,0,-4
37,20,0,-16
37,21,0,-15
37,22,0,-1
37,23,0,8
37,24,0,-12
37,25,0,-7
37,26,0,-10
37,27,0,12
37,28,0,-6
37,30,0,11
37,31,0,-1
37,32,0,-25
37,33,0,19
37,34,0,-2
37,35,0,12
37,36,0,25
37,37,0,123
37,38,0,10
37,39,0,5
37,40,0,-7
37,41,0,27
37,42,0,-21
37,43,0,7
37,44,0,-29
37,45,0,5
37,46,0,6
37,47,0,18
37,48,0,-41
37,50,0,18
37,51,0,2
37,52,0,19
37,53,0,21
37,54,0,-3
37,55,0,-22
37,56,0,2
37,57,0,12
37,58,0,-16
37,59,0,15
37,60,0,-20
37,61,0,6
37,62,0,23
37,63,0,7
37,64,0,6
37,65,0,-12
37,66,0,-19
37,67,0,-18
37,68,0,-22
37,70,0,-44
37,71,0,-32
37,72,0,-10
37,73,0,13
37,74,0,10
37,75,0,-13
37,76,0,12
37,77,0,-5
37,78,0,-2
37,79,0,-15
37,80,0,7
37,81,0,13
37,82,0,-3
37,83,0,17
37,84,0,16
37,85,0,16
37,86,0,-4
38,1,0,-11
38,2,0,-10
38,3,0,30
38,4,0,24
38,5,0,11
38,6,0,-15
38,7,0,27
38,8,0,12
38,9,0,26
38,10,0,-16
38,11,0,-14
38,12,0,-25
38,13,0,-12
38,14,0,-12
38,15,0,-12
38,16,0,8
38,17,0,3
38,18,0,-6
38,19,0,9
38,20,0,5
38,21,0,2
38,22,0,-9
38,23,0,4
38,24,0,12
38,25,0,12
38,26,0,4
38,27,0,7
38,28,0,18
38,29,0,7
38,30,0,-17
38,31,0,-28
38,32,0,-1
38,33,0,7
38,34,0,-29
38,35,0,-1
38,36,0,-5
38,37,0,10
38,38,0,125
38,39,0,7
38,40,0,-4
38,42,0,-4
38,43,0,-10
38,44,0,-32
38,45,0,5
38,46,0,-10
38,47,0,18
38,48,0,12
38,49,0,-16
38,51,0,-12
38,52,0,7
38,53,0,-17
38,54,0,4
38,55,0,-17
38,56,0,8
38,57,0,-12
38,58,0,-2
38,59,0,6
38,60,0,25
38,61,0,-9
38,62,0,9
38,63,0,-8
38,64,0,10
38,66,0,1
38,67,0,4
38,69,0,29
38,70,0,6
38,71,0,6
38,72,0,4
38,73,0,19
38,74,0,6
38,75,0,-14
38,76,0,18
38,77,0,-36
38,78,0,-23
38,79,0,-13
38,80,0,-1
38,81,0,22
38,82,0,8
38,83,0,-4
38,84,0,13
38,85,0,-7
38,86,0,27
39,1,0,-16
39,2,0,16
39,3,0,25
39,4,0,-6
39,5,0,17
39,6,0,-28
39,7,0,-1
39,8,0,-2
39,9,0,-5
39,10,0,3
39,11,0,-10
39,12,0,2
39,13,0,-21
39,14,0,-9
39,15,0,-15
39,16,0,-19
39,17,0,11
39,18,0,-4
39,19,0,-22
39,20,0,8
39,21,0,14
39,22,0,-6
39,23,0,14
39,24,0,-29
39,25,0,-19
39,26,0,-15
39,27,0,-12
39,28,0,-32
39,29,0,-8
39,30,0,14
39,32,0,4
39,33,0,-6
39,34,0,7
39,35,0,-4
39,36,0,-8
39,37,0,5
39,38,0,7
39,39,0,123
39,40,0,-4
39,41,0,1
39,42,0,-21
39,43,0,-2
39,44,0,-6
39,45,0,23
39,46,0,-1
39,47,0,7
39,48,0,-12
39,49,0,-10
39,50,0,-6
39,51,0,9
39,52,0,-6
39,53,0,-29
39,54,0,-4
39,55,0,-3
39,56,0,-38
39,57,0,1
39,58,0,-3
39,59,0,-10
39,60,0,-4
39,61,0,-2
39,62,0,-18
39,63,0,-16
39,64,0,-2
39,65,0,11
39,66,0,1
39,67,0,34
39,68,0,-8
39,69,0,-2
39,71,0,-9
39,72,0,13
39,73,0,-5
39,74,0,-31
39,75,0,-19
39,76,0,-3
39,77,0,13
39,78,0,-5
39,79,0,-6
39,80,0,-14
39,81,0,-13
39,82,0,-1
39,83,0,-36
39,84,0,11
39,85,0,-3
39,86,0,-5
40,1,0,-16
40,2,0,-7
40,3,0,2
40,4,0,10
40,5,0,-5
40,6,0,15
40,7,0,-8
40,8,0,22
40,9,0,-31
40,10,0,-14
40,11,0,-10
40,12,0,-9
40,13,0,5
40,14,0,-2
40,15,0,3
40,16,0,2
40,18,0,2
40,19,0,-1
40,20,0,-19
40,21,0,12
40,23,0,5
40,24,0,5
40,25,0,-5
40,26,0,5
40,27,0,-2
40,28,0,-1
40,29,0,-3
40,30,0,7
40,31,0,-14
40,32,0,2
40,33,0,7
40,34,0,-28
40,35,0,18
40,36,0,-14
40,37,0,-7
40,38,0,-4
40,39,0,-4
40,40,0,116
40,41,0,3
40,43,0,-12
40,44,0,-2
40,45,0,-14
40,46,0,-16
40,47,0,22
40,48,0,-24
40,49,0,-8
40,50,0,1
40,51,0,1
40,52,0,-12
40,53,0,8
40,54,0,-4
40,56,0,8
40,57,0,-18
40,58,0,21
40,59,0,21
40,60,0,-11
40,61,0,-3
40,62,0,-7
40,63,0,6
40,64,0,-12
40,65,0,2
40,66,0,16
40,67,0,22
40,68,0,1
40,69,0,7
40,70,0,-5
40,71,0,5
40,72,0,-7
40,73,0,7
40,74,0,18
40,75,0,11
40,76,0,-13
40,77,0,-31
40,78,0,-24
40,79,0,-1
40,80,0,-18
40,81,0,-8
40,82,0,-8
40,83,0,-18
40,84,0,-35
40,85,0,-6
40,86,0,19
41,1,0,12
41,2,0,-12
41,3,0,-13
41,4,0,-16
41,5,0,-18
41,6,0,-1
41,7,0,16
41,8,0,-5
41,9,0,9
41,10,0,4
41,11,0,-8
41,12,0,18
41,14,0,5
41,15,0,13
41,16,0,-6
41,17,0,-3
41,18,0,32
41,19,0,-24
41,20,0,-17
41,21,0,4
41,22,0,-12
41,23,0,5
41,24,0,-4
41,25,0,8
41,26,0,4
41,27,0,-6
41,28,0,6
41,29,0,6
41,31,0,-11
41,32,0,-26
41,33,0,13
41,34,0,13
41,35,0,18
41,37,0,27
41,39,0,1
41,40,0,3
41,41,0,119
41,42,0,-4
41,43,0,-18
41,44,0,8
41,45,0,4
41,46,0,23
41,47,0,41
41,48,0,-19
41,49,0,13
41,50,0,-5
41,51,0,-8
41,52,0,8
41,53,0,3
41,54,0,-7
41,55,0,8
41,56,0,-19
41,57,0,7
41,58,0,8
41,59,0,13
41,60,0,-1
41,61,0,4
41,62,0,19
41,63,0,12
41,64,0,6
41,65,0,-7
41,66,0,14
41,67,0,-16
41,68,0,19
41,69,0,10
41,70,0,10
41,71,0,-9
41,72,0,23
41,73,0,25
41,74,0,7
41,75,0,-40
41,76,0,8
41,77,0,-16
41,79,0,-10
41,80,0,-8
41,81,0,-4
41,82,0,12
41,83,0,13
41,84,0,8
41,85,0,10
41,86,0,36
42,1,0,1
42,2,0,3
42,3,0,2
42,4,0,9
42,5,0,-9
42,7,0,4
42,8,0,-3
42,9,0,-1
42,10,0,-12
42,11,0,2
42,12,0,3
42,13,0,8
42,14,0,-6
42,15,0,-21
42,16,0,-19
42,17,0,14
42,18,0,-15
42,19,0,8
42,20,0,10
42,21,0,-4
42,22,0,5
42,23,0,-4
42,24,0,12
42,25,0,16
42,26,0,22
42,27,0,-10
42,28,0,-3
42,29,0,5
42,30,0,1
42,31,0,8
42,32,0,-4
42,33,0,16
42,34,0,-26
42,35,0,-13
42,36,0,-1
42,37,0,-21
42,38,0,-4
42,39,0,-21
42,41,0,-4
42,42,0,125
42,43,0,-21
42,44,0,18
42,45,0,-12
42,47,0,-25
42,48,0,15
42,49,0,-19
42,50,0,-28
42,51,0,21
42,52,0,9
42,53,0,-9
42,54,0,14
42,55,0,-17
42,56,0,16
42,57,0,-6
42,58,0,-18
42,59,0,-12
42,60,0,9
42,61,0,12
42,62,0,-9
42,63,0,-8
42,64,0,3
42,65,0,4
42,66,0,5
42,67,0,-7
42,68,0,-15
42,69,0,12
42,70,0,14
42,71,0,14
42,72,0,-7
42,73,0,-10
42,74,0,-8
42,75,0,-16
42,76,0,14
42,77,0,-8
42,78,0,6
42,79,0,8
42,80,0,14
42,81,0,-19
42,82,0,19
42,83,0,-28
42,84,0,1
42,85,0,-15
42,86,0,-11
43,1,0,3
43,2,0,-8
43,3,0,2
43,4,0,-13
43,5,0,-1
43,6,0,20
43,7,0,-16
43,8,0,-12
43,9,0,-3
43,10,0,16
43,11,0,8
43,12,0,9
43,13,0,-48
43,14,0,1
43,15,0,21
43,16,0,25
43,17,0,-15
43,18,0,-10
43,19,0,2
43,20,0,11
43,21,0,7
43,22,0,5
43,23,0,2
43,24,0,14
43,25,0,6
43,26,0,-2
43,27,0,-8
43,28,0,7
43,30,0,10
43,31,0,-9
43,32,0,13
43,33,0,-12
43,34,0,-4
43,35,0,-1
43,36,0,9
43,37,0,7
43,38,0,-10
43,39,0,-2
43,40,0,-12
43,41,0,-18
43,42,0,-21
43,43,0,133
43,44,0,-27
43,45,0,10
43,46,0,10
43,47,0,-1
43,48,0,22
43,49,0,-3
43,50,0,4
43,51,0,-12
43,52,0,3
43,53,0,12
43,54,0,4
43,55,0,19
43,56,0,-3
43,57,0,-22
43,58,0,27
43,59,0,-11
43,60,0,-28
43,61,0,-14
43,62,0,15
43,63,0,-14
43,64,0,-10
43,65,0,28
43,66,0,-8
43,67,0,-7
43,68,0,-2
43,69,0,-6
43,70,0,-18
43,71,0,-15
43,72,0,-8
43,73,0,14
43,74,0,4
43,75,0,-8
43,76,0,7
43,77,0,-2
43,78,0,3
43,79,0,5
43,80,0,6
43,81,0,-8
43,82,0,10
43,83,0,-9
43,84,0,-35
43,85,0,18
43,86,0,4
44,1,0,10
44,2,0,15
44,3,0,-4
44,4,0,6
44,5,0,3
44,6,0,9
44,7,0,1
44,8,0,-3
44,9,0,4
44,10,0,-1
44,11,0,-9
44,12,0,-8
44,13,0,-13
44,14,0,14
44,15,0,-10
44,16,0,11
44,17,0,19
44,18,0,-6
44,19,0,37
44,20,0,-12
44,21,0,-16
44,22,0,16
44,23,0,8
44,24,0,8
44,25,0,-7
44,26,0,9
44,27,0,-1
44,28,0,-18
44,29,0,15
44,30,0,-16
44,31,0,11
44,32,0,-6
44,33,0,-15
44,34,0,22
44,35,0,3
44,36,0,-26
44,37,0,-29
44,38,0,-32
44,39,0,-6
44,40,0,-2
44,41,0,8
44,42,0,18
44,43,0,-27
44,44,0,152
44,45,0,-16
44,46,0,-3
44,47,0,19
44,48,0,14
44,49,0,1
44,51,0,3
44,52,0,7
44,53,0,7
44,54,0,-30
44,55,0,-8
44,56,0,17
44,57,0,18
44,58,0,12
44,59,0,8
44,60,0,-2
44,61,0,19
44,62,0,-22
44,63,0,18
44,64,0,-19
44,65,0,-10
44,66,0,9
44,67,0,-9
44,68,0,2
44,69,0,-11
44,70,0,12
44,71,0,-12
44,72,0,-6
44,73,0,-21
44,74,0,-35
44,75,0,-3
44,76,0,-17
44,77,0,13
44,78,0,11
44,79,0,-19
44,80,0,27
44,81,0,-16
44,82,0,-6
44,83,0,8
44,84,0,2
44,85,0,-27
44,86,0,25
45,1,0,-11
45,2,0,30
45,3,0,11
45,4,0,-10
45,5,0,10
45,6,0,15
45,7,0,-18
45,8,0,1
45,9,0,-10
45,10,0,-22
45,12,0,2
45,13,0,5
45,14,0,8
45,15,0,-11
45,16,0,17
45,17,0,-36
45,18,0,-15
45,19,0,-5
45,20,0,-10
45,21,0,19
45,22,0,2
45,23,0,1
45,24,0,-15
45,25,0,1
45,26,0,-5
45,27,0,-31
45,28,0,-12
45,29,0,-8
45,30,0,-3
45,31,0,12
45,32,0,-1
45,33,0,4
45,34,0,5
45,35,0,-13
45,36,0,34
45,37,0,5
45,38,0,5
45,39,0,23
45,40,0,-14
45,41,0,4
45,42,0,-12
45,43,0,10
45,44,0,-16
45,45,0,153
45,46,0,-20
45,47,0,2
45,48,0,-5
45,49,0,13
45,50,0,11
45,51,0,9
45,52,0,-5
45,53,0,-5
45,54,0,12
45,55,0,-7
45,56,0,-22
45,57,0,5
45,58,0,9
45,59,0,8
45,60,0,8
45,62,0,15
45,63,0,-29
45,64,0,-3
45,65,0,-7
45,66,0,-1
45,67,0,-5
45,68,0,-3
45,69,0,30
45,70,0,-9
45,71,0,-25
45,72,0,-24
45,73,0,-3
45,74,0,10
45,75,0,5
45,76,0,-7
45,77,0,17
45,78,0,16
45,79,0,7
45,80,0,-14
45,81,0,5
45,82,0,-4
45,83,0,19
45,84,0,-1
45,85,0,14
45,86,0,-22
46,1,0,-2
46,2,0,-21
46,3,0,-1
46,4,0,-20
46,5,0,9
46,6,0,-10
46,7,0,9
46,8,0,-4
46,9,0,6
46,10,0,5
46,11,0,20
46,12,0,10
46,13,0,-6
46,14,0,-15
46,15,0,30
46,16,0,8
46,17,0,16
46,18,0,39
46,19,0,-16
46,20,0,-20
46,21,0,-22
46,22,0,-20
46,23,0,-26
46,24,0,29
46,25,0,-7
46,26,0,-2
46,27,0,-24
46,28,0,-7
46,29,0,-8
46,30,0,-3
46,32,0,-14
46,33,0,20
46,34,0,3
46,35,0,-22
46,36,0,-3
46,37,0,6
46,38,0,-10
46,39,0,-1
46,40,0,-16
46,41,0,23
46,43,0,10
46,44,0,-3
46,45,0,-20
46,46,0,131
46,47,0,17
46,48,0,12
46,49,0,11
46,50,0,-15
46,51,0,18
46,52,0,-19
46,53,0,8
46,54,0,-7
46,55,0,19
46,56,0,3
46,57,0,15
46,58,0,-3
46,59,0,5
46,60,0,-16
46,61,0,-8
46,62,0,25
46,63,0,-13
46,64,0,5
46,65,0,11
46,66,0,-4
46,67,0,-23
46,68,0,26
46,69,0,-4
46,70,0,-17
46,71,0,10
46,72,0,7
46,73,0,-10
46,74,0,5
46,75,0,4
46,76,0,8
46,77,0,5
46,78,0,39
46,79,0,-9
46,80,0,-16
46,81,0,13
46,82,0,-3
46,83,0,-6
46,84,0,-5
46,85,0,-6
46,86,0,18
47,1,0,-29
47,2,0,-18
47,3,0,-23
47,4,0,-3
47,5,0,-30
47,6,0,10
47,7,0,-17
47,8,0,-7
47,9,0,-4
47,10,0,21
47,11,0,16
47,12,0,5
47,13,0,-18
47,14,0,11
47,15,0,-2
47,16,0,13
47,17,0,17
47,18,0,36
47,19,0,-1
47,20,0,-6
47,21,0,-18
47,23,0,13
47,24,0,-5
47,25,0,-1
47,26,0,-9
47,27,0,-8
47,28,0,5
47,29,0,-2
47,30,0,18
47,31,0,-5
47,32,0,9
47,33,0,-11
47,34,0,9
47,35,0,13
47,36,0,-14
47,37,0,18
47,38,0,18
47,39,0,7
47,40,0,22
47,41,0,41
47,42,0,-25
47,43,0,-1
47,44,0,19
47,45,0,2
47,46,0,17
47,47,0,146
47,48,0,-16
47,49,0,9
47,50,0,-13
47,51,0,-40
47,52,0,-15
47,53,0,30
47,54,0,-29
47,55,0,17
47,56,0,4
47,57,0,-5
47,58,0,12
47,59,0,31
47,60,0,-13
47,61,0,-1
47,62,0,-8
47,63,0,-14
47,64,0,-4
47,65,0,-16
47,66,0,23
47,67,0,7
47,68,0,-6
47,69,0,-11
47,70,0,-2
47,71,0,-11
47,72,0,-7
47,73,0,10
47,74,0,-14
47,75,0,-7
47,76,0,32
47,77,0,-20
47,79,0,-5
47,80,0,-25
47,81,0,-21
47,82,0,-15
47,83,0,10
47,84,0,11
47,85,0,-19
47,86,0,29
48,1,0,31
48,2,0,12
48,4,0,4
48,5,0,13
48,6,0,30
48,7,0,6
48,8,0,25
48,9,0,-6
48,10,0,-6
48,11,0,19
48,12,0,16
48,13,0,-2
48,14,0,-3
48,15,0,24
48,16,0,-4
48,17,0,-6
48,18,0,-8
48,19,0,8
48,20,0,6
48,22,0,-19
48,23,0,-2
48,24,0,13
48,25,0,40
48,26,0,2
48,27,0,-1
48,28,0,22
48,29,0,28
48,30,0,-6
48,31,0,-7
48,32,0,21
48,33,0,-4
48,34,0,6
48,35,0,-19
48,36,0,-12
48,37,0,-41
48,38,0,12
48,39,0,-12
48,40,0,-24
48,41,0,-19
48,42,0,15
48,43,0,22
48,44,0,14
48,45,0,-5
48,46,0,12
48,47,0,-16
48,48,0,141
48,49,0,3
48,50,0,-2
48,51,0,-1
48,52,0,6
48,53,0,-13
48,54,0,-7
48,55,0,31
48,56,0,6
48,57,0,3
48,58,0,-6
48,59,0,8
48,60,0,35
48,61,0,-19
48,62,0,-24
48,63,0,-8
48,64,0,8
48,65,0,-7
48,66,0,2
48,67,0,6
48,68,0,32
48,69,0,-14
48,70,0,12
48,71,0,24
48,72,0,4
48,73,0,-17
48,75,0,-7
48,76,0,17
48,77,0,12
48,78,0,7
48,79,0,13
48,80,0,-1
48,81,0,-26
48,82,0,7
48,83,0,-13
48,84,0,-19
48,85,0,6
48,86,0,33
49,1,0,10
49,2,0,-20
49,3,0,-21
49,4,0,-12
49,5,0,-1
49,6,0,29
49,7,0,-26
49,8,0,-12
49,9,0,27
49,10,0,15
49,11,0,11
49,12,0,-10
49,13,0,11
49,14,0,-6
49,15,0,25
49,16,0,1
49,17,0,5
49,18,0,16
49,19,0,13
49,20,0,-12
49,21,0,-41
49,22,0,45
49,23,0,-11
49,24,0,8
49,25,0,8
49,26,0,6
49,27,0,-36
49,28,0,-5
49,29,0,-7
49,30,0,-33
49,31,0,-8
49,32,0,-18
49,33,0,-5
49,34,0,24
49,35,0,-16
49,36,0,5
49,38,0,-16
49,39,0,-10
49,40,0,-8
49,41,0,13
49,42,0,-19
49,43,0,-3
49,44,0,1
49,45,0,13
49,46,0,11
49,47,0,9
49,48,0,3
49,49,0,129
49,50,0,36
49,51,0,1
49,52,0,-14
49,53,0,35
49,54,0,3
49,55,0,8
49,56,0,11
49,57,0,12
49,58,0,3
49,59,0,7
49,60,0,-3
49,61,0,4
49,62,0,34
49,63,0,-18
49,64,0,-1
49,65,0,-33
49,67,0,-31
49,68,0,-1
49,69,0,-8
49,70,0,17
49,71,0,11
49,72,0,-3
49,73,0,-10
49,74,0,10
49,75,0,21
49,76,0,-8
49,77,0,10
49,78,0,11
49,79,0,-2
49,80,0,-18
49,81,0,1
49,82,0,12
49,83,0,40
49,84,0,-9
49,85,0,17
49,86,0,8
50,1,0,1
50,2,0,10
50,3,0,9
50,4,0,-26
50,5,0,3
50,6,0,-10
50,7,0,-25
50,8,0,29
50,9,0,-18
50,10,0,-4
50,11,0,2
50,12,0,-31
50,13,0,-14
50,14,0,10
50,15,0,-3
50,16,0,-3
50,17,0,11
50,18,0,8
50,19,0,22
50,20,0,-35
50,21,0,-31
50,22,0,11
50,23,0,-12
50,24,0,6
50,25,0,3
50,26,0,-14
50,27,0,-9
50,28,0,-11
50,29,0,-21
50,30,0,-22
50,32,0,-14
50,33,0,-19
50,34,0,21
50,35,0,-15
50,36,0,4
50,37,0,18
50,39,0,-6
50,40,0,1
50,41,0,-5
50,42,0,-28
50,43,0,4
50,45,0,11
50,46,0,-15
50,47,0,-13
50,48,0,-2
50,49,0,36
50,50,0,130
50,51,0,-14
50,52,0,10
50,53,0,6
50,54,0,-8
50,55,0,-4
50,56,0,-39
50,57,0,-4
50,58,0,-15
50,59,0,7
50,60,0,-1
50,61,0,4
50,62,0,9
50,63,0,-6
50,65,0,-11
50,66,0,8
50,67,0,13
50,68,0,6
50,69,0,18
50,70,0,1
50,71,0,-10
50,72,0,19
50,73,0,-7
50,74,0,18
50,75,0,2
50,76,0,-10
50,77,0,-6
50,78,0,-10
50,79,0,1
50,80,0,16
50,81,0,8
50,82,0,-8
50,83,0,21
50,84,0,-1
50,85,0,3
50,86,0,4
51,1,0,-5
51,2,0,-11
51,3,0,22
51,4,0,18
51,5,0,9
51,6,0,-10
51,7,0,-20
51,8,0,7
51,9,0,14
51,10,0,-13
51,11,0,14
51,12,0,-13
51,13,0,21
51,14,0,-16
51,15,0,-4
51,16,0,-1
51,17,0,-30
51,18,0,-22
51,19,0,6
51,20,0,10
51,21,0,-7
51,22,0,20
51,23,0,-3
51,24,0,16
51,25,0,-14
51,26,0,-9
51,27,0,-9
51,28,0,18
51,29,0,-9
51,30,0,14
51,31,0,15
51,32,0,-3
51,33,0,27
51,34,0,-10
51,35,0,-11
51,36,0,21
51,37,0,2
51,38,0,-12
51,39,0,9
51,40,0,1
51,41,0,-8
51,42,0,21
51,43,0,-12
51,44,0,3
51,45,0,9
51,46,0,18
51,47,0,-40
51,48,0,-1
51,49,0,1
51,50,0,-14
51,51,0,130
51,52,0,-5
51,53,0,-12
51,54,0,9
51,55,0,10
51,56,0,-13
51,57,0,17
51,58,0,1
51,59,0,-5
51,60,0,-10
51,61,0,5
51,62,0,30
51,63,0,-3
51,64,0,5
51,65,0,17
51,66,0,-6
51,67,0,-14
51,68,0,-8
51,69,0,30
51,70,0,-29
51,71,0,18
51,72,0,12
51,73,0,-18
51,74,0,-15
51,75,0,-2
51,76,0,-9
51,77,0,11
51,78,0,25
51,79,0,10
51,80,0,-6
51,81,0,25
51,82,0,-7
51,83,0,-34
51,84,0,5
51,85,0,-28
51,86,0,-3
52,1,0,3
52,2,0,5
52,3,0,8
52,4,0,-7
52,5,0,-1
52,6,0,-19
52,7,0,14
52,8,0,7
52,9,0,-19
52,10,0,14
52,11,0,12
52,12,0,14
52,13,0,-30
52,14,0,4
52,15,0,-40
52,16,0,10
52,17,0,-11
52,18,0,-31
52,19,0,-10
52,20,0,-9
52,22,0,-21
52,23,0,-6
52,24,0,-9
52,25,0,-8
52,26,0,19
52,27,0,19
52,28,0,-4
52,29,0,-5
52,30,0,-25
52,31,0,-14
52,32,0,-1
52,33,0,-8
52,34,0,-2
52,35,0,-3
52,36,0,4
52,37,0,19
52,38,0,7
52,39,0,-6
52,40,0,-12
52,41,0,8
52,42,0,9
52,43,0,3
52,44,0,7
52,45,0,-5
52,46,0,-19
52,47,0,-15
52,48,0,6
52,49,0,-14
52,50,0,10
52,51,0,-5
52,52,0,124
52,53,0,-4
52,54,0,-2
52,55,0,-3
52,56,0,-6
52,57,0,-42
52,58,0,-15
52,59,0,3
52,60,0,10
52,61,0,6
52,62,0,-1
52,63,0,15
52,64,0,-3
52,65,0,-2
52,66,0,-2
52,67,0,2
52,68,0,-22
52,69,0,-18
52,70,0,-1
52,71,0,-5
52,72,0,5
52,73,0,-3
52,74,0,-2
52,75,0,-10
52,76,0,-10
52,77,0,-12
52,78,0,18
52,79,0,-23
52,80,0,6
52,81,0,13
52,82,0,-35
52,83,0,16
52,85,0,6
52,86,0,1
53,1,0,12
53,2,0,-11
53,3,0,-30
53,4,0,-34
53,5,0,-4
53,6,0,8
53,7,0,-8
53,8,0,2
53,9,0,27
53,10,0,3
53,11,0,-6
53,12,0,7
53,13,0,12
53,14,0,4
53,15,0,6
53,16,0,-1
53,17,0,-2
53,18,0,31
53,19,0,1
53,20,0,-16
53,21,0,-27
53,22,0,20
53,23,0,-6
53,24,0,17
53,25,0,-5
53,26,0,14
53,27,0,11
53,28,0,-4
53,29,0,8
53,30,0,-19
53,31,0,-12
53,32,0,1
53,33,0,-18
53,34,0,-3
53,35,0,25
53,36,0,3
53,37,0,21
53,38,0,-17
53,39,0,-29
53,40,0,8
53,41,0,3
53,42,0,-9
53,43,0,12
53,44,0,7
53,45,0,-5
53,46,0,8
53,47,0,30
53,48,0,-13
53,49,0,35
53,50,0,6
53,51,0,-12
53,52,0,-4
53,53,0,132
53,54,0,-22
53,55,0,16
53,56,0,45
53,57,0,-13
53,58,0,-17
53,59,0,6
53,60,0,-3
53,61,0,16
53,62,0,16
53,64,0,1
53,65,0,-13
53,66,0,20
53,67,0,5
53,68,0,-21
53,69,0,-11
53,71,0,1
53,72,0,-11
53,73,0,-13
53,74,0,15
53,75,0,10
53,76,0,7
53,77,0,4
53,78,0,14
53,79,0,-9
53,80,0,-6
53,81,0,18
53,82,0,-13
53,83,0,29
53,84,0,-12
53,85,0,8
53,86,0,27
54,1,0,-9
54,3,0,-9
54,4,0,24
54,5,0,11
54,6,0,-7
54,7,0,-5
54,8,0,-10
54,9,0,-3
54,10,0,3
54,11,0,-19
54,12,0,-6
54,13,0,18
54,14,0,1
54,15,0,-13
54,16,0,27
54,17,0,-17
54,18,0,-21
54,19,0,-10
54,20,0,7
54,21,0,-6
54,22,0,8
54,23,0,-6
54,24,0,-16
54,25,0,-21
54,26,0,1
54,27,0,-4
54,28,0,25
54,29,0,-3
54,30,0,20
54,31,0,16
54,32,0,7
54,33,0,-17
54,34,0,-8
54,35,0,-19
54,36,0,-11
54,37,0,-3
54,38,0,4
54,39,0,-4
54,40,0,-4
54,41,0,-7
54,42,0,14
54,43,0,4
54,44,0,-30
54,45,0,12
54,46,0,-7
54,47,0,-29
54,48,0,-7
54,49,0,3
54,50,0,-8
54,51,0,9
54,52,0,-2
54,53,0,-22
54,54,0,109
54,55,0,9
54,56,0,-6
54,57,0,14
54,58,0,-21
54,59,0,-10
54,60,0,-10
54,61,0,2
54,62,0,8
54,63,0,-19
54,64,0,-9
54,65,0,-8
54,66,0,-12
54,67,0,4
54,68,0,9
54,69,0,4
54,70,0,-14
54,71,0,5
54,72,0,-5
54,73,0,12
54,74,0,16
54,75,0,10
54,76,0,-13
54,77,0,-9
54,78,0,-8
54,79,0,7
54,80,0,19
54,81,0,1
54,82,0,14
54,83,0,10
54,84,0,4
54,85,0,9
54,86,0,-23
55,1,0,21
55,2,0,-18
55,3,0,-6
55,4,0,-10
55,5,0,16
55,6,0,4
55,7,0,1
55,8,0,-6
55,9,0,13
55,10,0,-6
55,11,0,22
55,12,0,25
55,13,0,2
55,14,0,15
55,15,0,16
55,16,0,7
55,17,0,11
55,18,0,-11
55,19,0,-32
55,20,0,-6
55,21,0,16
55,22,0,4
55,23,0,13
55,24,0,11
55,25,0,6
55,27,0,-7
55,28,0,23
55,29,0,7
55,30,0,-3
55,31,0,-12
55,32,0,20
55,33,0,-30
55,34,0,21
55,35,0,-12
55,36,0,-13
55,37,0,-22
55,38,0,-17
55,39,0,-3
55,41,0,8
55,42,0,-17
55,43,0,19
55,44,0,-8
55,45,0,-7
55,46,0,19
55,47,0,17
55,48,0,31
55,49,0,8
55,50,0,-4
55,51,0,10
55,52,0,-3
55,53,0,16
55,54,0,9
55,55,0,138
55,56,0,-5
55,57,0,9
55,58,0,19
55,59,0,4
55,60,0,-2
55,61,0,-10
55,63,0,-27
55,64,0,10
55,67,0,1
55,68,0,18
55,69,0,4
55,70,0,-2
55,71,0,26
55,72,0,-2
55,73,0,-27
55,74,0,3
55,75,0,31
55,76,0,1
55,77,0,-1
55,78,0,6
55,79,0,14
55,80,0,-19
55,81,0,-3
55,82,0,-10
55,83,0,-12
55,84,0,-16
55,85,0,22
55,86,0,7
56,1,0,-12
56,2,0,-1
56,3,0,-1
56,4,0,12
56,5,0,-6
56,6,0,24
56,7,0,5
56,8,0,-34
56,9,0,15
56,10,0,-4
56,11,0,1
56,12,0,-12
56,13,0,1
56,14,0,-16
56,15,0,14
56,16,0,2
56,17,0,-2
56,18,0,-7
56,19,0,48
56,20,0,21
56,21,0,-13
56,22,0,-5
56,23,0,17
56,24,0,8
56,25,0,-16
56,26,0,14
56,27,0,6
56,28,0,28
56,29,0,10
56,30,0,-3
56,31,0,-28
56,32,0,-6
56,33,0,-7
56,34,0,-10
56,35,0,-6
56,37,0,2
56,38,0,8
56,39,0,-38
56,40,0,8
56,41,0,-19
56,42,0,16
56,43,0,-3
56,44,0,17
56,45,0,-22
56,46,0,3
56,47,0,4
56,48,0,6
56,49,0,11
56,50,0,-39
56,51,0,-13
56,52,0,-6
56,53,0,45
56,54,0,-6
56,55,0,-5
56,56,0,148
56,57,0,11
56,58,0,-5
56,59,0,-24
56,60,0,-10
56,61,0,3
56,62,0,7
56,63,0,19
56,64,0,11
56,65,0,-10
56,66,0,-15
56,67,0,-15
56,68,0,-15
56,69,0,-15
56,70,0,16
56,71,0,1
56,72,0,-16
56,73,0,-1
56,75,0,27
56,76,0,-12
56,77,0,3
56,78,0,-4
56,79,0,-4
56,80,0,1
56,81,0,8
56,82,0,-14
56,83,0,2
56,84,0,14
56,85,0,14
56,86,0,10
57,1,0,-1
57,2,0,-20
57,3,0,-14
57,4,0,10
57,5,0,6
57,6,0,29
57,7,0,-16
57,8,0,1
57,9,0,14
57,10,0,-5
57,11,0,-30
57,12,0,-10
57,13,0,-3
57,14,0,15
57,15,0,29
57,16,0,3
57,17,0,7
57,18,0,-2
57,19,0,3
57,20,0,20
57,21,0,3
57,22,0,12
57,23,0,6
57,24,0,-24
57,26,0,8
57,28,0,1
57,29,0,25
57,30,0,-17
57,31,0,18
57,32,0,-13
57,33,0,-9
57,34,0,17
57,35,0,2
57,36,0,-22
57,37,0,12
57,38,0,-12
57,39,0,1
57,40,0,-18
57,41,0,7
57,42,0,-6
57,43,0,-22
57,44,0,18
57,45,0,5
57,46,0,15
57,47,0,-5
57,48,0,3
57,49,0,12
57,50,0,-4
57,51,0,17
57,52,0,-42
57,53,0,-13
57,54,0,14
57,55,0,9
57,56,0,11
57,57,0,139
57,58,0,-15
57,59,0,-10
57,60,0,-9
57,61,0,-4
57,62,0,-2
57,63,0,7
57,64,0,-3
57,65,0,-2
57,66,0,11
57,67,0,-25
57,68,0,17
57,69,0,13
57,70,0,29
57,71,0,12
57,72,0,2
57,73,0,-9
57,74,0,11
57,75,0,2
57,76,0,-22
57,77,0,32
57,78,0,11
57,79,0,3
57,80,0,-4
57,81,0,25
57,82,0,15
57,83,0,-7
57,84,0,10
57,85,0,18
57,86,0,16
58,1,0,9
58,2,0,20
58,4,0,-14
58,5,0,16
58,6,0,13
58,7,0,17
58,8,0,-8
58,9,0,-25
58,10,0,-4
58,11,0,12
58,12,0,-15
58,13,0,-8
58,14,0,2
58,15,0,10
58,16,0,8
58,17,0,20
58,18,0,3
58,19,0,19
58,20,0,7
58,21,0,13
58,22,0,14
58,23,0,30
58,24,0,10
58,25,0,-1
58,26,0,-13
58,27,0,-18
58,28,0,-14
58,29,0,-8
58,30,0,-23
58,31,0,-16
58,32,0,13
58,33,0,42
58,34,0,4
58,35,0,-6
58,36,0,12
58,37,0,-16
58,38,0,-2
58,39,0,-3
58,40,0,21
58,41,0,8
58,42,0,-18
58,43,0,27
58,44,0,12
58,45,0,9
58,46,0,-3
58,47,0,12
58,48,0,-6
58,49,0,3
58,50,0,-15
58,51,0,1
58,52,0,-15
58,53,0,-17
58,54,0,-21
58,55,0,19
58,56,0,-5
58,57,0,-15
58,58,0,130
58,59,0,24
58,61,0,-11
58,62,0,2
58,63,0,14
58,64,0,8
58,65,0,1
58,66,0,-7
58,67,0,-24
58,68,0,-1
58,69,0,-20
58,70,0,-8
58,71,0,-7
58,72,0,-2
58,73,0,4
58,74,0,-5
58,75,0,-1
58,76,0,-7
58,77,0,-17
58,79,0,9
58,80,0,-2
58,81,0,-35
58,82,0,7
58,83,0,6
58,84,0,-20
58,85,0,-4
58,86,0,-1
59,1,0,-16
59,2,0,5
59,3,0,-1
59,4,0,-34
59,5,0,-31
59,6,0,15
59,7,0,11
59,8,0,26
59,9,0,1
59,10,0,-6
59,11,0,-7
59,12,0,-22
59,13,0,11
59,14,0,19
59,15,0,-2
59,16,0,9
59,17,0,-10
59,18,0,1
59,19,0,14
59,20,0,-17
59,21,0,-6
59,22,0,-6
59,23,0,4
59,24,0,4
59,25,0,21
59,26,0,13
59,27,0,-10
59,28,0,-4
59,29,0,-1
59,30,0,11
59,31,0,9
59,32,0,11
59,33,0,-8
59,34,0,30
59,35,0,4
59,36,0,1
59,37,0,15
59,38,0,6
59,39,0,-10
59,40,0,21
59,41,0,13
59,42,0,-12
59,43,0,-11
59,44,0,8
59,45,0,8
59,46,0,5
59,47,0,31
59,48,0,8
59,49,0,7
59,50,0,7
59,51,0,-5
59,52,0,3
59,53,0,6
59,54,0,-10
59,55,0,4
59,56,0,-24
59,57,0,-10
59,58,0,24
59,59,0,138
59,60,0,-1
59,61,0,-11
59,62,0,-14
59,63,0,4
59,64,0,4
59,66,0,13
59,67,0,6
59,68,0,4
59,70,0,-25
59,71,0,5
59,72,0,-13
59,73,0,23
59,74,0,17
59,75,0,4
59,76,0,9
59,77,0,-11
59,78,0,11
59,79,0,16
59,80,0,4
59,81,0,-28
59,82,0,-2
59,83,0,15
59,85,0,-7
59,86,0,-3
60,1,0,40
60,2,0,17
60,3,0,-13
60,4,0,-10
60,5,0,20
60,6,0,18
60,8,0,20
60,9,0,20
60,10,0,-29
60,11,0,10
60,12,0,6
60,13,0,-6
60,14,0,22
60,15,0,-8
60,16,0,-7
60,17,0,24
60,18,0,4
60,19,0,-17
60,20,0,-8
60,21,0,18
60,22,0,-17
60,23,0,4
60,24,0,14
60,25,0,25
60,26,0,18
60,27,0,9
60,28,0,-15
60,29,0,10
60,30,0,-15
60,31,0,-11
60,32,0,17
60,33,0,17
60,34,0,-8
60,35,0,-5
60,36,0,16
60,37,0,-20
60,38,0,25
60,39,0,-4
60,40,0,-11
60,41,0,-1
60,42,0,9
60,43,0,-28
60,44,0,-2
60,45,0,8
60,46,0,-16
60,47,0,-13
60,48,0,35
60,49,0,-3
60,50,0,-1
60,51,0,-10
60,52,0,10
60,53,0,-3
60,54,0,-10
60,55,0,-2
60,56,0,-10
60,57,0,-9
60,59,0,-1
60,60,0,142
60,61,0,-18
60,62,0,-10
60,63,0,7
60,64,0,28
60,65,0,-26
60,66,0,22
60,67,0,1
60,68,0,6
60,69,0,-25
60,70,0,-3
60,71,0,-8
60,72,0,-3
60,73,0,11
60,74,0,20
60,75,0,-27
60,76,0,-12
60,77,0,-1
60,79,0,10
60,80,0,11
60,81,0,-1
60,82,0,-3
60,83,0,15
60,84,0,16
60,85,0,-19
60,86,0,27
61,1,0,-6
61,2,0,-11
61,3,0,-40
61,4,0,-3
61,5,0,1
61,7,0,-4
61,8,0,28
61,9,0,-5
61,10,0,-10
61,11,0,10
61,12,0,-9
61,13,0,21
61,14,0,1
61,15,0,1
61,16,0,5
61,17,0,9
61,18,0,-17
61,19,0,14
61,20,0,13
61,21,0,4
61,22,0,9
61,23,0,1
61,24,0,3
61,25,0,-12
61,26,0,-17
61,27,0,32
61,28,0,3
61,29,0,3
61,30,0,-13
61,31,0,13
61,32,0,-16
61,33,0,-21
61,34,0,21
61,35,0,-6
61,36,0,12
61,37,0,6
61,38,0,-9
61,39,0,-2
61,40,0,-3
61,41,0,4
61,42,0,12
61,43,0,-14
61,44,0,19
61,46,0,-8
61,47,0,-1
61,48,0,-19
61,49,0,4
61,50,0,4
61,51,0,5
61,52,0,6
61,53,0,16
61,54,0,2
61,55,0,-10
61,56,0,3
61,57,0,-4
61,58,0,-11
61,59,0,-11
61,60,0,-18
61,61,0,138
61,62,0,8
61,63,0,-5
61,64,0,2
61,65,0,17
61,66,0,12
61,67,0,-4
61,68,0,5
61,69,0,2
61,70,0,-8
61,71,0,-29
61,72,0,-19
61,73,0,8
61,74,0,-4
61,75,0,23
61,76,0,15
61,77,0,-25
61,78,0,8
61,79,0,-11
61,82,0,19
61,83,0,1
61,84,0,-17
61,85,0,8
61,86,0,-30
62,1,0,-8
62,2,0,-2
62,3,0,-8
62,4,0,-10
62,5,0,3
62,6,0,-17
62,7,0,-4
62,8,0,-20
62,9,0,34
62,10,0,20
62,12,0,2
62,13,0,-4
62,14,0,-6
62,15,0,31
62,16,0,-21
62,17,0,-25
62,18,0,31
62,19,0,-17
62,20,0,16
62,21,0,-9
62,22,0,17
62,23,0,-14
62,24,0,21
62,25,0,-14
62,26,0,-12
62,27,0,4
62,28,0,25
62,29,0,-21
62,30,0,-1
62,31,0,-20
62,32,0,-1
62,33,0,10
62,34,0,-15
62,35,0,-9
62,36,0,15
62,37,0,23
62,38,0,9
62,39,0,-18
62,40,0,-7
62,41,0,19
62,42,0,-9
62,43,0,15
62,44,0,-22
62,45,0,15
62,46,0,25
62,47,0,-8
62,48,0,-24
62,49,0,34
62,50,0,9
62,51,0,30
62,52,0,-1
62,53,0,16
62,54,0,8
62,56,0,7
62,57,0,-2
62,58,0,2
62,59,0,-14
62,60,0,-10
62,61,0,8
62,62,0,135
62,63,0,-23
62,64,0,-4
62,65,0,15
62,66,0,-5
62,67,0,-13
62,68,0,-2
62,69,0,11
62,70,0,-5
62,71,0,-17
62,72,0,15
62,73,0,12
62,74,0,20
62,75,0,-4
62,76,0,-22
62,78,0,24
62,79,0,-3
62,80,0,-3
62,81,0,36
62,82,0,-11
62,83,0,-3
62,84,0,-1
62,85,0,-9
62,86,0,-12
63,1,0,9
63,2,0,-1
63,3,0,1
63,5,0,-14
63,6,0,-3
63,7,0,40
63,8,0,-4
63,9,0,-17
63,10,0,-13
63,11,0,-32
63,12,0,-12
63,13,0,6
63,14,0,-13
63,15,0,-8
63,16,0,-9
63,17,0,1
63,18,0,4
63,19,0,18
63,20,0,4
63,21,0,-4
63,22,0,-29
63,23,0,1
63,24,0,10
63,25,0,3
63,26,0,8
63,27,0,32
63,28,0,-26
63,29,0,6
63,30,0,-20
63,31,0,-4
63,32,0,-22
63,33,0,1
63,34,0,13
63,35,0,19
63,36,0,-26
63,37,0,7
63,38,0,-8
63,39,0,-16
63,40,0,6
63,41,0,12
63,42,0,-8
63,43,0,-14
63,44,0,18
63,45,0,-29
63,46,0,-13
63,47,0,-14
63,48,0,-8
63,49,0,-18
63,50,0,-6
63,51,0,-3
63,52,0,15
63,54,0,-19
63,55,0,-27
63,56,0,19
63,57,0,7
63,58,0,14
63,59,0,4
63,60,0,7
63,61,0,-5
63,62,0,-23
63,63,0,129
63,64,0,6
63,65,0,-30
63,66,0,-20
63,67,0,-12
63,68,0,1
63,69,0,-20
63,70,0,4
63,71,0,6
63,72,0,1
63,73,0,2
63,74,0,-9
63,75,0,-8
63,76,0,9
63,77,0,-23
63,78,0,-19
63,79,0,-4
63,80,0,6
63,81,0,-9
63,82,0,7
63,83,0,-5
63,84,0,12
63,85,0,-7
63,86,0,31
64,1,0,1
64,2,0,11
64,3,0,-30
64,4,0,8
64,5,0,32
64,6,0,12
64,7,0,-2
64,8,0,7
64,9,0,1
64,10,0,-31
64,11,0,13
64,12,0,-10
64,13,0,6
64,14,0,12
64,15,0,19
64,16,0,-22
64,18,0,5
64,19,0,19
64,20,0,-2
64,21,0,11
64,22,0,14
64,23,0,34
64,24,0,18
64,25,0,20
64,26,0,-9
64,27,0,5
64,28,0,-1
64,29,0,9
64,30,0,9
64,31,0,-2
64,32,0,7
64,33,0,11
64,34,0,28
64,35,0,-13
64,36,0,-13
64,37,0,6
64,38,0,10
64,39,0,-2
64,40,0,-12
64,41,0,6
64,42,0,3
64,43,0,-10
64,44,0,-19
64,45,0,-3
64,46,0,5
64,47,0,-4
64,48,0,8
64,49,0,-1
64,51,0,5
64,52,0,-3
64,53,0,1
64,54,0,-9
64,55,0,10
64,56,0,11
64,57,0,-3
64,58,0,8
64,59,0,4
64,60,0,28
64,61,0,2
64,62,0,-4
64,63,0,6
64,64,0,124
64,65,0,-6
64,66,0,-25
64,67,0,-11
64,68,0,-29
64,69,0,-22
64,70,0,-12
64,71,0,7
64,72,0,13
64,73,0,15
64,74,0,11
64,75,0,-8
64,76,0,18
64,77,0,-28
64,78,0,12
64,79,0,20
64,80,0,-5
64,81,0,4
64,82,0,7
64,84,0,14
64,85,0,-23
64,86,0,9
65,1,0,1
65,2,0,-15
65,3,0,-12
65,4,0,9
65,5,0,-23
65,6,0,6
65,7,0,6
65,8,0,11
65,9,0,-13
65,10,0,12
65,11,0,17
65,12,0,-7
65,13,0,-8
65,14,0,-7
65,15,0,1
65,16,0,-4
65,17,0,-23
65,19,0,-21
65,20,0,15
65,21,0,45
65,22,0,8
65,23,0,-16
65,24,0,3
65,25,0,-12
65,26,0,7
65,27,0,-6
65,28,0,-12
65,29,0,-19
65,30,0,29
65,31,0,-7
65,32,0,-4
65,33,0,-6
65,34,0,-8
65,35,0,-7
65,36,0,18
65,37,0,-12
65,39,0,11
65,40,0,2
65,41,0,-7
65,42,0,4
65,43,0,28
65,44,0,-10
65,45,0,-7
65,46,0,11
65,47,0,-16
65,48,0,-7
65,49,0,-33
65,50,0,-11
65,51,0,17
65,52,0,-2
65,53,0,-13
65,54,0,-8
65,56,0,-10
65,57,0,-2
65,58,0,1
65,60,0,-26
65,61,0,17
65,62,0,15
65,63,0,-30
65,64,0,-6
65,65,0,129
65,66,0,5
65,67,0,2
65,68,0,3
65,69,0,12
65,70,0,11
65,71,0,-25
65,72,0,3
65,73,0,-1
65,74,0,-17
65,75,0,8
65,76,0,-18
65,77,0,-4
65,78,0,-6
65,79,0,3
65,80,0,-3
65,81,0,17
65,82,0,-15
65,83,0,-46
65,84,0,6
65,85,0,21
65,86,0,-30
66,1,0,17
66,2,0,1
66,3,0,-13
66,4,0,-44
66,5,0,1
66,6,0,13
66,7,0,-15
66,8,0,30
66,9,0,-1
66,10,0,-6
66,11,0,12
66,12,0,36
66,13,0,-16
66,14,0,18
66,15,0,-3
66,16,0,-14
66,18,0,29
66,19,0,-11
66,20,0,-22
66,21,0,-4
66,22,0,11
66,23,0,-23
66,24,0,-28
66,25,0,36
66,26,0,6
66,28,0,6
66,29,0,5
66,30,0,7
66,31,0,18
66,32,0,19
66,33,0,11
66,34,0,-8
66,35,0,-2
66,36,0,-7
66,37,0,-19
66,38,0,1
66,39,0,1
66,40,0,16
66,41,0,14
66,42,0,5
66,43,0,-8
66,44,0,9
66,45,0,-1
66,46,0,-4
66,47,0,23
66,48,0,2
66,50,0,8
66,51,0,-6
66,52,0,-2
66,53,0,20
66,54,0,-12
66,56,0,-15
66,57,0,11
66,58,0,-7
66,59,0,13
66,60,0,22
66,61,0,12
66,62,0,-5
66,63,0,-20
66,64,0,-25
66,65,0,5
66,66,0,140
66,67,0,20
66,68,0,29
66,69,0,12
66,70,0,12
66,71,0,4
66,72,0,2
66,73,0,-4
66,74,0,21
66,75,0,-1
66,76,0,-21
66,77,0,9
66,78,0,9
66,79,0,-5
66,80,0,-4
66,81,0,12
66,83,0,2
66,84,0,-23
66,85,0,-9
66,86,0,18
67,1,0,-5
67,2,0,26
67,3,0,13
67,4,0,-10
67,5,0,19
67,6,0,-5
67,7,0,10
67,8,0,23
67,9,0,-24
67,10,0,13
67,11,0,10
67,12,0,2
67,13,0,-8
67,14,0,-5
67,15,0,-10
67,16,0,-25
67,17,0,-17
67,18,0,-3
67,19,0,-18
67,20,0,-7
67,21,0,7
67,22,0,-1
67,23,0,-7
67,24,0,-16
67,25,0,13
67,26,0,-9
67,27,0,14
67,28,0,4
67,29,0,6
67,30,0,25
67,31,0,9
67,32,0,17
67,33,0,-31
67,34,0,2
67,35,0,4
67,36,0,-11
67,37,0,-18
67,38,0,4
67,39,0,34
67,40,0,22
67,41,0,-16
67,42,0,-7
67,43,0,-7
67,44,0,-9
67,45,0,-5
67,46,0,-23
67,47,0,7
67,48,0,6
67,49,0,-31
67,50,0,13
67,51,0,-14
67,52,0,2
67,53,0,5
67,54,0,4
67,55,0,1
67,56,0,-15
67,57,0,-25
67,58,0,-24
67,59,0,6
67,60,0,1
67,61,0,-4
67,62,0,-13
67,63,0,-12
67,64,0,-11
67,65,0,2
67,66,0,20
67,67,0,122
67,68,0,-1
67,69,0,3
67,70,0,16
67,71,0,1
67,72,0,14
67,73,0,2
67,74,0,6
67,75,0,-3
67,76,0,-2
67,77,0,-15
67,78,0,-14
67,79,0,16
67,80,0,-10
67,81,0,-4
67,83,0,-27
67,84,0,-19
67,85,0,-15
67,86,0,8
68,1,0,31
68,2,0,-11
68,3,0,14
68,5,0,10
68,6,0,3
68,7,0,12
68,8,0,16
68,9,0,1
68,10,0,-12
68,11,0,1
68,12,0,-4
68,13,0,-6
68,14,0,-8
68,15,0,37
68,16,0,21
68,17,0,5
68,18,0,18
68,19,0,-16
68,20,0,-19
68,21,0,12
68,22,0,-30
68,23,0,-35
68,24,0,13
68,25,0,10
68,26,0,8
68,28,0,19
68,29,0,17
68,30,0,12
68,31,0,14
68,32,0,-3
68,33,0,-10
68,34,0,-5
68,35,0,-7
68,36,0,5
68,37,0,-22
68,39,0,-8
68,40,0,1
68,41,0,19
68,42,0,-15
68,43,0,-2
68,44,0,2
68,45,0,-3
68,46,0,26
68,47,0,-6
68,48,0,32
68,49,0,-1
68,50,0,6
68,51,0,-8
68,52,0,-22
68,53,0,-21
68,54,0,9
68,55,0,18
68,56,0,-15
68,57,0,17
68,58,0,-1
68,59,0,4
68,60,0,6
68,61,0,5
68,62,0,-2
68,63,0,1
68,64,0,-29
68,65,0,3
68,66,0,29
68,67,0,-1
68,68,0,109
68,69,0,8
68,70,0,2
68,71,0,12
68,72,0,5
68,73,0,11
68,74,0,28
68,75,0,-10
68,76,0,-2
68,78,0,-9
68,79,0,9
68,80,0,18
68,81,0,-12
68,82,0,-3
68,83,0,2
68,84,0,-24
68,85,0,15
68,86,0,14
69,1,0,-19
69,2,0,-14
69,3,0,21
69,4,0,22
69,5,0,-1
69,6,0,-18
69,7,0,-9
69,8,0,1
69,9,0,12
69,10,0,-11
69,11,0,-16
69,12,0,-19
69,13,0,2
69,14,0,-16
69,15,0,7
69,16,0,12
69,17,0,-17
69,18,0,-18
69,20,0,-6
69,21,0,-2
69,22,0,6
69,23,0,-2
69,24,0,3
69,25,0,-4
69,26,0,-19
69,27,0,8
69,28,0,-11
69,29,0,5
69,30,0,10
69,31,0,10
69,32,0,-12
69,33,0,-16
69,35,0,-6
69,36,0,-3
69,38,0,29
69,39,0,-2
69,40,0,7
69,41,0,10
69,42,0,12
69,43,0,-6
69,44,0,-11
69,45,0,30
69,46,0,-4
69,47,0,-11
69,48,0,-14
69,49,0,-8
69,50,0,18
69,51,0,30
69,52,0,-18
69,53,0,-11
69,54,0,4
69,55,0,4
69,56,0,-15
69,57,0,13
69,58,0,-20
69,60,0,-25
69,61,0,2
69,62,0,11
69,63,0,-20
69,64,0,-22
69,65,0,12
69,66,0,12
69,67,0,3
69,68,0,8
69,69,0,133
69,70,0,12
69,71,0,-13
69,72,0,14
69,73,0,-4
69,74,0,-9
69,75,0,3
69,76,0,6
69,77,0,4
69,78,0,1
69,79,0,-10
69,80,0,-21
69,81,0,38
69,82,0,7
69,83,0,-19
69,84,0,4
69,85,0,-17
69,86,0,-2
70,1,0,25
70,2,0,2
70,3,0,-7
70,4,0,26
70,5,0,1
70,6,0,13
70,7,0,7
70,8,0,-5
70,10,0,24
70,11,0,3
70,12,0,9
70,13,0,5
70,14,0,-16
70,15,0,2
70,17,0,12
70,18,0,9
70,19,0,12
70,20,0,9
70,21,0,25
70,22,0,17
70,23,0,-5
70,24,0,-14
70,25,0,-5
70,26,0,2
70,27,0,6
70,28,0,-12
70,29,0,20
70,30,0,-29
70,31,0,-5
70,32,0,-14
70,33,0,-22
70,34,0,4
70,35,0,14
70,36,0,-22
70,37,0,-44
70,38,0,6
70,40,0,-5
70,41,0,10
70,42,0,14
70,43,0,-18
70,44,0,12
70,45,0,-9
70,46,0,-17
70,47,0,-2
70,48,0,12
70,49,0,17
70,50,0,1
70,51,0,-29
70,52,0,-1
70,54,0,-14
70,55,0,-2
70,56,0,16
70,57,0,29
70,58,0,-8
70,59,0,-25
70,60,0,-3
70,61,0,-8
70,62,0,-5
70,63,0,4
70,64,0,-12
70,65,0,11
70,66,0,12
70,67,0,16
70,68,0,2
70,69,0,12
70,70,0,153
70,71,0,17
70,72,0,22
70,73,0,-31
70,74,0,17
70,75,0,-4
70,76,0,-13
70,77,0,1
70,78,0,-16
70,79,0,22
70,80,0,-26
70,81,0,-5
70,82,0,7
70,83,0,-13
70,84,0,2
70,85,0,12
70,86,0,17
71,1,0,-8
71,2,0,2
71,3,0,9
71,4,0,16
71,5,0,9
71,6,0,-10
71,7,0,15
71,8,0,-7
71,9,0,7
71,10,0,-14
71,11,0,12
71,12,0,3
71,13,0,30
71,14,0,4
71,15,0,-9
71,16,0,7
71,17,0,22
71,18,0,14
71,19,0,12
71,20,0,-7
71,21,0,8
71,23,0,-6
71,24,0,28
71,25,0,21
71,26,0,10
71,27,0,-13
71,28,0,11
71,29,0,17
71,30,0,-31
71,31,0,-2
71,32,0,-10
71,33,0,-28
71,34,0,-19
71,35,0,7
71,36,0,-31
71,37,0,-32
71,38,0,6
71,39,0,-9
71,40,0,5
71,41,0,-9
71,42,0,14
71,43,0,-15
71,44,0,-12
71,45,0,-25
71,46,0,10
71,47,0,-11
71,48,0,24
71,49,0,11
71,50,0,-10
71,51,0,18
71,52,0,-5
71,53,0,1
71,54,0,5
71,55,0,26
71,56,0,1
71,57,0,12
71,58,0,-7
71,59,0,5
71,60,0,-8
71,61,0,-29
71,62,0,-17
71,63,0,6
71,64,0,7
71,65,0,-25
71,66,0,4
71,67,0,1
71,68,0,12
71,69,0,-13
71,70,0,17
71,71,0,158
71,72,0,-17
71,73,0,-12
71,74,0,3
71,75,0,-6
71,76,0,1
71,77,0,-1
71,78,0,16
71,79,0,9
71,80,0,-7
71,81,0,-12
71,82,0,-20
71,83,0,-1
71,84,0,-28
71,85,0,-6
71,86,0,15
72,1,0,-5
72,2,0,-5
72,3,0,8
72,4,0,-9
72,5,0,-5
72,6,0,-20
72,7,0,-1
72,8,0,-14
72,9,0,-6
72,10,0,25
72,11,0,-2
72,12,0,7
72,13,0,-1
72,14,0,4
72,15,0,22
72,16,0,-11
72,17,0,-15
72,18,0,4
72,19,0,-18
72,20,0,7
72,21,0,-17
72,22,0,-10
72,23,0,-1
72,24,0,2
72,25,0,-11
72,26,0,-13
72,27,0,10
72,28,0,7
72,29,0,-29
72,30,0,3
72,31,0,9
72,32,0,2
72,33,0,12
72,34,0,-6
72,35,0,3
72,36,0,-15
72,37,0,-10
72,38,0,4
72,39,0,13
72,40,0,-7
72,41,0,23
72,42,0,-7
72,43,0,-8
72,44,0,-6
72,45,0,-24
72,46,0,7
72,47,0,-7
72,48,0,4
72,49,0,-3
72,50,0,19
72,51,0,12
72,52,0,5
72,53,0,-11
72,54,0,-5
72,55,0,-2
72,56,0,-16
72,57,0,2
72,58,0,-2
72,59,0,-13
72,60,0,-3
72,61,0,-19
72,62,0,15
72,63,0,1
72,64,0,13
72,65,0,3
72,66,0,2
72,67,0,14
72,68,0,5
72,69,0,14
72,70,0,22
72,71,0,-17
72,72,0,121
72,73,0,12
72,74,0,10
72,75,0,-40
72,76,0,-1
72,77,0,-10
72,78,0,-7
72,79,0,13
72,80,0,-14
72,81,0,17
72,82,0,-2
72,83,0,-22
72,84,0,-4
72,85,0,-1
72,86,0,20
73,1,0,-5
73,2,0,-10
73,3,0,9
73,4,0,-1
73,5,0,-6
73,6,0,21
73,7,0,-1
73,8,0,-18
73,10,0,-19
73,11,0,-14
73,12,0,-2
73,13,0,-8
73,14,0,21
73,15,0,1
73,16,0,18
73,17,0,-19
73,18,0,-10
73,19,0,15
73,20,0,-2
73,21,0,14
73,22,0,9
73,23,0,7
73,24,0,-10
73,25,0,20
73,26,0,5
73,27,0,24
73,28,0,-2
73,29,0,3
73,30,0,10
73,31,0,-14
73,32,0,-1
73,33,0,-4
73,34,0,-10
73,35,0,3
73,36,0,6
73,37,0,13
73,38,0,19
73,39,0,-5
73,40,0,7
73,41,0,25
73,42,0,-10
73,43,0,14
73,44,0,-21
73,45,0,-3
73,46,0,-10
73,47,0,10
73,48,0,-17
73,49,0,-10
73,50,0,-7
73,51,0,-18
73,52,0,-3
73,53,0,-13
73,54,0,12
73,55,0,-27
73,56,0,-1
73,57,0,-9
73,58,0,4
73,59,0,23
73,60,0,11
73,61,0,8
73,62,0,12
73,63,0,2
73,64,0,15
73,65,0,-1
73,66,0,-4
73,67,0,2
73,68,0,11
73,69,0,-4
73,70,0,-31
73,71,0,-12
73,72,0,12
73,73,0,145
73,74,0,-1
73,75,0,-26
73,76,0,19
73,77,0,-10
73,78,0,6
73,79,0,27
73,80,0,-1
73,81,0,-20
73,82,0,9
73,83,0,2
73,84,0,-5
73,85,0,4
73,86,0,4
74,1,0,18
74,2,0,16
74,3,0,-5
74,4,0,-16
74,5,0,-2
74,6,0,14
74,7,0,31
74,8,0,14
74,9,0,-9
74,10,0,-1
74,11,0,-3
74,13,0,7
74,14,0,15
74,15,0,45
74,16,0,22
74,17,0,4
74,18,0,12
74,19,0,-3
74,20,0,-16
74,21,0,16
74,22,0,-27
74,23,0,-8
74,24,0,11
74,25,0,13
74,27,0,-6
74,28,0,34
74,29,0,9
74,30,0,5
74,31,0,-6
74,32,0,-1
74,33,0,24
74,34,0,-11
74,35,0,2
74,36,0,5
74,37,0,10
74,38,0,6
74,39,0,-31
74,40,0,18
74,41,0,7
74,42,0,-8
74,43,0,4
74,44,0,-35
74,45,0,10
74,46,0,5
74,47,0,-14
74,49,0,10
74,50,0,18
74,51,0,-15
74,52,0,-2
74,53,0,15
74,54,0,16
74,55,0,3
74,57,0,11
74,58,0,-5
74,59,0,17
74,60,0,20
74,61,0,-4
74,62,0,20
74,63,0,-9
74,64,0,11
74,65,0,-17
74,66,0,21
74,67,0,6
74,68,0,28
74,69,0,-9
74,70,0,17
74,71,0,3
74,72,0,10
74,73,0,-1
74,74,0,122
74,75,0,9
74,76,0,-30
74,77,0,-1
74,78,0,7
74,79,0,11
74,80,0,1
74,81,0,-3
74,82,0,7
74,83,0,32
74,84,0,1
74,85,0,32
74,86,0,-8
75,1,0,-10
75,2,0,-5
75,3,0,-2
75,4,0,3
75,5,0,13
75,6,0,36
75,7,0,-1
75,8,0,-12
75,9,0,-7
75,10,0,-12
75,11,0,22
75,12,0,-6
75,13,0,9
75,14,0,19
75,15,0,-3
75,16,0,-1
75,17,0,-1
75,18,0,-28
75,19,0,8
75,20,0,-12
75,21,0,-6
75,22,0,12
75,23,0,-10
75,24,0,-18
75,25,0,-3
75,27,0,6
75,28,0,17
75,29,0,12
75,30,0,-9
75,31,0,-4
75,32,0,14
75,33,0,-3
75,34,0,6
75,35,0,-13
75,36,0,-11
75,37,0,-13
75,38,0,-14
75,39,0,-19
75,40,0,11
75,41,0,-40
75,42,0,-16
75,43,0,-8
75,44,0,-3
75,45,0,5
75,46,0,4
75,47,0,-7
75,48,0,-7
75,49,0,21
75,50,0,2
75,51,0,-2
75,52,0,-10
75,53,0,10
75,54,0,10
75,55,0,31
75,56,0,27
75,57,0,2
75,58,0,-1
75,59,0,4
75,60,0,-27
75,61,0,23
75,62,0,-4
75,63,0,-8
75,64,0,-8
75,65,0,8
75,66,0,-1
75,67,0,-3
75,68,0,-10
75,69,0,3
75,70,0,-4
75,71,0,-6
75,72,0,-40
75,73,0,-26
75,74,0,9
75,75,0,141
75,76,0,-20
75,77,0,27
75,78,0,-3
75,79,0,-9
75,80,0,-30
75,81,0,11
75,82,0,-5
75,83,0,8
75,84,0,-4
75,85,0,7
75,86,0,-14
76,1,0,3
76,2,0,-7
76,3,0,-17
76,4,0,9
76,5,0,11
76,6,0,8
76,7,0,-1
76,8,0,-13
76,9,0,15
76,10,0,-6
76,11,0,11
76,12,0,-5
76,14,0,3
76,15,0,-1
76,16,0,-6
76,17,0,-2
76,18,0,1
76,19,0,-4
76,20,0,-29
76,21,0,8
76,22,0,-22
76,23,0,2
76,24,0,9
76,25,0,22
76,26,0,-7
76,27,0,-6
76,28,0,4
76,29,0,-3
76,30,0,5
76,31,0,9
76,32,0,-6
76,33,0,-5
76,34,0,10
76,35,0,-9
76,36,0,-13
76,37,0,12
76,38,0,18
76,39,0,-3
76,40,0,-13
76,41,0,8
76,42,0,14
76,43,0,7
76,44,0,-17
76,45,0,-7
76,46,0,8
76,47,0,32
76,48,0,17
76,49,0,-8
76,50,0,-10
76,51,0,-9
76,52,0,-10
76,53,0,7
76,54,0,-13
76,55,0,1
76,56,0,-12
76,57,0,-22
76,58,0,-7
76,59,0,9
76,60,0,-12
76,61,0,15
76,62,0,-22
76,63,0,9
76,64,0,18
76,65,0,-18
76,66,0,-21
76,67,0,-2
76,68,0,-2
76,69,0,6
76,70,0,-13
76,71,0,1
76,72,0,-1
76,73,0,19
76,74,0,-30
76,75,0,-20
76,76,0,138
76,77,0,-21
76,78,0,-6
76,79,0,15
76,80,0,-13
76,81,0,-4
76,82,0,16
76,83,0,2
76,84,0,-19
76,85,0,-1
76,86,0,8
77,1,0,-2
77,2,0,8
77,3,0,13
77,4,0,-23
77,5,0,-19
77,6,0,-3
77,7,0,-9
77,8,0,-28
77,9,0,25
77,10,0,10
77,11,0,13
77,12,0,26
77,13,0,5
77,14,0,26
77,15,0,-3
77,16,0,21
77,17,0,14
77,18,0,-3
77,19,0,-18
77,20,0,7
77,21,0,-13
77,22,0,-16
77,23,0,-10
77,24,0,-12
77,25,0,-2
77,26,0,19
77,27,0,-18
77,28,0,1
77,29,0,28
77,30,0,-6
77,31,0,10
77,32,0,23
77,33,0,3
77,34,0,-17
77,35,0,2
77,36,0,15
77,37,0,-5
77,38,0,-36
77,39,0,13
77,40,0,-31
77,41,0,-16
77,42,0,-8
77,43,0,-2
77,44,0,13
77,45,0,17
77,46,0,5
77,47,0,-20
77,48,0,12
77,49,0,10
77,50,0,-6
77,51,0,11
77,52,0,-12
77,53,0,4
77,54,0,-9
77,55,0,-1
77,56,0,3
77,57,0,32
77,58,0,-17
77,59,0,-11
77,60,0,-1
77,61,0,-25
77,63,0,-23
77,64,0,-28
77,65,0,-4
77,66,0,9
77,67,0,-15
77,69,0,4
77,70,0,1
77,71,0,-1
77,72,0,-10
77,73,0,-10
77,74,0,-1
77,75,0,27
77,76,0,-21
77,77,0,139
77,78,0,8
77,79,0,6
77,80,0,-5
77,81,0,5
77,82,0,-21
77,83,0,5
77,84,0,36
77,85,0,1
77,86,0,-16
78,1,0,1
78,2,0,16
78,3,0,-18
78,4,0,-22
78,5,0,3
78,6,0,7
78,7,0,-7
78,8,0,10
78,9,0,3
78,10,0,-3
78,11,0,22
78,12,0,-4
78,13,0,1
78,14,0,26
78,15,0,8
78,16,0,7
78,17,0,-15
78,18,0,2
78,19,0,19
78,20,0,-4
78,21,0,-12
78,22,0,6
78,24,0,-5
78,25,0,-3
78,26,0,-12
78,27,0,-5
78,28,0,-6
78,29,0,9
78,30,0,-2
78,31,0,-4
78,32,0,-9
78,33,0,20
78,34,0,5
78,35,0,-22
78,36,0,14
78,37,0,-2
78,38,0,-23
78,39,0,-5
78,40,0,-24
78,42,0,6
78,43,0,3
78,44,0,11
78,45,0,16
78,46,0,39
78,48,0,7
78,49,0,11
78,50,0,-10
78,51,0,25
78,52,0,18
78,53,0,14
78,54,0,-8
78,55,0,6
78,56,0,-4
78,57,0,11
78,59,0,11
78,61,0,8
78,62,0,24
78,63,0,-19
78,64,0,12
78,65,0,-6
78,66,0,9
78,67,0,-14
78,68,0,-9
78,69,0,1
78,70,0,-16
78,71,0,16
78,72,0,-7
78,73,0,6
78,74,0,7
78,75,0,-3
78,76,0,-6
78,77,0,8
78,78,0,104
78,79,0,-8
78,80,0,2
78,81,0,16
78,82,0,-6
78,83,0,17
78,84,0,-8
78,85,0,13
78,86,0,-19
79,1,0,3
79,2,0,-1
79,3,0,-8
79,4,0,14
79,5,0,-1
79,6,0,17
79,7,0,-10
79,8,0,8
79,9,0,5
79,11,0,14
79,12,0,11
79,13,0,7
79,14,0,2
79,15,0,-11
79,16,0,13
79,17,0,-15
79,18,0,11
79,19,0,-9
79,20,0,-4
79,21,0,13
79,22,0,17
79,23,0,6
79,24,0,3
79,25,0,4
79,26,0,10
79,27,0,-5
79,28,0,7
79,29,0,12
79,30,0,21
79,31,0,-5
79,32,0,25
79,33,0,-14
79,34,0,6
79,36,0,5
79,37,0,-15
79,38,0,-13
79,39,0,-6
79,40,0,-1
79,41,0,-10
79,42,0,8
79,43,0,5
79,44,0,-19
79,45,0,7
79,46,0,-9
79,47,0,-5
79,48,0,13
79,49,0,-2
79,50,0,1
79,51,0,10
79,52,0,-23
79,53,0,-9
79,54,0,7
79,55,0,14
79,56,0,-4
79,57,0,3
79,58,0,9
79,59,0,16
79,60,0,10
79,61,0,-11
79,62,0,-3
79,63,0,-4
79,64,0,20
79,65,0,3
79,66,0,-5
79,67,0,16
79,68,0,9
79,69,0,-10
79,70,0,22
79,71,0,9
79,72,0,13
79,73,0,27
79,74,0,11
79,75,0,-9
79,76,0,15
79,77,0,6
79,78,0,-8
79,79,0,116
79,80,0,-9
79,81,0,-37
79,82,0,4
79,83,0,-5
79,84,0,1
79,85,0,1
80,1,0,12
80,2,0,24
80,3,0,3
80,4,0,-2
80,5,0,-2
80,6,0,-12
80,7,0,-16
80,8,0,12
80,9,0,19
80,10,0,1
80,11,0,-10
80,12,0,-24
80,14,0,12
80,15,0,-11
80,16,0,10
80,17,0,15
80,18,0,1
80,19,0,21
80,20,0,-2
80,21,0,-8
80,22,0,2
80,23,0,-3
80,24,0,10
80,25,0,-18
80,26,0,27
80,27,0,5
80,28,0,21
80,29,0,4
80,30,0,-6
80,31,0,14
80,32,0,7
80,34,0,-14
80,35,0,15
80,36,0,-4
80,37,0,7
80,38,0,-1
80,39,0,-14
80,40,0,-18
80,41,0,-8
80,42,0,14
80,43,0,6
80,44,0,27
80,45,0,-14
80,46,0,-16
80,47,0,-25
80,48,0,-1
80,49,0,-18
80,50,0,16
80,51,0,-6
80,52,0,6
80,53,0,-6
80,54,0,19
80,55,0,-19
80,56,0,1
80,57,0,-4
80,58,0,-2
80,59,0,4
80,60,0,11
80,62,0,-3
80,63,0,6
80,64,0,-5
80,65,0,-3
80,66,0,-4
80,67,0,-10
80,68,0,18
80,69,0,-21
80,70,0,-26
80,71,0,-7
80,72,0,-14
80,73,0,-1
80,74,0,1
80,75,0,-30
80,76,0,-13
80,77,0,-5
80,78,0,2
80,79,0,-9
80,80,0,120
80,81,0,-8
80,82,0,13
80,83,0,13
80,84,0,12
80,85,0,10
80,86,0,-5
81,1,0,-10
81,2,0,-32
81,3,0,-7
81,4,0,1
81,5,0,19
81,6,0,-8
81,7,0,-4
81,8,0,2
81,9,0,18
81,10,0,-2
81,11,0,-13
81,12,0,-8
81,13,0,-2
81,14,0,11
81,15,0,9
81,16,0,-16
81,17,0,-6
81,18,0,-4
81,19,0,-12
81,20,0,-11
81,21,0,-3
81,22,0,2
81,23,0,-18
81,24,0,-3
81,25,0,-12
81,26,0,12
81,27,0,8
81,28,0,11
81,29,0,-9
81,30,0,-14
81,31,0,3
81,32,0,-10
81,33,0,-4
81,34,0,-19
81,35,0,-13
81,36,0,2
81,37,0,13
81,38,0,22
81,39,0,-13
81,40,0,-8
81,41,0,-4
81,42,0,-19
81,43,0,-8
81,44,0,-16
81,45,0,5
81,46,0,13
81,47,0,-21
81,48,0,-26
81,49,0,1
81,50,0,8
81,51,0,25
81,52,0,13
81,53,0,18
81,54,0,1
81,55,0,-3
81,56,0,8
81,57,0,25
81,58,0,-35
81,59,0,-28
81,60,0,-1
81,62,0,36
81,63,0,-9
81,64,0,4
81,65,0,17
81,66,0,12
81,67,0,-4
81,68,0,-12
81,69,0,38
81,70,0,-5
81,71,0,-12
81,72,0,17
81,73,0,-20
81,74,0,-3
81,75,0,11
81,76,0,-4
81,77,0,5
81,78,0,16
81,79,0,-37
81,80,0,-8
81,81,0,122
81,82,0,-7
81,83,0,-13
81,84,0,-1
81,85,0,-12
81,86,0,1
82,1,0,12
82,2,0,-2
82,3,0,-24
82,4,0,3
82,5,0,12
82,6,0,13
82,8,0,16
82,9,0,7
82,10,0,3
82,11,0,-24
82,12,0,2
82,13,0,32
82,14,0,-12
82,15,0,23
82,16,0,-17
82,17,0,4
82,18,0,-7
82,19,0,-1
82,20,0,15
82,21,0,-5
82,22,0,20
82,23,0,17
82,24,0,-8
82,25,0,36
82,26,0,9
82,27,0,11
82,28,0,13
82,29,0,-6
82,30,0,9
82,31,0,12
82,33,0,14
82,34,0,8
82,35,0,-12
82,36,0,-3
82,37,0,-3
82,38,0,8
82,39,0,-1
82,40,0,-8
82,41,0,12
82,42,0,19
82,43,0,10
82,44,0,-6
82,45,0,-4
82,46,0,-3
82,47,0,-15
82,48,0,7
82,49,0,12
82,50,0,-8
82,51,0,-7
82,52,0,-35
82,53,0,-13
82,54,0,14
82,55,0,-10
82,56,0,-14
82,57,0,15
82,58,0,7
82,59,0,-2
82,60,0,-3
82,61,0,19
82,62,0,-11
82,63,0,7
82,64,0,7
82,65,0,-15
82,68,0,-3
82,69,0,7
82,70,0,7
82,71,0,-20
82,72,0,-2
82,73,0,9
82,74,0,7
82,75,0,-5
82,76,0,16
82,77,0,-21
82,78,0,-6
82,79,0,4
82,80,0,13
82,81,0,-7
82,82,0,125
82,83,0,-9
82,84,0,-20
82,85,0,28
82,86,0,-7
83,1,0,1
83,2,0,23
83,3,0,-9
83,4,0,-16
83,5,0,13
83,6,0,10
83,7,0,-10
83,8,0,-13
83,9,0,17
83,10,0,-5
83,11,0,3
83,12,0,-21
83,13,0,-2
83,14,0,13
83,15,0,-3
83,16,0,27
83,17,0,-13
83,18,0,22
83,19,0,1
83,20,0,-19
83,21,0,-16
83,22,0,-20
83,23,0,-7
83,24,0,10
83,25,0,-20
83,26,0,-6
83,27,0,-34
83,28,0,9
83,29,0,-12
83,30,0,-18
83,31,0,-24
83,32,0,-16
83,34,0,4
83,36,0,1
83,37,0,17
83,38,0,-4
83,39,0,-36
83,40,0,-18
83,41,0,13
83,42,0,-28
83,43,0,-9
83,44,0,8
83,45,0,19
83,46,0,-6
83,47,0,10
83,48,0,-13
83,49,0,40
83,50,0,21
83,51,0,-34
83,52,0,16
83,53,0,29
83,54,0,10
83,55,0,-12
83,56,0,2
83,57,0,-7
83,58,0,6
83,59,0,15
83,60,0,15
83,61,0,1
83,62,0,-3
83,63,0,-5
83,65,0,-46
83,66,0,2
83,67,0,-27
83,68,0,2
83,69,0,-19
83,70,0,-13
83,71,0,-1
83,72,0,-22
83,73,0,2
83,74,0,32
83,75,0,8
83,76,0,2
83,77,0,5
83,78,0,17
83,79,0,-5
83,80,0,13
83,81,0,-13
83,82,0,-9
83,83,0,145
83,84,0,10
83,85,0,5
83,86,0,18
84,1,0,-10
84,2,0,1
84,3,0,1
84,4,0,19
84,5,0,-31
84,6,0,-28
84,7,0,14
84,8,0,-15
84,9,0,32
84,10,0,-3
84,11,0,-19
84,12,0,-7
84,13,0,-9
84,14,0,18
84,15,0,-22
84,16,0,9
84,17,0,7
84,18,0,-6
84,19,0,1
84,20,0,30
84,21,0,-6
84,22,0,-23
84,23,0,16
84,24,0,-3
84,25,0,-29
84,26,0,4
84,28,0,-13
84,29,0,-3
84,30,0,6
84,31,0,-11
84,32,0,3
84,33,0,-9
84,34,0,22
84,35,0,-14
84,36,0,27
84,37,0,16
84,38,0,13
84,39,0,11
84,40,0,-35
84,41,0,8
84,42,0,1
84,43,0,-35
84,44,0,2
84,45,0,-1
84,46,0,-5
84,47,0,11
84,48,0,-19
84,49,0,-9
84,50,0,-1
84,51,0,5
84,53,0,-12
84,54,0,4
84,55,0,-16
84,56,0,14
84,57,0,10
84,58,0,-20
84,60,0,16
84,61,0,-17
84,62,0,-1
84,63,0,12
84,64,0,14
84,65,0,6
84,66,0,-23
84,67,0,-19
84,68,0,-24
84,69,0,4
84,70,0,2
84,71,0,-28
84,72,0,-4
84,73,0,-5
84,74,0,1
84,75,0,-4
84,76,0,-19
84,77,0,36
84,78,0,-8
84,79,0,1
84,80,0,12
84,81,0,-1
84,82,0,-20
84,83,0,10
84,84,0,152
84,85,0,-10
84,86,0,-14
85,1,0,31
85,2,0,1
85,3,0,-7
85,4,0,-19
85,5,0,-23
85,6,0,29
85,7,0,27
85,8,0,-4
85,9,0,-13
85,10,0,11
85,11,0,-16
85,12,0,10
85,13,0,34
85,14,0,4
85,15,0,28
85,16,0,12
85,17,0,-22
85,18,0,-16
85,19,0,-9
85,20,0,-17
85,21,0,8
85,22,0,-13
85,23,0,-7
85,24,0,-26
85,25,0,-1
85,26,0,26
85,27,0,-7
85,28,0,-15
85,29,0,-6
85,30,0,-12
85,31,0,-4
85,32,0,-20
85,33,0,10
85,34,0,-17
85,35,0,8
85,36,0,22
85,37,0,16
85,38,0,-7
85,39,0,-3
85,40,0,-6
85,41,0,10
85,42,0,-15
85,43,0,18
85,44,0,-27
85,45,0,14
85,46,0,-6
85,47,0,-19
85,48,0,6
85,49,0,17
85,50,0,3
85,51,0,-28
85,52,0,6
85,53,0,8
85,54,0,9
85,55,0,22
85,56,0,14
85,57,0,18
85,58,0,-4
85,59,0,-7
85,60,0,-19
85,61,0,8
85,62,0,-9
85,63,0,-7
85,64,0,-23
85,65,0,21
85,66,0,-9
85,67,0,-15
85,68,0,15
85,69,0,-17
85,70,0,12
85,71,0,-6
85,72,0,-1
85,73,0,4
85,74,0,32
85,75,0,7
85,76,0,-1
85,77,0,1
85,78,0,13
85,79,0,1
85,80,0,10
85,81,0,-12
85,82,0,28
85,83,0,5
85,84,0,-10
85,85,0,148
85,86,0,-30
86,1,0,23
86,2,0,-1
86,3,0,25
86,4,0,-7
86,5,0,31
86,6,0,11
86,7,0,-3
86,8,0,10
86,9,0,33
86,10,0,-31
86,11,0,-7
86,12,0,-3
86,13,0,-26
86,14,0,1
86,15,0,-8
86,16,0,6
86,17,0,10
86,18,0,14
86,20,0,-14
86,21,0,-22
86,22,0,-3
86,23,0,-15
86,24,0,7
86,25,0,11
86,26,0,29
86,27,0,5
86,28,0,-1
86,29,0,22
86,30,0,-28
86,31,0,-15
86,32,0,-10
86,33,0,-20
86,34,0,-16
86,35,0,25
86,36,0,-42
86,37,0,-4
86,38,0,27
86,39,0,-5
86,40,0,19
86,41,0,36
86,42,0,-11
86,43,0,4
86,44,0,25
86,45,0,-22
86,46,0,18
86,47,0,29
86,48,0,33
86,49,0,8
86,50,0,4
86,51,0,-3
86,52,0,1
86,53,0,27
86,54,0,-23
86,55,0,7
86,56,0,10
86,57,0,16
86,58,0,-1
86,59,0,-3
86,60,0,27
86,61,0,-30
86,62,0,-12
86,63,0,31
86,64,0,9
86,65,0,-30
86,66,0,18
86,67,0,8
86,68,0,14
86,69,0,-2
86,70,0,17
86,71,0,15
86,72,0,20
86,73,0,4
86,74,0,-8
86,75,0,-14
86,76,0,8
86,77,0,-16
86,78,0,-19
86,80,0,-5
86,81,0,1
86,82,0,-7
86,83,0,18
86,84,0,-14
86,85,0,-30
86,86,0,142
87,1,0,-1
88,1,0,-1
89,1,0,-1
90,1,0,-1
90,90,0,3
91,2,0,-1
91,91,0,4
91,91,1,1
92,3,0,-1
92,92,0,2
93,4,0,-1
93,93,0,2
93,93,1,1
94,5,0,-1
94,94,0,4
94,94,1,-1
95,6,0,-1
95,95,0,4
95,95,1,-3
96,7,0,-1
96,96,0,1
96,96,1,-1
97,8,0,-1
97,97,0,2
98,9,0,-1
98,98,0,4
99,10,0,-1
99,99,0,2
100,11,0,-1
100,100,0,3
100,100,1,2
101,12,0,-1
101,101,0,2
102,13,0,-1
102,102,0,1
102,102,1,1
103,14,0,-1
103,103,0,4
103,103,1,2
104,15,0,-1
104,104,0,3
104,104,1,-3
105,16,0,-1
105,105,0,5
106,17,0,-1
106,106,0,3
106,106,1,1
107,18,0,-1
107,107,0,5
108,19,0,-1
108,108,0,1
108,108,1,1
109,20,0,-1
109,109,0,1
109,109,1,1
110,21,0,-1
110,110,0,1
111,22,0,-1
111,111,0,1
112,23,0,-1
112,112,0,2
113,24,0,-1
113,113,0,4
113,113,1,-3
114,25,0,-1
114,114,0,3
115,26,0,-1
115,115,0,2
115,115,1,1
116,27,0,-1
116,116,0,3
116,116,1,-1
117,28,0,-1
117,117,0,5
117,117,1,-2
118,29,0,-1
118,118,0,2
119,30,0,-1
119,119,0,3
120,31,0,-1
120,120,0,4
120,120,1,-3
121,32,0,-1
121,121,0,3
121,121,1,-2
122,33,0,-1
122,122,0,1
123,34,0,-1
123,123,0,3
123,123,1,2
124,35,0,-1
124,124,0,1
125,36,0,-1
125,125,0,4

q_data
1,0,-1080
2,0,234
3,0,512
3,1,289
4,0,-725
5,0,6
6,0,-1148
7,0,-517
8,0,-533
9,0,-408
9,1,-229
10,0,-124
11,0,98
11,1,-45
12,0,3
13,0,-777
13,1,-629
14,0,-344
15,0,-934
16,0,-785
17,0,402
18,0,-178
19,0,-724
20,0,500
21,0,158
22,0,-471
23,0,-60
24,0,-225
25,0,-898
26,0,-990
27,0,-384
28,0,-968
29,0,-882
30,0,180
30,1,-73
31,0,-147
32,0,-139
32,1,99
33,0,-135
33,1,-39
34,0,444
34,1,-3
35,0,-125
36,0,93
37,0,362
38,0,-639
39,0,1302
39,1,700
40,0,-255
41,0,-451
42,0,-362
42,1,-169
43,0,134
44,0,-255
45,0,268
46,0,-56
47,0,16
48,0,-964
48,1,-837
49,0,-695
50,0,172
51,0,-309
52,0,172
52,1,-121
53,0,-730
54,0,-249
55,0,-348
56,0,-811
57,0,-656
58,0,-97
59,0,-614
59,1,233
60,0,-322
61,0,-43
62,0,-330
63,0,-137
64,0,-222
65,0,313
66,0,-760
67,0,104
68,0,-885
69,0,-261
70,0,-970
71,0,-733
72,0,-268
73,0,-583
74,0,-1363
74,1,654
75,0,-41
76,0,-41
77,0,350
77,1,317
78,0,-435
79,0,-840
80,0,-154
81,0,108
82,0,-726
82,1,40
83,0,-13
84,0,575
85,0,-963
86,0,-660
87,0,4
88,0,4
89,0,4
90,0,-5
91,0,-15
92,0,-7
93,0,3
94,0,-8
94,1,-7
95,0,-19
96,0,1
97,0,-4
97,1,-1
98,0,-20
99,0,7
100,0,-2
100,1,-1
101,0,-8
102,0,6
103,0,-19
103,1,-15
104,0,-2
105,0,-2
106,0,-9
107,0,6
108,0,1
109,0,-5
109,1,2
110,0,-2
112,0,-4
113,0,3
114,0,1
114,1,-1
116,0,-1
117,0,-24
118,0,-7
119,0,-4
120,0,-1
121,0,6
122,0,6
122,1,-3
123,0,-14
124,0,1
124,1,1
125,0,-13

Param_Space
1,1,-1
2,1,1

Param_Space_RHS
0
1

END
